"Aou","stateroute","occ","presence","ALPHA.CODE","latitude","longitude","sp_success","sp_fail","mat.mean","elev.mean","map.mean","ndvi.mean","bio.mean.bio1","bio.mean.bio2","bio.mean.bio3","bio.mean.bio4","bio.mean.bio5","bio.mean.bio6","bio.mean.bio7","bio.mean.bio8","bio.mean.bio9","bio.mean.bio10","bio.mean.bio11","bio.mean.bio12","bio.mean.bio13","bio.mean.bio14","bio.mean.bio15","bio.mean.bio16","bio.mean.bio17","bio.mean.bio18","bio.mean.bio19","pred_glm_pr","pred_glm_occ","pred_gam_pr","pred_gam_occ","pred_rf_occ","pred_rf_pr","max_pred_pres"
4100,83017,1,1,"GFWO",28.6737143,-98.38854,15,0,212.911458333333,102.6875,54.765625,0.546528713333333,212.82641509434,135.716981132075,42.0075471698113,6421.47924528302,362.992452830189,43.2566037735849,319.735849056604,258.230188679245,140.471698113208,288.920754716981,123.6,661.252830188679,94.8830188679245,25.1018867924528,39.0188679245283,223.237735849057,102.196226415094,180.218867924528,108.28679245283,0.0363057312696823,0.0342752363396934,0.0474775332963025,0.999863738424555,1.55431223447522e-15,1.2490009027033e-16,0.524149954319
4100,83041,0.8,1,"GFWO",30.9594551,-98.7351553,12,3,183.495098039216,417.941176470588,58.8137254901961,0.568426666666667,183.660583941606,142.07299270073,40.2737226277372,7219.05474452555,350.357664233577,1.86496350364964,348.492700729927,224.605839416058,87.4890510948905,272.423357664234,86.1277372262774,705.872262773723,100.620437956204,31.3284671532847,34.0474452554745,239.956204379562,111.916058394161,183.29197080292,111.93795620438,0.191221208751874,0.170660304460533,0.299875984186722,0.799880647570556,2.27867063492064,0.146339113680154,0.722826302051544
4100,83042,0.933333333333333,1,"GFWO",30.3551169,-99.1490406,14,1,180.81862745098,569.411764705882,59.7107843137255,0.568590326666667,180.840148698885,141.438661710037,41.7732342007435,6821.40892193309,340.115241635688,5.13382899628253,334.981412639405,225.806691449814,92.9814126394052,264.066914498141,88.3345724907063,713.141263940521,96.8364312267658,31.4981412639405,36.0260223048327,239.334572490706,107.182156133829,202.728624535316,107.501858736059,0.37005651053899,0.302522927964685,0.617141433854416,0.933467920316961,3.42154255319149,0.368771929824561,0.733208537101746
4100,83043,0.733333333333333,1,"GFWO",30.9858627,-99.4476549,11,4.00000000000001,179.06862745098,558.411764705882,53.3970588235294,0.517718633333333,179.245421245421,149.96336996337,41.7765567765568,7206.48351648352,348.351648351648,-6.53479853479853,354.886446886447,222.428571428571,93.3040293040293,267.765567765568,81.6300366300366,639.271062271062,89.7655677655678,26.8315018315018,38.0989010989011,215.626373626374,90.8168498168498,185.091575091575,92.3516483516484,0.217263815507648,0.17933542280711,0.34457260781255,0.734517619719967,2.95516666666667,0.387651122625215,0.80234569311142
4100,83054,0.6,1,"GFWO",31.2869724,-99.5652708,9,6,181.460784313725,531,52.921568627451,0.48570334,181.238095238095,150.747252747253,41.5677655677656,7325.97802197802,352.373626373626,-6.18315018315018,358.556776556777,225.805860805861,93.1465201465201,271.461538461538,82.3589743589744,633.509157509157,89.8571428571429,27.0915750915751,39.1428571428571,215.985347985348,90.1098901098901,180.172161172161,91.0915750915751,0.126123571408561,0.0938419077754684,0.146596845062366,0.598291631806207,0.454288499025343,0.0276895943562613,0.769090533256531
4100,83092,0.933333333333333,1,"GFWO",33.1811653,-101.5601204,14,1,161.112745098039,864.235294117647,42.2156862745098,0.387092266666667,161.167259786477,154.245551601424,41.1316725978648,7848.02491103203,340.113879003559,-30.7615658362989,370.875444839858,242.519572953737,58.7580071174377,259.654804270463,57.3131672597865,506.569395017794,73.423487544484,14.4163701067616,53.5622775800712,201.391459074733,48.5729537366548,191.060498220641,48.7046263345196,0.19553857690905,0.131801998091239,0.156013686447565,0.933327916059896,0.700000000000002,0.069927536231884,0.756690561771393
4100,83140,0.933333333333333,1,"GFWO",30.2495701,-98.0582098,14,1,191.649122807018,311.263157894737,69.3201754385965,0.589897486666667,191.9375,127.819852941176,38.8235294117647,6917.32720588235,348.908088235294,23.6176470588235,325.290441176471,230.5,108.099264705882,276.761029411765,99.0110294117647,830.992647058824,113.952205882353,43.1654411764706,32.4301470588235,277.926470588235,151.963235294118,192.680147058824,153.595588235294,0.125191764840916,0.0870060206148715,0.0725888231187938,0.933276789655402,0.581176470588237,0.045212765957447,0.483243227005005
4100,83317,1,1,"GFWO",29.5379301,-100.0117796,15,0,192.723958333333,469.875,53.4114583333333,0.568541553333333,192.289962825279,139.182156133829,41.5910780669145,6745.27137546468,344.788104089219,14.5836431226766,330.204460966543,240.475836431227,103.219330855019,272.724907063197,99.550185873606,644.568773234201,81.6171003717472,25.6617100371747,39.5241635687732,223.360594795539,86.5762081784387,203.561338289963,86.635687732342,0.301568760126548,0.277761566275618,0.524999182750562,1,4.55395189003435,0.36751269035533,0.67768132686615
4100,83319,0.466666666666667,1,"GFWO",29.1679858,-103.6103013,7.00000000000001,7.99999999999999,197.828125,989.9375,25.375,0.20844324,197.066666666667,160.488888888889,45.9,6729.48888888889,358.692592592593,12.4407407407407,346.251851851852,266.559259259259,121.492592592593,276.977777777778,105.451851851852,305.788888888889,59.9481481481481,6.76296296296296,74.8185185185185,164.374074074074,23.1888888888889,149.166666666667,24.9444444444444,0.0736919451936608,0.025898679907264,0.831872069854553,0.466666653954744,0.29289617486339,0.0188888888888891,0.734965801239014
4100,83326,0.4,1,"GFWO",30.3038597,-99.7103499,6,9,178.740196078431,639.470588235294,53.3382352941176,0.514714406666667,178.409594095941,147.542435424354,42.5571955719557,6969.31365313653,340.808118081181,-1.92619926199262,342.734317343173,229.557195571956,92.2324723247232,263.822878228782,84.4464944649446,643.538745387454,85.9741697416974,26.2583025830258,37.5719557195572,218.682656826568,90.5239852398524,197.907749077491,91.9114391143911,0.302359906125567,0.234383604061884,0.494966289195443,0.398562547012754,3.16989247311828,0.281228070175438,0.768469631671906
4100,83368,0.933333333333333,1,"GFWO",34.6030047,-100.7371219,14,1,156.732456140351,689,43.6491228070175,0.46076526,157.501754385965,155.161403508772,38.4491228070175,8486.87368421053,353.084210526316,-44.7298245614035,397.814035087719,244.638596491228,45.4842105263158,265.277192982456,45.4842105263158,522.080701754386,86.1122807017544,12.6315789473684,54.8,214.785964912281,45.6315789473684,199.687719298246,45.6315789473684,0.194578222943973,0.194964104065334,0.219562241916377,0.933218138919016,1.32962962962963,0.102356020942408,0.830608487129211
4100,67008,0,0,"GFWO",34.1880867,-98.5401769,0,15,170.946078431373,319.705882352941,62.2794117647059,0.485504566210046,170.917857142857,142.717857142857,35.9642857142857,8627.21071428571,363.528571428571,-27.3607142857143,390.889285714286,217.560714285714,56.6785714285714,279.760714285714,56.6321428571429,749.585714285714,115.857142857143,28.2428571428571,40.6642857142857,271.453571428571,100.839285714286,201.5,100.839285714286,0.0239392353718546,0.0175948503889888,0.0115538961720003,2.22044604925031e-16,0.446031746031748,0.056554307116105,0.591776132583618
4100,67009,0,0,"GFWO",34.3044237,-98.4175119,0,15,169.37962962963,321.222222222222,64.1712962962963,0.501552777777778,169.505338078292,140.583629893238,35.7010676156584,8614.58362989324,360.637010676157,-27.7046263345196,388.341637010676,215.957295373665,55.4021352313167,278.099644128114,55.4021352313167,770.281138790036,121.622775800712,28.6903914590747,41.1494661921708,281.302491103203,102.241992882562,208.096085409253,102.241992882562,0.0291476077987197,0.0217103736336705,0.0159439128709775,2.22044604925031e-16,0.0795454545454566,0.0303703703703707,0.575860321521759
4100,67010,0,0,"GFWO",34.9151007,-99.7137839,0,15,159.535087719298,532.052631578947,50.8114035087719,0.462823943661972,159.524647887324,150.612676056338,37.0070422535211,8792.1514084507,358.267605633803,-43.9084507042254,402.176056338028,218.764084507042,43.9049295774648,271.035211267606,43.9049295774648,611.665492957746,104.077464788732,15.5387323943662,51.7112676056338,242.281690140845,59.9471830985916,195.781690140845,59.9471830985916,0.071255790686522,0.0649534319449745,0.0511262528741181,2.22044604925031e-16,2.23315789473684,0.219918699186992,0.736666321754456
4100,67018,0,0,"GFWO",35.0432357,-98.1282339,0,15,159.882352941176,392.823529411765,67.3823529411765,0.590803652968036,159.480836236934,136.240418118467,34.8292682926829,8684.10452961672,349.299651567944,-37.0522648083624,386.351916376307,207.006968641115,43.5609756097561,268.306620209059,43.5609756097561,803.857142857143,130.128919860627,27.1045296167247,43.7909407665505,299.940766550523,97.0243902439024,224.850174216028,97.0243902439024,0.139493240664633,0.134945816064218,0.0614696559111727,8.85900883327954e-10,3.11539961013645,0.164794007490637,0.649902820587158
4100,67019,0,0,"GFWO",35.8994217,-98.6006019,0,15,149.666666666667,490.789473684211,59.8640350877193,0.500831481481481,149.451388888889,137.732638888889,34.1041666666667,9094.88194444445,349.027777777778,-49.9340277777778,398.961805555556,204.371527777778,29.9895833333333,265.15625,29.9895833333333,716.024305555556,116.795138888889,19.3541666666667,47.03125,278.350694444444,72.6805555555556,227.0625,72.6805555555556,0.0689942863078507,0.0625030230583179,0.0481446720119892,2.22044604925031e-16,0.91750936329588,0.0758426966292134,0.547166764736176
4100,67021,0,0,"GFWO",35.2628247,-99.8852919,0,15,151.785087719298,645.526315789474,49.8201754385965,0.491521596244132,152.19723183391,150.335640138408,36.9480968858132,8750.28027681661,350.958477508651,-50.2387543252595,401.19723183391,210.57785467128,37.0449826989619,263.207612456747,37.0449826989619,600.982698961938,101.59169550173,13.3044982698962,53.2318339100346,241.086505190311,53.5190311418685,199.356401384083,53.5190311418685,0.188717690917243,0.187564469406284,0.210286548685592,3.90744091136233e-08,4.38626262626262,0.362113402061855,0.785139441490173
4100,67055,0,0,"GFWO",34.8702507,-98.9547729,0,15,158.710784313725,458,54.9656862745098,0.485175342465753,158.646853146853,138.706293706294,34.5664335664336,8934.82517482518,353.989510489511,-41.5384615384615,395.527972027972,238.699300699301,41.3916083916084,271.797202797203,40.7937062937063,657.405594405594,103.188811188811,24.5664335664336,40.3181818181818,234.272727272727,86.2097902097902,189.902097902098,86.2237762237762,0.0575867618464535,0.0545596049812118,0.0377906965710428,0.000267610452273005,0.820538720538722,0.0703900709219858,0.537838995456696
4100,67056,0,0,"GFWO",34.9870807,-99.9762579,0,15,157.648148148148,588.611111111111,49.0324074074074,0.477031924882629,157.968421052632,152.543859649123,37.5719298245614,8688.14035087719,356.385964912281,-44.8491228070175,401.235087719298,220.571929824561,43.6385964912281,268.298245614035,43.6385964912281,585.284210526316,98.1263157894737,13.6,53.1263157894737,234.512280701754,53.1824561403509,194.294736842105,53.1824561403509,0.126041061302052,0.124365416736411,0.119652708770321,5.42957117133938e-08,2.60766666666667,0.225246548323471,0.795768141746521
4100,67061,0,0,"GFWO",35.3485437,-98.3945919,0,15,154.926470588235,449.470588235294,63.1372549019608,0.537862962962963,155.017482517483,136.15034965035,34.472027972028,8848.67482517482,348.520979020979,-41.013986013986,389.534965034965,203.164335664336,38.2832167832168,266.835664335664,38.2832167832168,757.975524475524,123.863636363636,24.0384615384615,45.7902097902098,288.314685314685,85.6608391608392,224.786713286713,85.6608391608392,0.0928753448775314,0.0839348928569136,0.113994964029279,2.22044604925031e-16,0.520634920634922,0.047631133671743,0.568239510059357
4100,67062,0,0,"GFWO",35.5805137,-99.0221019,0,15,152.384259259259,528.777777777778,58.1712962962963,0.448296759259259,152.319727891156,139.914965986395,34.6394557823129,8979.6156462585,351.380952380952,-46.7823129251701,398.163265306122,206.591836734694,34.1734693877551,266.52380952381,34.1734693877551,697.017006802721,115.785714285714,19.0986394557823,48.0952380952381,268.972789115646,70.9659863945578,220.65306122449,70.9659863945578,0.0418870010715935,0.0307346049416549,0.0217871635549305,2.22044604925031e-16,1.56216216216216,0.145996275605214,0.520377278327942
4100,67161,0,0,"GFWO",35.3630177,-98.3946159,0,15,154.926470588235,449.470588235294,63.1372549019608,0.539269907407407,154.936842105263,136.087719298246,34.459649122807,8850.61052631579,348.463157894737,-41.0385964912281,389.501754385965,203.077192982456,38.1929824561403,266.79298245614,38.1929824561403,757.961403508772,123.849122807018,23.9824561403509,45.8280701754386,288.435087719298,85.5122807017544,224.989473684211,85.5122807017544,0.0947272829404634,0.0861118605531329,0.118529912670395,2.22044604925031e-16,0.782924836601309,0.0491712707182322,0.569305777549744
4100,83001,0,0,"GFWO",26.1912547,-97.3519969,0,15,228.301282051282,7.53846153846154,56.9679487179487,0.478662726666667,228.538461538462,92.1428571428571,38.7527472527473,4951.83516483516,333.983516483516,99.4285714285714,234.554945054945,267.516483516484,191.467032967033,285.478021978022,159.208791208791,681.225274725275,146.93956043956,20.521978021978,55.1868131868132,280.741758241758,95.6703296703297,174.274725274725,114.923076923077,0.00809036188323073,0.00520706965973882,0.00372159250949644,2.22044604925031e-16,1.55431223447522e-15,0.0141176470588237,0.0576531775295734
4100,83002,0,0,"GFWO",26.8901748,-98.135998,0,15,225.794117647059,41.4705882352941,51.7401960784314,0.528640806666667,225.812260536398,121.639846743295,42.6360153256705,5595.55172413793,358.329501915709,76.6896551724138,281.639846743295,267.325670498084,162.850574712644,290.835249042146,147.27969348659,619.038314176245,114.153256704981,18.3754789272031,50.9386973180077,239.60153256705,86.9310344827586,180.743295019157,97.7662835249042,0.0247859876786351,0.0229317644710959,0.0256092909278316,2.22044604925031e-16,0.234234234234236,0.00744680851063841,0.280099183320999
4100,83003,0,0,"GFWO",26.9019917,-98.6026759,0,15,224.453703703704,128.277777777778,47.8194444444444,0.478630806666667,224.212121212121,130.068181818182,43.5643939393939,5805.77651515152,363.909090909091,68.4166666666667,295.492424242424,266.625,159.223484848485,291.397727272727,142.382575757576,573.496212121212,108.075757575758,18.1022727272727,51.9810606060606,220.814393939394,79.5643939393939,164.439393939394,88.0606060606061,0.0208183430721103,0.0169271699506469,0.0141482428682592,2.22044604925031e-16,0.0234375000000031,1.38777878078145e-16,0.346645444631577
4100,83004,0,0,"GFWO",26.9073677,-99.2716219,0,15,228.949074074074,126.944444444444,43.162037037037,0.42389948,228.962406015038,132.15037593985,42.5225563909774,6161.83834586466,373.921052631579,66.8458646616541,307.075187969925,273.984962406015,159.977443609023,300.345864661654,142.661654135338,515.654135338346,109.368421052632,14.890977443609,59.9473684210526,211.977443609023,60.5789473684211,143.962406015038,68.3195488721804,0.0104898973172942,0.00783677591950061,0.00498541640809305,2.22044604925031e-16,0.104790419161679,0.0159574468085109,0.321142464876175
4100,83005,0,0,"GFWO",27.5323198,-97.9466526,0,15,222.897058823529,38.8235294117647,56.3088235294118,0.554991046666667,222.92803030303,118.981060606061,41.7045454545455,5718.30681818182,354.996212121212,73.2689393939394,281.727272727273,266.424242424242,157.981060606061,290.439393939394,143.734848484848,677.234848484848,121.003787878788,22.9772727272727,47.9128787878788,263.246212121212,100.102272727273,196.659090909091,107.375,0.031128474891155,0.0277151827446514,0.0400546591534157,1.81191311820157e-05,0.951591760299625,0.0944139194139194,0.275259971618652
4100,83006,0,0,"GFWO",27.6881977,-97.4706489,0,15,221.567708333333,11.75,64.1302083333333,0.51697182,221.467811158798,101.643776824034,38.1587982832618,5611.77253218884,341.31330472103,78.7596566523605,262.55364806867,265.957081545064,158.339055793991,287.128755364807,143.463519313305,767.442060085837,138.725321888412,26.8068669527897,46.5021459227468,304.19313304721,118.523605150215,213.587982832618,127.407725321888,0.011401038386837,0.00706893210454904,0.00702284562872262,2.22044604925031e-16,0.196531791907517,0.0195495495495498,0.106189519166946
4100,83007,0,0,"GFWO",27.0738442,-98.8220264,0,15,222.692708333333,175.5625,45.7864583333333,0.45486212,223.079545454545,132.712121212121,43.5492424242424,5961.67045454545,365.333333333333,63.4166666666667,301.916666666667,266.659090909091,156.231060606061,292.083333333333,139.125,550.306818181818,105.996212121212,17.6098484848485,52.8106060606061,212.625,74.7954545454545,154.94696969697,82.1022727272727,0.0198575103927763,0.0152109670470488,0.012703495117413,2.22044604925031e-16,1.55431223447522e-15,2.77555756156289e-16,0.364598780870438
4100,83008,0,0,"GFWO",27.3221067,-98.9698489,0,15,222.642156862745,190,44.343137254902,0.453195693333333,222.737642585551,134.54752851711,43.4106463878327,6102.92015209125,367.212927756654,60.106463878327,307.106463878327,267.58174904943,154.437262357414,293.593155893536,136.996197718631,532.022813688213,101.144486692015,17.254752851711,52.3269961977186,205.159695817491,71.4372623574145,146.714828897338,77.9961977186312,0.0219572979350361,0.0174305462142633,0.0146046087870009,2.22044604925031e-16,1.55431223447522e-15,1.52655665885959e-16,0.391970157623291
4100,83009,0,0,"GFWO",27.9766671,-99.2664374,0,15,221.421875,153.8125,44.4166666666667,0.48092388,221.800766283525,138.95785440613,43.0114942528736,6451.01149425287,374.505747126437,55.4827586206897,319.022988505747,268.318007662835,151.268199233716,299.080459770115,132.988505747126,529.704980842912,88.0689655172414,21.4022988505747,46.7394636015326,201.590038314176,72.823754789272,146.04214559387,75.4291187739464,0.0270284237964273,0.0251795789777155,0.0201650583273862,4.21829251192256e-05,0.0786516853932613,0.00497512437810943,0.493712544441223
4100,83010,0,0,"GFWO",27.1762967,-99.1983419,0,15,227.328431372549,159.941176470588,42.5980392156863,0.4276215,227.509505703422,133.67680608365,42.893536121673,6160.85931558935,372.558935361217,64.2281368821293,308.330798479087,273.171102661597,158.813688212928,298.939163498099,141.133079847909,509.977186311787,104.186311787072,14.9125475285171,56.9619771863118,206.391634980989,62.5665399239544,136.885931558935,70.8365019011407,0.0136039057485234,0.0102659917309137,0.00727689291715328,2.22044604925031e-16,0.206134969325156,0.0365168539325845,0.349173456430435
4100,83012,0,0,"GFWO",28.7791687,-96.6048649,0,15,210.62037037037,16.4444444444444,85.9907407407407,0.611088106666667,210.909090909091,104.505928853755,37.5256916996047,6013.7233201581,338.197628458498,63.6324110671937,274.565217391304,260.067193675889,156.774703557312,283.075098814229,128.442687747036,1030.2371541502,148.138339920949,49.1541501976285,32.5454545454545,334.142292490119,175.505928853755,278.446640316206,192.249011857708,0.0249033624072802,0.0113082896677442,0.00173963085913476,2.27142165093588e-06,1.07359550561798,0.0444128787878789,0.180873766541481
4100,83014,0,0,"GFWO",28.7836187,-97.2207629,0,15,211.666666666667,55.5294117647059,73.9558823529412,0.663579406666667,212.14606741573,119.865168539326,40.4531835205993,6010.77902621723,349.325842696629,56.7902621722846,292.535580524345,256.119850187266,143.561797752809,283.876404494382,129.280898876405,889.47191011236,127.943820224719,40.8539325842697,34.438202247191,296.112359550562,147.831460674157,236.310861423221,157.329588014981,0.0983673209962356,0.07854108302243,0.000265109393737299,2.22044604925031e-16,1.00381426202322,0.0904255319148936,0.438965082168579
4100,83015,0,0,"GFWO",28.9215455,-97.9666688,0,15,209.519607843137,116.294117647059,61.6617647058824,0.573166673333333,209.509293680297,131.267657992565,41.275092936803,6346.45353159851,357.873605947955,43.635687732342,314.237918215613,252.055762081784,137.810408921933,285.275092936803,121.836431226766,741.903345724907,106.35687732342,31.1040892193309,35.3568773234201,241.996282527881,125.457249070632,190.078066914498,133.089219330855,0.0476537113221843,0.0401288547859313,0.0436596883453547,2.22044604925031e-16,1.68876404494382,0.1459375,0.489419877529144
4100,83016,0,0,"GFWO",28.2807187,-98.3175579,0,15,215.838888888889,90.8666666666667,54.15,0.531513726666667,215.867424242424,133.704545454545,42.219696969697,6266.10227272727,363.272727272727,49.9810606060606,313.291666666667,263.363636363636,145.136363636364,289.859848484848,128.583333333333,648.30303030303,100.393939393939,24.1666666666667,42.0492424242424,228.863636363636,98.4166666666667,178.875,103.375,0.0286310779459493,0.0260225003582154,0.030454275594728,2.78417448950166e-09,0.63838383838384,0.0513645224171542,0.464907467365265
4100,83018,0,0,"GFWO",28.1788677,-99.7785729,0,15,221.014705882353,196.176470588235,44.4362745098039,0.42812188,221.164794007491,136.2734082397,42.2134831460674,6530.06367041199,374.988764044944,55.7303370786517,319.258426966292,268.573033707865,148.303370786517,300.003745318352,132,532.89138576779,85.3520599250936,20.3932584269663,48.250936329588,202.397003745318,70.9213483146067,148.543071161049,72.434456928839,0.0149096864900636,0.0108722838472216,0.00795213376209499,2.22044604925031e-16,1.55431223447522e-15,-5.55111512312578e-17,0.392208129167557
4100,83019,0,0,"GFWO",28.9477668,-99.8539016,0,15,209.494791666667,238.9375,47.4479166666667,0.5357902,210.393258426966,135.355805243446,41.2059925093633,6646.52434456929,361.288389513109,37.3295880149813,323.958801498127,253.501872659176,131.580524344569,289.149812734082,118.441947565543,567.168539325843,79.0299625468165,22.7977528089888,42.5955056179775,199.213483146067,77.2209737827715,166.14606741573,78.4606741573034,0.0831236462354971,0.0872005356340141,0.139608740293546,2.22044604925031e-16,1.44126126126126,0.117216117216117,0.520420789718628
4100,83024,0,0,"GFWO",29.0185167,-96.9354075,0,15,208.666666666667,45.5294117647059,79.4852941176471,0.68154726,208.679245283019,117.294339622642,39.3433962264151,6178.24905660377,347.932075471698,53.7433962264151,294.188679245283,253.015094339623,138.316981132075,283.116981132075,124.067924528302,953.245283018868,127.652830188679,48.9924528301887,30.8264150943396,306.743396226415,167.211320754717,248.241509433962,175.901886792453,0.100999414769478,0.0754771372716044,6.97074023728898e-05,2.22044604925031e-16,0.896869244935544,0.0154696132596687,0.427134901285172
4100,83028,0,0,"GFWO",29.8739777,-98.6494589,0,15,190.598958333333,421.75,68.0729166666667,0.590500953333333,190.081180811808,131.232472324723,40.6974169741697,6612.13284132841,342.863468634686,24.5535055350554,318.309963099631,227.749077490775,104.084870848708,270.623616236162,100.977859778598,816.309963099631,106.852398523985,41.8339483394834,31.5940959409594,267.708487084871,141.025830258303,209.785977859779,141.184501845018,0.227458650304316,0.155782180556034,0.17721477501258,4.17467881396581e-05,5.49649572649571,0.375859106529209,0.560742855072021
4100,83029,0,0,"GFWO",29.2751357,-97.9801349,0,15,205.802083333333,141.9375,64.1458333333333,0.60760386,205.817164179104,129.305970149254,40.4626865671642,6491.10447761194,356.470149253731,40.8619402985075,315.608208955224,242.929104477612,132.600746268657,284.261194029851,117.201492537313,767.876865671642,103.794776119403,36.5858208955224,32.9626865671642,250.432835820896,137.869402985075,184.167910447761,143.910447761194,0.0843351364578866,0.0757495592275477,0.0129819563273113,2.22044604925031e-16,0.491938405797103,0.0394538606403015,0.515425264835358
4100,83030,0,0,"GFWO",29.3597192,-99.1420313,0,15,203.348958333333,298.375,56.3072916666667,0.60253624,203.297397769517,131.579925650558,41.1263940520446,6508.46840148699,352.981412639405,36.8810408921933,316.100371747212,242.312267657993,126.42750929368,280.966542750929,114.14126394052,674.907063197026,93.3382899628253,32.9182156133829,36.7881040892193,233.111524163569,110.115241635688,184.453531598513,111.758364312268,0.215946238201358,0.214343037032212,0.0838555288280123,2.22044604925031e-16,1.67573529411765,0.118489583333333,0.570183396339417
4100,83031,0,0,"GFWO",29.5611028,-99.5393332,0,15,193.927083333333,452,56.0416666666667,0.605661693333333,193.69741697417,134.678966789668,41.1808118081181,6645.54612546125,344.560885608856,21.2841328413284,323.276752767528,239.180811808118,109.845018450184,273.051660516605,102.634686346863,673.0036900369,88.1660516605166,30.4059040590406,36.8782287822878,229.771217712177,100.535055350554,200.738007380074,101.19926199262,0.402568222028776,0.38846830993725,0.201903544717086,2.22044604925031e-16,3.74078947368421,0.274273504273504,0.655892729759216
4100,83055,0,0,"GFWO",31.5020577,-99.1642919,0,15,181.677083333333,463.0625,56.1302083333333,0.51157892,181.992805755396,145.345323741007,40.3129496402878,7433.61510791367,352.672661870504,-3.64028776978417,356.312949640288,224.669064748201,90.5611510791367,273.564748201439,81.6942446043166,672.428057553957,94.2446043165468,30.794964028777,35.9892086330935,232.323741007194,102.276978417266,183.363309352518,102.946043165468,0.116389520656624,0.09034092895248,0.144380543280069,2.22044604925031e-16,0.85784789644013,0.09075,0.699966609477997
4100,83065,0,0,"GFWO",32.9898499,-98.389974,0,15,177.083333333333,345.176470588235,64.2892156862745,0.571855073333333,177.028776978417,140.305755395683,37.3237410071942,8053.35251798561,355.859712230216,-15.4424460431655,371.302158273381,221.208633093525,69.2446043165468,277.81654676259,69.1546762589928,773.057553956835,110.910071942446,35.2374100719424,34.8561151079137,267.438848920863,116.485611510791,194.107913669065,116.485611510791,0.108707647412252,0.0936784731636115,0.119975593584812,9.43372036796805e-12,1.47771317829457,0.0774957698815567,0.685765445232391
4100,83066,0,0,"GFWO",32.2195028,-99.2729117,0,15,176.794117647059,527.764705882353,57.0833333333333,0.53878168,176.735507246377,137.775362318841,38.3659420289855,7648.1231884058,347.496376811594,-6.84782608695652,354.344202898551,220.340579710145,74.1630434782609,271.565217391304,73.9311594202899,683.826086956522,91.6739130434783,29.3913043478261,36.8514492753623,235.590579710145,99.3695652173913,191.891304347826,99.3695652173913,0.218469148260551,0.181784275642398,0.406659577636328,3.23865875856997e-05,1.82433537832311,0.216302367941712,0.611236393451691
4100,83067,0,0,"GFWO",32.8297577,-99.1330879,0,15,176.430555555556,420.166666666667,57.9212962962963,0.510365193333333,176.55,142.567857142857,38.1214285714286,8015.49642857143,354.789285714286,-14.4321428571429,369.221428571429,221.742857142857,71.6821428571429,276.25,68.8821428571429,693.45,94.8821428571429,30.1285714285714,36.8892857142857,236.992857142857,101.060714285714,186.978571428571,101.196428571429,0.0795191377975238,0.0638376424498433,0.0787632976309624,2.22044604925031e-16,0.419722222222225,0.0306179775280901,0.640445530414581
4100,83076,0,0,"GFWO",33.3624717,-98.9245219,0,15,175.274509803922,376.705882352941,59.328431372549,0.51252676,175.346570397112,144.465703971119,37.2346570397112,8262.39711191336,360.018050541516,-21.6787003610108,381.696750902527,220.646209386282,70.7400722021661,278.801444043321,64.4909747292419,712.386281588448,104.693140794224,27.0613718411552,41.2057761732852,249.126353790614,98.129963898917,186.364620938628,98.4837545126354,0.059940979256087,0.0486478528522221,0.0523760731025682,2.22044604925031e-16,0.552736318407962,0.0414893617021278,0.672604978084564
4100,83077,0,0,"GFWO",33.6772857,-98.2913439,0,15,175.625,306.055555555556,64.2314814814815,0.55487714,175.555160142349,140.106761565836,36.3594306049822,8295.69395017794,360.622775800712,-19.3665480427046,379.989323843416,220.188612099644,64.7580071174377,279.779359430605,64.7580071174377,769.829181494662,114.708185053381,30.7153024911032,38.5409252669039,270.035587188612,111.213523131673,193.138790035587,111.213523131673,0.0663559252634275,0.0573159228130538,0.0838112641247584,2.22044604925031e-16,1.7937962962963,0.165833333333333,0.64810037612915
4100,83078,0,0,"GFWO",33.9054886,-99.1899265,0,15,170.656862745098,372.176470588235,55.9362745098039,0.47381286,171.056338028169,147.573943661972,36.830985915493,8627.65492957746,363.725352112676,-31.6091549295775,395.334507042254,218.672535211268,62.1514084507042,279.915492957746,56.2359154929577,672.06338028169,100.612676056338,23.8732394366197,43.1478873239437,237.616197183099,85.7605633802817,187.542253521127,85.9295774647887,0.0329042631127007,0.0274172556177833,0.018083494502278,3.64863363509815e-05,0.0415384615384633,0.0166666666666669,0.673207104206085
4100,83079,0,0,"GFWO",33.3930667,-99.6677319,0,15,175.359375,453.375,53.65625,0.430625706666667,175.158844765343,149.660649819495,38.4945848375451,8248.95306859206,362.570397111913,-21.898916967509,384.469314079422,227.28880866426,75.913357400722,278.84476534296,65.3574007220217,644.090252707581,93.5920577617328,22.5920577617329,43.6931407942238,222.992779783394,81.4043321299639,188.678700361011,82.1263537906137,0.0310187728384135,0.0208715323148169,0.0164921253808454,2.22044604925031e-16,0.854786324786327,0.0685934489402698,0.666153907775879
4100,83080,0,0,"GFWO",28.4898387,-100.0861959,0,15,218.192708333333,213.125,44.1145833333333,0.435050253333333,218.344696969697,134.128787878788,41.3636363636364,6619.01136363636,370.57196969697,49.905303030303,320.666666666667,265.17803030303,138.166666666667,297.462121212121,127.348484848485,528.712121212121,82.2234848484848,18.2954545454545,49.9128787878788,199.340909090909,64.4659090909091,155.094696969697,67.0643939393939,0.0179663767036903,0.013793871954987,0.0102764039996003,2.22044604925031e-16,1.55431223447522e-15,-4.16333634234434e-17,0.369146883487701
4100,83081,0,0,"GFWO",29.9214837,-101.2407759,0,15,198.34649122807,527.736842105263,36.1359649122807,0.35668922,199.175182481752,142.70802919708,41.5912408759124,7090.79197080292,353.514598540146,14.1277372262774,339.386861313869,249.952554744526,111.543795620438,284.102189781022,102.368613138686,431.624087591241,77.1058394160584,11.8759124087591,52.1496350364963,178.244525547445,45.3102189781022,131.613138686131,49.5766423357664,0.0347158961793779,0.023299387508452,0.0045452843280702,2.22044604925031e-16,0.256906077348069,0.0221088435374152,0.466565787792206
4100,83082,0,0,"GFWO",29.1904253,-103.0065204,0,15,198.739583333333,951.5,25.1354166666667,0.249362786666667,197.088888888889,152.188888888889,45.8740740740741,6449.71111111111,348.577777777778,19.3222222222222,329.255555555556,267.207407407407,126.755555555556,273.011111111111,108.496296296296,309.992592592593,52.7148148148148,7.33333333333333,63.5296296296296,144.351851851852,27.9777777777778,137.42962962963,30.6296296296296,0.107270120347063,0.0460267072111207,0.0950454970402393,2.22044604925031e-16,2.69530988274707,0.389851024208565,0.603916347026825
4100,83083,0,0,"GFWO",29.4492397,-102.8239829,0,15,196.113095238095,922.071428571429,26.5952380952381,0.26602408,195.940520446097,153.836431226766,46.0185873605948,6527.94423791822,347.092936802974,15.7472118959108,331.345724907063,263.710037174721,125.479553903346,273.167286245353,106.553903345725,320.100371747212,53.5390334572491,7.23791821561338,61.9776951672862,143.297397769517,28.6171003717472,134.524163568773,31.3828996282528,0.111512385425087,0.0517214436842985,0.0260564233750717,2.22044604925031e-16,1.03515325670498,0.112943262411347,0.642994523048401
4100,83085,0,0,"GFWO",31.1844187,-100.9172129,0,15,178.182291666667,738.9375,43.59375,0.398356666666667,178.139705882353,153.055147058824,42.5808823529412,7265.9375,346.341911764706,-9.61029411764706,355.952205882353,228.522058823529,85.4117647058823,267.573529411765,80.1544117647059,522.375,83.0367647058823,17.9044117647059,45.7316176470588,196.238970588235,66.0110294117647,155.540441176471,66.2132352941177,0.139561869494858,0.0872752470406205,0.13128239331146,2.22044604925031e-16,2.19847715736041,0.192028985507247,0.730585277080536
4100,83086,0,0,"GFWO",31.2059844,-101.9691922,0,15,181.053921568627,808,33.4460784313725,0.345225606666667,181.436363636364,153.065454545455,42.1418181818182,7455.82909090909,348.745454545455,-9.53454545454546,358.28,233.101818181818,98.88,273.316363636364,81.2545454545455,397.214545454545,71.5927272727273,12.2072727272727,53.5309090909091,163.709090909091,43.1236363636364,124.112727272727,44.4654545454545,0.129687195127382,0.085267817994317,0.0182762720769226,2.22044604925031e-16,0.165193370165748,0.03586387434555,0.68346381187439
4100,83087,0,0,"GFWO",30.1465918,-102.4086864,0,15,184.692708333333,875.4375,29.6927083333333,0.286858813333333,185.633333333333,154.474074074074,44.5740740740741,6995.47037037037,340.988888888889,-1.78518518518519,342.774074074074,236.411111111111,110.240740740741,269.92962962963,90.5666666666667,353.837037037037,64.7037037037037,8.88518518518518,57.9,153.603703703704,32.462962962963,124.47037037037,35.3740740740741,0.0942853015340608,0.0499616678159972,0.00566905356857813,2.22044604925031e-16,0.768165784832452,0.0603852596314909,0.665050327777863
4100,83096,0,0,"GFWO",34.4180504,-100.1916929,0,15,165.220588235294,543.294117647059,46.0686274509804,0.46012952,165.332167832168,151.437062937063,37.9090909090909,8554.65034965035,360.174825174825,-34.9825174825175,395.157342657343,242.244755244755,52.8041958041958,274.213286713287,52.8041958041958,551.741258741259,87.3636363636364,15.1398601398601,51.3461538461538,216.594405594406,54.3531468531469,187.13986013986,54.3531468531469,0.0898969136614411,0.0890351455061121,0.0746789721175594,2.22044604925031e-16,1.47378378378378,0.113709677419355,0.749319553375244
4100,83098,0,0,"GFWO",26.5333227,-97.7044919,0,15,226.005208333333,13.0625,54.9375,0.54582798,226.17695473251,104.40329218107,40.0864197530864,5263.71604938272,343.279835390947,86.6543209876543,256.625514403292,266.493827160494,183.078189300412,286.646090534979,151.827160493827,658.946502057613,131.390946502058,18.8024691358025,52.7489711934156,260.497942386831,92.5102880658436,183.337448559671,107.267489711934,0.0250529406550144,0.0225738918499404,0.0308213054842459,2.22044604925031e-16,2.76378378378379,0.222673434856176,0.13599856197834
4100,83107,0,0,"GFWO",33.9321437,-100.0782169,0,15,167.09649122807,518.315789473684,49.2105263157895,0.453157486666667,167.246428571429,151.882142857143,37.9321428571429,8548.56071428571,361.264285714286,-34.0714285714286,395.335714285714,252.607142857143,54.9178571428571,275.328571428571,53.9142857142857,592.185714285714,87.8178571428571,19.4785714285714,47.6142857142857,216.410714285714,66.9357142857143,189.564285714286,66.9357142857143,0.0657154515669157,0.0570374011720506,0.0476009527139143,2.22044604925031e-16,0.203910614525142,0.0212673611111113,0.744749784469604
4100,83111,0,0,"GFWO",31.0629737,-102.3888389,0,15,185.962962962963,809.777777777778,29.6898148148148,0.313497106666667,186.309090909091,156.996363636364,43.1709090909091,7412.09090909091,354.225454545455,-4.98181818181818,359.207272727273,237.370909090909,106.774545454545,277.985454545455,87.1890909090909,354.923636363636,66.68,10.2872727272727,56.1054545454545,152.167272727273,36.0872727272727,113.323636363636,39.1636363636364,0.096259650866791,0.0596161681222666,0.00418600612623684,2.22044604925031e-16,0.0314606741573047,0.0071717171717174,0.725069642066956
4100,83112,0,0,"GFWO",30.8738668,-101.6559194,0,15,179.973958333333,777.25,36.2395833333333,0.37193804,179.956204379562,151.529197080292,42.0693430656934,7382.50364963504,344.675182481752,-10.7737226277372,355.448905109489,231.080291970803,87.9744525547445,270.032846715328,79.8065693430657,431.580291970803,75.4124087591241,13.3503649635036,50.8978102189781,175.361313868613,48.456204379562,130.591240875912,48.7153284671533,0.145993871289112,0.10097694603216,0.0707268453623703,2.22044604925031e-16,0.95029411764706,0.118351063829787,0.678766071796417
4100,83113,0,0,"GFWO",30.7062893,-100.8487982,0,15,180.979166666667,713.8125,43.9270833333333,0.391048093333333,180.816176470588,152.415441176471,42.7205882352941,7118.95588235294,346.055147058824,-6.47794117647059,352.533088235294,230.253676470588,91.6985294117647,267.558823529412,84.1066176470588,531.025735294118,81.7536764705882,18.1580882352941,44.4705882352941,201.338235294118,65.7389705882353,161.036764705882,66.0735294117647,0.1111143272922,0.0652024829664728,0.0838138036103902,2.22044604925031e-16,2.71773399014778,0.245685279187817,0.707136988639832
4100,83114,0,0,"GFWO",29.6237867,-100.4213549,0,15,193.768518518519,515.111111111111,48.9490740740741,0.511196186666667,194.076923076923,138.417582417582,41.5384615384615,6755.81318681319,346.007326007326,17.043956043956,328.96336996337,242.659340659341,105.81684981685,274.74358974359,101.384615384615,586.498168498169,77.8937728937729,20.1978021978022,43.1428571428571,207.399267399267,71.5311355311355,186.062271062271,72.6483516483516,0.210123217573289,0.174805588075019,0.340979680349116,2.22044604925031e-16,1.03237347294939,0.0859459459459459,0.578539133071899
4100,83115,0,0,"GFWO",26.5738227,-98.8715669,0,15,228.990196078431,114.352941176471,45.8676470588235,0.448712906666667,229.23754789272,128.977011494253,42.9846743295019,5879.86206896552,370.019157088123,73.4444444444444,296.574712643678,271.770114942529,165.088122605364,297.153256704981,146.509578544061,549.252873563218,107.130268199234,16.8927203065134,54.1072796934866,218.655172413793,72.4061302681992,160.084291187739,80.6628352490421,0.0134235180560276,0.0100631935264552,0.00743210693358052,2.22044604925031e-16,0.350877192982458,1.66533453693773e-16,0.301000744104385
4100,83118,0,0,"GFWO",28.1788677,-99.778572,0,15,221.014705882353,196.176470588235,44.4362745098039,0.42812188,221.164794007491,136.2734082397,42.2134831460674,6530.06367041199,374.988764044944,55.7303370786517,319.258426966292,268.573033707865,148.303370786517,300.003745318352,132,532.89138576779,85.3520599250936,20.3932584269663,48.250936329588,202.397003745318,70.9213483146067,148.543071161049,72.434456928839,0.0149096864900636,0.0108722838472216,0.00795213376209499,2.22044604925031e-16,1.55431223447522e-15,6.93889390390723e-17,0.392208129167557
4100,83179,0,0,"GFWO",33.3645608,-99.6563415,0,15,175.578703703704,452.333333333333,54.0462962962963,0.43460234,175.451612903226,149.293906810036,38.5161290322581,8226.8064516129,362.297491039427,-21.0179211469534,383.31541218638,226.695340501792,77.0143369175627,278.84229390681,65.9462365591398,644.673835125448,93.573476702509,22.6523297491039,43.5268817204301,223.05017921147,81.8888888888889,188.512544802867,82.6523297491039,0.032908118058926,0.0223919309456163,0.0181188968991012,2.22044604925031e-16,0.820833333333335,0.0368173258003769,0.664278090000153
4100,83204,0,0,"GFWO",26.780834,-99.1225297,0,15,227.572916666667,131.4375,43.7395833333333,0.434136826666667,227.926923076923,130.846153846154,42.6153846153846,6074.23076923077,371.319230769231,67.9423076923077,303.376923076923,271.826923076923,159.892307692308,298.219230769231,142.730769230769,526.25,106.992307692308,16.2615384615385,56.6423076923077,212.1,65.5961538461538,151,72.9538461538462,0.0122343593617538,0.0092630370022847,0.00629390904455134,2.22044604925031e-16,1.55431223447522e-15,1.11022302462516e-16,0.313624650239944
4100,83209,0,0,"GFWO",27.9766671,-99.266437,0,15,221.421875,153.8125,44.4166666666667,0.48092388,221.800766283525,138.95785440613,43.0114942528736,6451.01149425287,374.505747126437,55.4827586206897,319.022988505747,268.318007662835,151.268199233716,299.080459770115,132.988505747126,529.704980842912,88.0689655172414,21.4022988505747,46.7394636015326,201.590038314176,72.823754789272,146.04214559387,75.4291187739464,0.0270284237964273,0.0251795789777155,0.0201650583273862,4.21829251192256e-05,0.102209944751384,0.00543478260869576,0.493712544441223
4100,83214,0,0,"GFWO",28.781686,-97.2202749,0,15,211.666666666667,55.5294117647059,73.9558823529412,0.663579406666667,212.176029962547,119.842696629213,40.4531835205993,6009.20224719101,349.318352059925,56.8464419475655,292.47191011236,256.191011235955,143.610486891386,283.887640449438,129.333333333333,889.370786516854,128.003745318352,40.8052434456929,34.4644194756554,296.134831460674,147.737827715356,236.426966292135,157.250936329588,0.0984270893287864,0.078586502382101,0.000265437623404063,2.22044604925031e-16,1.17460732984293,0.0881834215167548,0.438596069812775
4100,83301,0,0,"GFWO",26.1561647,-97.9422829,0,15,230.463541666667,22.625,52.1822916666667,0.5094069,230.698473282443,111.706106870229,42.324427480916,5169.43129770992,351.828244274809,91.1603053435115,260.667938931298,270.232824427481,175.996183206107,289.81679389313,157.797709923664,623.198473282443,119.041984732824,17.4618320610687,51.763358778626,244.824427480916,85.4198473282443,182.049618320611,97.7022900763359,0.0172178196772286,0.0141624091614176,0.012452439429483,2.22044604925031e-16,0.119494949494951,0.00936883629191342,0.166343167424202
4100,83302,0,0,"GFWO",27.3477527,-97.695112,0,15,223.578431372549,14.1764705882353,57.0882352941176,0.543173933333333,223.573076923077,106.569230769231,39.7346153846154,5533.15384615385,345.280769230769,80.7269230769231,264.553846153846,266.357692307692,162.865384615385,288.307692307692,146.646153846154,686.342307692308,125.115384615385,20.9923076923077,48.7230769230769,273.492307692308,101.530769230769,197.192307692308,111.815384615385,0.0218892790726952,0.0185378520617577,0.0246910535475259,2.22044604925031e-16,0.185439560439562,0.0204545454545457,0.148976519703865
4100,83303,0,0,"GFWO",27.2961057,-98.5051649,0,15,220.966666666667,138.4,49.1777777777778,0.502585573333333,221.367424242424,132.193181818182,43.780303030303,5910.60606060606,362.708333333333,63.1704545454545,299.537878787879,264.606060606061,154.064393939394,290.306818181818,138.537878787879,589.901515151515,108.943181818182,19.780303030303,50.5075757575758,222.041666666667,83.5454545454545,169.871212121212,90.3787878787879,0.0300083623231689,0.0259405246901585,0.0249008962853783,2.22044604925031e-16,1.55431223447522e-15,1.38777878078145e-17,0.407418310642242
4100,83304,0,0,"GFWO",27.7100642,-99.72838,0,15,226.607843137255,187.470588235294,39.6372549019608,0.41894168,226.580524344569,135.516853932584,42.3820224719101,6433.24719101124,377.49063670412,61.7003745318352,315.790262172285,273.895131086142,156.835205992509,303.408239700375,138.554307116105,478.779026217228,90.1760299625468,15.6704119850187,54.2209737827715,193.056179775281,58.5917602996255,131.988764044944,61.8239700374532,0.014916750606576,0.011715912807468,0.00806359763781881,4.31550783892627e-06,0.0429118773946378,0.00805555555555573,0.370473176240921
4100,83307,0,0,"GFWO",27.9864697,-97.2305209,0,15,218.458333333333,11.6875,71.9947916666667,0.506455446666667,218.327102803738,99.6588785046729,37.3271028037383,5706.47196261682,337.373831775701,74.2336448598131,263.140186915888,263.785046728972,164.051401869159,285.294392523364,139.056074766355,866.401869158879,152.495327102804,32.0093457943925,43.7943925233645,329.238317757009,134.714953271028,243.607476635514,147.920560747664,0.00730613434280678,0.00335851473208197,0.00330989959337653,2.22044604925031e-16,0.144565217391306,0.00644567219152861,0.0926318094134331
4100,83308,0,0,"GFWO",28.5116467,-98.1198269,0,15,214.088235294118,89.8823529411765,57.843137254902,0.55485676,214.045112781955,131.312030075188,41.6503759398496,6268.96240601504,360.898496240602,49.2142857142857,311.684210526316,261.571428571429,143.210526315789,288.327067669173,127.067669172932,689.781954887218,102.360902255639,26.1353383458647,38.9022556390977,234.654135338346,108.507518796992,188.296992481203,115.447368421053,0.036486106956708,0.0326966061288636,0.0471110089411478,4.73845614909989e-05,4.10837696335078,0.273011363636363,0.458464711904526
4100,83309,0,0,"GFWO",28.5902637,-99.2911529,0,15,215.504901960784,162.411764705882,47.6862745098039,0.526209906666667,215.405204460967,137.765799256506,42.4275092936803,6498.97026022305,367.702602230483,46.7732342007435,320.92936802974,260.561338289963,143.914498141264,292.996282527881,125.568773234201,573.501858736059,83.5315985130111,23.4423791821561,43.635687732342,208.866171003717,79.7955390334572,158.684014869888,83.0780669144981,0.0480476177847632,0.0493648894046756,0.0593662799232761,2.22044604925031e-16,0.219120135363792,0.0111702127659577,0.538292229175568
4100,83310,0,0,"GFWO",28.4334876,-100.30929,0,15,218.666666666667,243.470588235294,41.9950980392157,0.4055,218.661596958175,134.623574144487,41.3460076045627,6671.79087452472,372.049429657795,49.9201520912547,322.12927756654,265.768060836502,137.152091254753,298.77566539924,127.448669201521,505.349809885932,84.361216730038,16.0950570342205,53.9125475285171,195.779467680608,57.5019011406844,149.155893536122,60.4372623574144,0.014343375906033,0.0101803905491392,0.00656768858500518,2.22044604925031e-16,0.155121042830543,0.0129310344827589,0.351165324449539
4100,83314,0,0,"GFWO",29.2133329,-97.1483412,0,15,206.255208333333,72.5,76.78125,0.677454753333333,205.958801498127,123.625468164794,39.8202247191011,6334.55056179775,352.632958801498,46.2322097378277,306.40074906367,243.063670411985,134.161048689139,282.49063670412,119.247191011236,919.404494382022,119.898876404494,48.9925093632959,29.749063670412,298.805243445693,166.389513108614,233.116104868914,173.505617977528,0.114918081844377,0.0932853282624272,0.000113753253569906,2.22044604925031e-16,0.942923649906891,0.0352124183006539,0.531819522380829
4100,83315,0,0,"GFWO",29.0939087,-98.6416779,0,15,208.808823529412,175.470588235294,56.6029411764706,0.582657953333333,208.808270676692,132.624060150376,41.4736842105263,6464.42857142857,358.375939849624,42.6052631578947,315.770676691729,250.96992481203,134.954887218045,286.270676691729,120.244360902256,679.176691729323,94.2218045112782,29.8759398496241,37.2669172932331,227.342105263158,107.796992481203,176.68045112782,112.654135338346,0.0889502954096476,0.0875615389819315,0.0700632393143263,2.22044604925031e-16,2.32339544513458,0.121075837742504,0.53729122877121
4100,83316,0,0,"GFWO",29.7514591,-99.7634879,0,15,184.94298245614,570.315789473684,56.8289473684211,0.59607272,184.650735294118,139.922794117647,41.7830882352941,6748.32720588235,338.290441176471,7.47058823529412,330.819852941176,233.860294117647,94.4007352941177,265.639705882353,92.2720588235294,683.893382352941,86.5073529411765,28.5183823529412,37.4080882352941,234.830882352941,95.9816176470588,211.926470588235,96.0404411764706,0.511429240055203,0.471635074273304,0.470749624231145,1.55255772888089e-06,6.52382198952877,0.597577519379845,0.751603126525879
4100,83318,0,0,"GFWO",29.8177107,-101.5662539,0,15,203.755208333333,512.25,31.2864583333333,0.28950996,204.160447761194,143.873134328358,42.0970149253731,7069.5671641791,356.216417910448,18.4514925373134,337.764925373134,254.630597014925,117.19776119403,288.451492537313,107.59328358209,375.638059701493,68.3768656716418,10.1455223880597,54.2798507462687,162.421641791045,39.2164179104478,120.19776119403,42.8880597014925,0.0131881383081933,0.00779033230402888,0.000292097467204728,2.22044604925031e-16,0.181166666666669,0.0085910652920963,0.426558136940002
4100,83325,0,0,"GFWO",30.5504297,-98.8827669,0,15,183.799019607843,477.647058823529,60.3529411764706,0.570174993333333,183.985294117647,141.676470588235,41.2169117647059,6963.63235294118,346.356617647059,6.43382352941176,339.922794117647,225.113970588235,92.4852941176471,269.275735294118,89.8235294117647,722.202205882353,102.356617647059,31.9595588235294,36.2867647058824,245.209558823529,111.794117647059,193.963235294118,111.875,0.256079556953061,0.210653692809661,0.41554255654212,2.22044604925031e-16,7.06482412060299,0.456303972366148,0.727039992809296
4100,83327,0,0,"GFWO",30.0156927,-100.2140109,0,15,183.333333333333,656.941176470588,51.7892156862745,0.493225753333333,182.92936802974,144.118959107807,42.5315985130112,6762.61710037175,339.483271375465,4.46468401486989,335.018587360595,233.152416356877,96.5353159851301,264.520446096654,90.5910780669145,625.869888475836,80.5204460966543,22.7918215613383,39.9516728624535,217.182156133829,81.6022304832714,200.386617100372,81.8587360594796,0.275345724282945,0.195442592747039,0.425118841216869,0.00115823090675448,2.61268518518519,0.29810606060606,0.678613722324371
4100,83328,0,0,"GFWO",30.142815,-101.322565,0,15,192.558823529412,594.705882352941,37.0147058823529,0.364075973333333,193.242647058824,145.775735294118,41.8088235294118,7213.70220588235,350.158088235294,4.60294117647059,345.555147058824,244.297794117647,103.430147058824,279.834558823529,94.5955882352941,439.713235294118,77.2169117647059,12.8198529411765,51.0882352941176,181.8125,48.3198529411765,136.246323529412,50.2095588235294,0.0529807744508648,0.0355879845152088,0.0116005220517808,2.22044604925031e-16,0.318813905930472,0.0153021442495129,0.537180364131927
4100,83329,0,0,"GFWO",30.5964387,-102.6068259,0,15,177.947368421053,1005.15789473684,31.0833333333333,0.32456564,177.066914498141,156.669144981413,45.1040892193309,6943.24163568773,337.420074349442,-6.34944237918216,343.769516728625,232.052044609665,101.873605947955,262.531598513011,84.0111524163569,374.28624535316,69.0483271375465,10.0223048327138,57.6877323420074,162.078066914498,35.185873605948,131.438661710037,38.6505576208178,0.270180820358088,0.161233736791221,0.0300792425502036,2.22044604925031e-16,1.18169398907104,0.163731060606061,0.756620585918427
4100,83338,0,0,"GFWO",31.6159517,-98.6520699,0,15,180.394444444444,444.533333333333,59.8777777777778,0.55892382,180.737226277372,138.069343065693,38.956204379562,7406.28102189781,348.697080291971,-1.09489051094891,349.79197080292,221.740875912409,82.9306569343066,272.229927007299,80.9233576642336,716.343065693431,98.5766423357664,33.8905109489051,32.3722627737226,246.459854014599,115.277372262774,182.901459854015,115.448905109489,0.183232292355252,0.154869341730474,0.32956650594951,2.22044604925031e-16,1.43271929824562,0.23087431693989,0.637237370014191
4100,83339,0,0,"GFWO",31.5931937,-99.4248809,0,15,181.219298245614,494.263157894737,54.8245614035088,0.490430873333333,181.521897810219,147.240875912409,40.6240875912409,7455.93065693431,352.813868613139,-5.43065693430657,358.244525547445,225.175182481752,88.2445255474452,273.390510948905,80.8832116788321,655.649635036496,92.970802919708,29.014598540146,38.7116788321168,228.175182481752,95.3649635036496,182.492700729927,95.8832116788321,0.105224889173242,0.0771443902197525,0.113861238060051,7.44640962747769e-05,0.795416666666667,0.128597449908925,0.708279430866241
4100,83340,0,0,"GFWO",31.3901587,-100.2958909,0,15,182.837962962963,610.222222222222,47.6111111111111,0.430759813333333,183.077205882353,148.463235294118,41.5477941176471,7362.28676470588,351.970588235294,-1.33455882352941,353.305147058824,235.536764705882,91.0808823529412,274.808823529412,85.4448529411765,568.867647058824,85.0073529411765,21.5551470588235,44.0257352941176,203.400735294118,75.2426470588235,162.705882352941,75.375,0.104510326305408,0.0689092905426305,0.107202594328104,2.22044604925031e-16,0.219354838709679,0.0492714025500913,0.667129576206207
4100,83341,0,0,"GFWO",31.5830183,-101.7186781,0,15,174.320175438596,820.210526315789,35.4956140350877,0.380023873333333,174.16,155.974545454545,41.9927272727273,7594.73818181818,346.043636363636,-20.4618181818182,366.505454545455,236.581818181818,81.7454545454545,267.767272727273,71.9854545454545,427.505454545455,75.6145454545454,13.5090909090909,52.5963636363636,168.749090909091,47.5236363636364,135.905454545455,47.7963636363636,0.192204077914357,0.142337386560565,0.136763852647732,3.89735436809896e-06,1.11487455197133,0.13227969348659,0.773053109645844
4100,83352,0,0,"GFWO",32.6265908,-98.3699292,0,15,177.607843137255,352.411764705882,63.9264705882353,0.578437146666667,177.658273381295,138.928057553957,37.8776978417266,7887.82014388489,353.661870503597,-9.26258992805755,362.924460431655,221.320143884892,75.636690647482,276.374100719424,72.205035971223,769.517985611511,108.363309352518,37.2805755395683,32.3273381294964,265.881294964029,122.830935251799,193.723021582734,123.169064748201,0.126402958016321,0.111114175573115,0.116272683936293,2.22044604925031e-16,1.38646953405018,0.0685470085470086,0.672504425048828
4100,83353,0,0,"GFWO",32.5914336,-99.8104549,0,15,178.661764705882,547.294117647059,53.0882352941176,0.47225196,178.63082437276,137.161290322581,37.9032258064516,7797.16487455197,351.566308243728,-5.40860215053763,356.974910394265,227.21146953405,76.673835125448,276.071684587814,74.8530465949821,636.455197132616,91.9354838709677,25.4874551971326,41.2401433691756,219.609318996416,85.3046594982079,186.064516129032,85.3333333333333,0.109489020966038,0.0776193508896847,0.11623075029688,0.000412328236561987,3.46531302876481,0.398752228163992,0.505262672901154
4100,83354,0,0,"GFWO",32.0702794,-100.6472268,0,15,173.843137254902,686.411764705882,47.9166666666667,0.450199493333333,174.035971223022,149.176258992806,40.3669064748201,7706.27338129496,346.780575539568,-18.5647482014388,365.345323741007,228.63309352518,69.9352517985612,269.388489208633,69.7985611510791,573.535971223022,93.2661870503597,20.0143884892086,47.8812949640288,212.679856115108,69.4964028776978,172.154676258993,69.4964028776978,0.184165057535939,0.133656376624522,0.229876375426122,2.22044604925031e-16,1.1287795992714,0.141666666666667,0.716319382190704
4100,83361,0,0,"GFWO",33.3828607,-98.7516259,0,15,176.12962962963,356.277777777778,60.8981481481481,0.523300906666667,176.221428571429,143.639285714286,37.1785714285714,8234.05,360.364285714286,-20.2964285714286,380.660714285714,221.110714285714,68.9535714285714,279.357142857143,65.7821428571429,729.464285714286,108.039285714286,28.2857142857143,40.5642857142857,255.892857142857,101.989285714286,186.221428571429,102.078571428571,0.0609740233414,0.0496060583950243,0.0614117306754846,2.22044604925031e-16,0.300495049504953,0.0758241758241758,0.67076051235199
4100,83362,0,0,"GFWO",33.8940928,-98.9734152,0,15,172.611111111111,345.555555555556,58.087962962963,0.478467146666667,172.197879858657,145.943462897527,36.6254416961131,8591.17667844523,364.275618374558,-28.6360424028269,392.911660777385,219.222614840989,62.886925795053,280.583038869258,57.9081272084806,693.137809187279,103.3074204947,25.1024734982332,42,245.180212014134,91.7632508833922,187.123674911661,91.8939929328622,0.0291083751878326,0.0235795069708195,0.0153337431176106,2.22044604925031e-16,0.114772727272729,0.0174863387978144,0.645556151866913
4100,83366,0,0,"GFWO",34.0984847,-98.3157739,0,15,171.867647058824,298,64.6470588235294,0.51338546,171.679577464789,141,35.9507042253521,8512.23943661972,361.214788732394,-24.8943661971831,386.109154929577,217.528169014085,58.7253521126761,278.890845070423,58.7253521126761,775.211267605634,118.073943661972,30.0739436619718,39.4577464788732,279.133802816901,107.897887323944,204.323943661972,107.897887323944,0.0310444601751686,0.0238400144300414,0.0194354266009714,2.22044604925031e-16,0.631034482758622,0.0324074074074076,0.597850501537323
4100,83367,0,0,"GFWO",34.5047657,-99.8933569,0,15,165.393518518519,495.388888888889,48.9166666666667,0.458742026666667,165.498257839721,151.480836236934,37.5923344947735,8660.82578397212,362.01393728223,-36.3414634146341,398.355400696864,233.578397212544,51.8397212543554,275.700348432056,51.8397212543554,585.327526132404,95.4668989547038,16.2473867595819,50.5400696864112,228.742160278746,59.6480836236934,189.651567944251,59.6480836236934,0.0618588281104931,0.0583255057654568,0.0428791674085915,2.22044604925031e-16,0.462019230769233,0.020639032815199,0.741614639759064
4100,83377,0,0,"GFWO",29.6816647,-102.6991049,0,15,195.569444444444,853.333333333333,26.5185185185185,0.271220713333333,195.346863468635,156.712177121771,45.9188191881919,6727.52029520295,348.361623616236,10.4833948339483,337.878228782288,258.527675276753,122.985239852399,275.424354243542,103.568265682657,318.712177121771,54.2915129151292,7.25092250922509,60.1254612546125,138.664206642066,28.4760147601476,126.638376383764,31.4538745387454,0.0805943315046847,0.0408009289027001,0.0107043466193948,2.22044604925031e-16,0.917970204841714,0.0843351548269581,0.690344154834747
4100,83378,0,0,"GFWO",26.9305414,-97.65234,0,15,224.125,10.125,55.3125,0.522775726666667,224.238095238095,103.541125541126,39.3679653679654,5413.63203463203,342.207792207792,83.2207792207792,258.987012987013,265.761904761905,176.069264069264,286.82683982684,148.108225108225,661.82683982684,127.47619047619,18.2294372294372,51.5800865800866,262.08658008658,94.1428571428571,185.995670995671,108.333333333333,0.0164497423655416,0.0138482166441927,0.012878537104579,2.22044604925031e-16,0.271276595744683,0.0507168458781362,0.118870072066784
4100,83379,0,0,"GFWO",26.161672,-97.877868,0,15,230.549019607843,22,52.4607843137255,0.5132121,230.383141762452,109.708812260536,42.0306513409962,5137.55938697318,349.858237547893,92.1034482758621,257.754789272031,269.743295019157,176.521072796935,289.252873563218,158.057471264368,633.865900383142,122.988505747126,18.1915708812261,52.0459770114943,250.823754789272,87.1954022988506,183.540229885057,99.4444444444444,0.0177064049856152,0.0143736930303159,0.013441220051488,2.22044604925031e-16,0.587606837606839,0.0512544802867385,0.153787016868591
4100,83390,0,0,"GFWO",30.2378528,-103.3781816,0,15,164.230392156863,1337.29411764706,32.5343137254902,0.30919478,164.033088235294,167.459558823529,49.2977941176471,6324.95220588235,323.694852941176,-12.7132352941176,336.408088235294,232.404411764706,95.3272058823529,241.930147058824,80.1029411764706,392.503676470588,70.0772058823529,8.35661764705882,67.2757352941177,192.433823529412,31.1691176470588,173.665441176471,36.4485294117647,0.654827079951097,0.410720815590397,0.196277036409601,7.14670898411353e-10,3.18953703703704,0.284688995215311,0.9315225481987
4100,83402,0,0,"GFWO",27.3477527,-97.695112,0,15,223.578431372549,14.1764705882353,57.0882352941176,0.543173933333333,223.573076923077,106.569230769231,39.7346153846154,5533.15384615385,345.280769230769,80.7269230769231,264.553846153846,266.357692307692,162.865384615385,288.307692307692,146.646153846154,686.342307692308,125.115384615385,20.9923076923077,48.7230769230769,273.492307692308,101.530769230769,197.192307692308,111.815384615385,0.0218892790726952,0.0185378520617577,0.0246910535475259,2.22044604925031e-16,0.180481283422462,0.0181818181818185,0.148976519703865
4100,83407,0,0,"GFWO",27.9864697,-97.23052,0,15,218.458333333333,11.6875,71.9947916666667,0.506455446666667,218.327102803738,99.6588785046729,37.3271028037383,5706.47196261682,337.373831775701,74.2336448598131,263.140186915888,263.785046728972,164.051401869159,285.294392523364,139.056074766355,866.401869158879,152.495327102804,32.0093457943925,43.7943925233645,329.238317757009,134.714953271028,243.607476635514,147.920560747664,0.00730613434280678,0.00335851473208197,0.00330989959337653,2.22044604925031e-16,0.158284600389865,0.004868913857678,0.0926318094134331
4100,83409,0,0,"GFWO",28.536864,-99.297439,0,15,216.210784313725,152.588235294118,47.2794117647059,0.52085656,216.189591078067,137.944237918216,42.4646840148699,6501.32713754647,368.810408921933,47.9033457249071,320.907063197026,261.977695167286,144.765799256506,293.944237918216,126.408921933086,568.423791821561,83.3791821561338,23.2156133828996,44.0111524163569,208.353159851301,78.7992565055762,156.862453531599,82.0223048327138,0.0425793310857687,0.0436555518729294,0.0466420416738747,2.22044604925031e-16,0.346119929453265,0.0128828828828831,0.53205943107605
4100,83410,0,0,"GFWO",27.0420753,-99.4368652,0,15,230.426470588235,130.705882352941,41.7401960784314,0.41138432,230.75,133.220149253731,42.3731343283582,6238.33582089552,377.369402985075,67.0335820895522,310.335820895522,277,161.339552238806,303.272388059701,143.679104477612,499.003731343284,109.350746268657,13.2873134328358,62.7462686567164,209.402985074627,54.8805970149254,136.970149253731,62.9664179104478,0.00936131572808589,0.00684247105525289,0.00405513782889317,8.18951096714586e-09,0.027450980392159,0.00175438596491231,0.324718296527863
4100,83418,0,0,"GFWO",29.9439794,-101.7373875,0,15,200.305555555556,557,30.7777777777778,0.272972473333333,201.114814814815,146.907407407407,42.3703703703704,7171.28518518519,354.859259259259,12.1037037037037,342.755555555556,251.82962962963,116.151851851852,286.785185185185,103.17037037037,366.47037037037,66.3333333333333,10.1703703703704,54.4962962962963,158.733333333333,38.8703703703704,119.103703703704,40.8333333333333,0.013094152755879,0.00735733598370913,0.000624403380490825,2.22044604925031e-16,0.80824175824176,0.0552536231884059,0.470555275678635
4100,83438,0,0,"GFWO",31.6159727,-98.6520979,0,15,180.394444444444,444.533333333333,59.8777777777778,0.55892382,180.737226277372,138.069343065693,38.956204379562,7406.28102189781,348.697080291971,-1.09489051094891,349.79197080292,221.740875912409,82.9306569343066,272.229927007299,80.9233576642336,716.343065693431,98.5766423357664,33.8905109489051,32.3722627737226,246.459854014599,115.277372262774,182.901459854015,115.448905109489,0.183232292355252,0.154869341730474,0.32956650594951,2.22044604925031e-16,1.46471631205674,0.23546511627907,0.637237370014191
4100,83439,0,0,"GFWO",31.5930797,-99.4248794,0,15,181.219298245614,494.263157894737,54.8245614035088,0.490430873333333,181.521897810219,147.240875912409,40.6240875912409,7455.93065693431,352.813868613139,-5.43065693430657,358.244525547445,225.175182481752,88.2445255474452,273.390510948905,80.8832116788321,655.649635036496,92.970802919708,29.014598540146,38.7116788321168,228.175182481752,95.3649635036496,182.492700729927,95.8832116788321,0.105224889173242,0.0771443902197525,0.113861238060051,7.44640962747769e-05,1.0205615942029,0.115811965811966,0.708279430866241
4100,83507,0,0,"GFWO",28.03785,-97.160194,0,15,218.011904761905,9.85714285714286,73.5297619047619,0.518387,217.543269230769,99.0144230769231,37.1346153846154,5715.66826923077,335.961538461538,73.2211538461538,262.740384615385,263.0625,166.105769230769,284.596153846154,138.091346153846,889.009615384615,154.783653846154,33,42.9423076923077,333.134615384615,138.096153846154,251.264423076923,153.461538461538,0.00821752624951682,0.00373350570317606,0.00441909067151114,2.22044604925031e-16,0.433333333333335,0.0121440536013401,0.0940473899245262
