"Aou","stateroute","occ","presence","ALPHA.CODE","latitude","longitude","sp_success","sp_fail","mat.mean","elev.mean","map.mean","ndvi.mean","bio.mean.bio1","bio.mean.bio2","bio.mean.bio3","bio.mean.bio4","bio.mean.bio5","bio.mean.bio6","bio.mean.bio7","bio.mean.bio8","bio.mean.bio9","bio.mean.bio10","bio.mean.bio11","bio.mean.bio12","bio.mean.bio13","bio.mean.bio14","bio.mean.bio15","bio.mean.bio16","bio.mean.bio17","bio.mean.bio18","bio.mean.bio19","predpr","predocc"
5520,2001,0.133333333333333,1,"LASP",34.868688,-87.6041417,1.99999999999999,13,151.754901960784,207.529411764706,118.029411764706,0.7914,151.512280701754,134.182456140351,38.5122807017544,7735.41754385965,321.452631578947,-23.2175438596491,344.670175438597,142.859649122807,207.449122807018,247.891228070175,48.4245614035088,1416.92631578947,159.785964912281,82.540350877193,18.4526315789474,417.715789473684,267.442105263158,304.60701754386,395.547368421053,0.0938030486106583,0.047760760459227
5520,2072,0.2,1,"LASP",34.9292307,-86.9887629,3,12,150.226851851852,225.222222222222,118.486111111111,0.766960656436488,150.010563380282,131.929577464789,37.8943661971831,7776.57394366197,318.704225352113,-25.4753521126761,344.179577464789,141.045774647887,206.387323943662,246.859154929577,45.9507042253521,1421.86267605634,162.62676056338,86.4894366197183,17.6866197183099,415.049295774648,275.732394366197,308.521126760563,389.052816901408,0.089339689825865,0.0468283481853412
5520,2211,0.2,1,"LASP",32.4860839,-86.5697685,3,12,177.200980392157,98,113.529411764706,0.780761274509804,177.2,127.225454545455,40.1490909090909,6988.61454545455,328.396363636364,15.3018181818182,313.094545454545,105.992727272727,196.516363636364,264.054545454545,84.8654545454545,1362.40363636364,160.076363636364,68.8581818181818,20.6945454545455,417.065454545455,264.123636363636,326.294545454545,390.698181818182,0.110095077186287,0.0600188022854211
5520,4002,0.666666666666667,1,"LASP",49.87324,-111.4102,10,5,49.2101449275362,802.04347826087,28.3333333333333,0.635643810311552,49.0801104972376,137.317679558011,30.939226519337,10142.5082872928,269.127071823204,-167.803867403315,436.930939226519,159.773480662983,-10.1795580110497,175.270718232044,-85.0414364640884,339.828729281768,58.4088397790055,14.2872928176796,46.3453038674033,136.953038674033,47.8066298342541,135.033149171271,50.7900552486188,0.155745848440812,0.0722935246456139
5520,4213,0.0666666666666667,1,"LASP",51.18333,-112.33055,1,14,31.0606060606061,831.636363636364,29.3939393939394,0.607192831541219,30.9946380697051,136.201072386059,29.5254691689008,10856.0455764075,254.780160857909,-199.042895442359,453.823056300268,163.193029490617,-54.2466487935657,163.193029490617,-114.117962466488,352.932975871314,60.9436997319035,13.9276139410188,55.1849865951743,162.345844504021,45.4664879356568,162.345844504021,46.7801608579088,0.135123605514848,0.0621567686013195
5520,4302,0.266666666666667,1,"LASP",49.75642,-111.51741,4.00000000000001,11,49.9239130434783,820.913043478261,28.536231884058,0.639018631078224,50.0994475138122,137.138121546961,31.3259668508287,9983.74033149171,268.433701657459,-162.765193370166,431.198895027624,155.792817679558,-8.80110497237569,174.676795580111,-81.8508287292818,343.334254143646,59.6325966850829,14.2872928176796,46.6795580110497,138.491712707182,48.3038674033149,135.348066298343,51.2265193370166,0.157246509606194,0.0729119836953592
5520,6012,0.2,1,"LASP",34.9859877,-114.4831159,3,12,200.291666666667,599,12.4259259259259,0.192265115611068,202.685314685315,140.059440559441,38.2867132867133,8115.22727272727,396.356643356643,34.8041958041958,361.552447552448,128.339160839161,237.108391608392,308.902097902098,102.856643356643,145.881118881119,20.2412587412587,1.82167832167832,42.8006993006993,50.2902097902098,12.7412587412587,35.8356643356643,46.6818181818182,0.205435252042055,0.219860336412313
5520,6014,0.666666666666667,1,"LASP",34.6437087,-112.4327389,10,5,129.205882352941,1525.29411764706,37.0833333333333,0.411158215962441,129.505226480836,172.961672473868,46.6585365853659,7162.72822299652,326.087108013937,-40.5644599303136,366.651567944251,219.790940766551,157.578397212544,224.508710801394,42.3693379790941,445.655052264808,74.0696864111498,10.0243902439024,48.3205574912892,177.473867595819,43.5261324041812,147.456445993031,118.912891986063,0.169723023457555,0.126311211394702
5520,6032,1,1,"LASP",31.5175977,-110.7949529,15,0,157.029411764706,1401.17647058824,41.1029411764706,0.394440579710145,157.355311355311,163.069597069597,48.5091575091575,6348.23076923077,328.67032967033,-3.94505494505495,332.615384615385,232.860805860806,187.6336996337,239.604395604396,78.3150183150183,492.747252747253,116.571428571429,5.7032967032967,78.6300366300366,266.362637362637,29.3809523809524,226.673992673993,107.197802197802,0.177175629233698,0.142854051621712
5520,6071,0.0666666666666667,1,"LASP",33.8177037,-111.6398389,1,14,178.009259259259,922.944444444444,38.2314814814815,0.323129468599034,180.27304964539,164.946808510638,45.2375886524823,7309.80496453901,373.127659574468,12.3262411347518,360.801418439716,151.124113475177,209.421985815603,276.464539007092,91.563829787234,449.677304964539,59.4645390070922,6.51418439716312,44.7730496453901,149.13475177305,33.613475177305,111.421985815603,146.421985815603,0.172515731903357,0.157318011588288
5520,6074,0.333333333333333,1,"LASP",32.8548017,-114.4452209,4.99999999999999,10,226.421568627451,173.941176470588,7.93627450980392,0.249138458345976,226.365591397849,157.752688172043,43.8924731182796,7367.70250896057,411.272401433692,56.0071684587814,355.26523297491,301.064516129032,254.645161290323,321.240143369176,134.849462365591,95.0286738351254,16.2903225806452,0.304659498207885,54.8100358422939,37.8172043010753,4.54121863799283,26.7168458781362,30.7204301075269,0.242661655817231,0.251317717985544
5520,6078,0.266666666666667,1,"LASP",32.5434377,-110.5053099,4.00000000000001,11,167.96875,1272.625,36.1302083333333,0.355121917808219,166.403571428571,157.285714285714,45.5928571428571,6972.25,343.492857142857,2.07857142857143,341.414285714286,249.742857142857,200.085714285714,257.028571428571,79.7535714285714,430.785714285714,78.4464285714286,7.09642857142857,59.9857142857143,195.432142857143,30.3107142857143,163.410714285714,111.3,0.182447373185679,0.156020798002129
5520,6233,0.6,1,"LASP",31.75871,-109.73797,9,6,157.083333333333,1427.36842105263,31.0087719298246,0.303363725490196,156.916058394161,171.832116788321,49.036496350365,6574.76642335766,336.124087591241,-11.0802919708029,347.204379562044,234.164233576642,190.766423357664,241.733576642336,74.3832116788321,373.660583941606,91.3503649635037,5.31021897810219,84.5547445255474,212.452554744526,27.6021897810219,188.328467153285,71.2116788321168,0.176049150792744,0.156550154587914
5520,7004,0.133333333333333,1,"LASP",33.5907857,-92.6974039,1.99999999999999,13,167.037037037037,67.2777777777778,109.800925925926,0.824544286666667,167.007194244604,134.161870503597,38.0935251798561,7672.10791366907,335.827338129496,-11.9640287769784,347.791366906475,168.604316546763,225.892086330935,262.453237410072,63.8812949640288,1317.97841726619,132.748201438849,82.5755395683453,13.0827338129496,376.205035971223,281.053956834532,287.338129496403,335,0.116550748432177,0.0584964903002389
5520,7019,1,1,"LASP",35.9114603,-91.3426352,15,0,150.796296296296,114.555555555556,100.805555555556,0.799789226666667,151.048951048951,132.374125874126,34.9125874125874,8504.84265734266,337.423076923077,-36.0699300699301,373.493006993007,151.41958041958,257.695804195804,257.695804195804,36.9195804195804,1210.14685314685,127.933566433566,77.5734265734266,17.4755244755245,369.486013986014,253.115384615385,253.115384615385,282.93006993007,0.117152592156707,0.0581170314324315
5520,7023,0.0666666666666667,1,"LASP",35.7806777,-93.0696409,1,14,141.365740740741,432.666666666667,100.435185185185,0.846635633333333,141.865051903114,129.193771626298,35.0622837370242,8146.92733564014,320.871972318339,-42.242214532872,363.114186851211,139.498269896194,32.681660899654,243.826989619377,32.681660899654,1206.53287197232,141.304498269896,62.7612456747405,19.7750865051903,373.110726643599,241.882352941176,274.041522491349,241.882352941176,0.127464562507772,0.0585962588516815
5520,7024,0.333333333333333,1,"LASP",35.3514159,-94.3318236,4.99999999999999,10,157.491666666667,191.05,90.9958333333333,0.756655873333333,157.230769230769,135.993006993007,36.2307692307692,8226.06293706294,339.398601398601,-30.8881118881119,370.286713286713,170.167832167832,47.4195804195804,259.835664335664,47.4195804195804,1094.1048951049,140.692307692308,52.9685314685315,23.513986013986,345.465034965035,196.972027972028,260.090909090909,196.972027972028,0.130236023922092,0.0688792683731521
5520,7027,0.466666666666667,1,"LASP",36.4061087,-92.1148009,7.00000000000001,7.99999999999999,138.041666666667,246.7,94.2041666666667,0.80222192,138.185567010309,141.268041237113,35.9209621993127,8555.70103092784,328.745704467354,-58.745704467354,387.491408934708,137.962199312715,22.340206185567,244.584192439863,22.340206185567,1128.50859106529,122.092783505155,61.5085910652921,18.0034364261168,342.024054982818,233.838487972509,261.06529209622,233.838487972509,0.123077464859522,0.0589026758130143
5520,7111,0.133333333333333,1,"LASP",34.7023815,-92.8007333,1.99999999999999,13,160.789215686275,170.941176470588,112.539215686275,0.826583326666667,160.364912280702,132.470175438596,36.480701754386,7919.00350877193,336.136842105263,-22.1368421052632,358.273684210526,160.368421052632,247.438596491228,258.884210526316,53.6842105263158,1351.0350877193,144.098245614035,80.6280701754386,17.9789473684211,412.498245614035,286.659649122807,287.908771929825,304.561403508772,0.110964257781692,0.0548643492838177
5520,11208,0.6,1,"LASP",49.59762,-119.72963,9,6,39.8674242424242,1226.5,27.8977272727273,0.805982584884995,40.375,112.519444444444,32.3861111111111,7848.46388888889,231.430555555556,-110.644444444444,342.075,103.138888888889,-4.73055555555556,140.902777777778,-60.3861111111111,334.411111111111,36.4611111111111,18.6166666666667,21.4638888888889,100.255555555556,62.6972222222222,99.0555555555556,87.4555555555555,0.205273448374066,0.0771977676323962
5520,11608,0.8,1,"LASP",49.25746,-119.5261,12,3,46.9528985507246,1147.39130434783,28.4601449275362,0.785572727272727,45.1620111731844,114.572625698324,32.5558659217877,7924.08100558659,238.81843575419,-107.810055865922,346.628491620112,39.5195530726257,20.3519553072626,146.606145251397,-56.1927374301676,343.58938547486,39.2178770949721,19.5195530726257,21.3826815642458,103.843575418994,68.1201117318436,95.7932960893855,94.5307262569832,0.199699265395331,0.0776573042696011
5520,14006,0.4,1,"LASP",40.4150917,-123.9615249,6,9,107.5125,485.2,136.85,0.862303842105263,107.36,116.783333333333,51.4333333333333,3905.88,240.423333333333,14.13,226.293333333333,66.3,157.166666666667,159.956666666667,62.0633333333333,1648.35666666667,293.35,3.88666666666667,80.12,844.323333333333,35.3766666666667,53.6766666666667,813.8,0.0668942697615717,0.0285779066196983
5520,14021,0.4,1,"LASP",37.5947824,-120.860951,6,9,162.829166666667,71.75,27.6666666666667,0.612702252252252,163.152027027027,149.939189189189,45.4391891891892,6269.27364864865,352.162162162162,25.7939189189189,326.368243243243,83.9527027027027,241.918918918919,241.922297297297,83.0033783783784,331.550675675676,64.2567567567568,0.753378378378378,81.820945945946,167.746621621622,4.52364864864865,4.58445945945946,167.722972972973,0.232355257824539,0.144166840248953
5520,14059,0.0666666666666667,1,"LASP",35.6076917,-117.800197,1,14,160.180555555556,1026.5,14.0601851851852,0.210150551403469,159.267361111111,156.368055555556,42.0069444444444,7521.42013888889,361.555555555556,-6.71180555555556,368.267361111111,77.5243055555556,226.291666666667,258.4375,67.9756944444444,176.704861111111,31.6493055555556,2.06597222222222,68.5138888888889,87.6111111111111,10.5243055555556,14.9131944444444,86.2638888888889,0.178133919684947,0.174083910152208
5520,14071,0.6,1,"LASP",38.0453507,-122.8668979,9,6,132.429487179487,89.2307692307692,79.301282051282,0.551564270517498,134.715231788079,122.423841059603,56.4304635761589,3431.78145695364,251.960264900662,37.1324503311258,214.827814569536,93.2185430463576,173.496688741722,177.503311258278,90.7748344370861,943.258278145695,204.403973509934,1.64238410596026,90.7483443708609,519.960264900662,11.0264900662252,16.6622516556291,517.370860927152,0.0978719396638139,0.0631255282962493
5520,14080,0.133333333333333,1,"LASP",39.7633427,-122.2390059,1.99999999999999,13,159.675438596491,162.105263157895,48.4298245614035,0.626360824561404,159.009803921569,150.980392156863,44.8235294117647,6521.31045751634,349.937908496732,16.8006535947712,333.137254901961,79.8888888888889,242.444444444444,242.450980392157,78.8529411764706,585.022875816994,116.761437908497,1.92483660130719,81.062091503268,302.192810457516,16.516339869281,16.6372549019608,301.496732026144,0.183816748619204,0.111925479304618
5520,14083,0.4,1,"LASP",37.9851247,-122.5909499,6,9,137.8,90.2666666666667,68.7444444444444,0.495367061619701,138.957547169811,114.679245283019,54.4952830188679,3419.25,251.056603773585,43.0660377358491,207.990566037736,96.2783018867924,176.839622641509,181.004716981132,94.6132075471698,808.924528301887,175.594339622642,1.34433962264151,90.3584905660377,444.547169811321,9.43396226415094,15.5,442.88679245283,0.106489180121997,0.073731985774266
5520,14089,0.4,1,"LASP",33.2200507,-115.4847789,6,9,221.272222222222,138.333333333333,6.55,0.278803071896311,220.244680851064,165.039007092199,44.4397163120567,7452.85106382979,411.329787234043,44.2304964539007,367.099290780142,214.886524822695,248.875886524823,316.219858156028,127.457446808511,82.2304964539007,13.9539007092199,0.26241134751773,54.063829787234,31.8617021276596,3.81914893617021,21.0602836879433,29.5212765957447,0.247059104266469,0.244920895554233
5520,14098,1,1,"LASP",38.7202247,-121.0356899,15,0,154.210526315789,308.684210526316,62.5350877192982,0.616406578947368,153.513333333333,140.876666666667,43.9466666666667,6184.27666666667,338.156666666667,21.2166666666667,316.94,80.13,232.533333333333,233.423333333333,77.92,785.95,157.136666666667,2.05333333333333,83.42,403.88,13.4766666666667,18.5866666666667,403.196666666667,0.146937447109838,0.0903519298821291
5520,14106,1,1,"LASP",33.1990869,-116.7862853,15,0,153.789215686275,791.529411764706,38.8235294117647,0.544056481481481,153.44964028777,148.219424460432,49.7769784172662,5316.25179856115,319.194244604317,23.2482014388489,295.946043165468,97.8237410071942,209.007194244604,226.352517985612,91.910071942446,464.557553956835,84.1438848920863,2.56115107913669,77.7769784172662,242.161870503597,20.1834532374101,33.3920863309352,226.23381294964,0.199572474631499,0.132810654482306
5520,14108,0.4,1,"LASP",36.4530827,-121.6956939,6,9,129,382.571428571429,49.5654761904762,0.601509778225806,129.818181818182,135.590909090909,59.6227272727273,3258.11363636364,253.763636363636,27.1818181818182,226.581818181818,93.6045454545455,168,172.731818181818,91.5636363636364,567.322727272727,112.436363636364,1.50454545454545,88.3636363636364,304.131818181818,6.55454545454545,12.5681818181818,300.595454545455,0.162565005047599,0.0954966692172977
5520,14138,0.4,1,"LASP",35.3183817,-120.5084609,6,9,141.061403508772,362,41.6359649122807,0.494679903512739,141.407547169811,156.6,57.622641509434,4030.27169811321,292.943396226415,19.2754716981132,273.667924528302,99.3509433962264,191.437735849057,194.698113207547,93.3358490566038,501.369811320755,100.101886792453,0.656603773584906,90.1962264150943,279.494339622642,3.47169811320755,12.2641509433962,272.558490566038,0.157299684898355,0.107521595335259
5520,14153,1,1,"LASP",38.7687607,-120.9253159,15,0,146.320175438596,541.105263157895,79.5877192982456,0.668291891891892,147.151815181518,141.042904290429,43.990099009901,6212.99669966997,331.920792079208,14.986798679868,316.93399339934,74.9075907590759,227.287128712871,228.379537953795,72.6699669966997,930.06600660066,179.739273927393,2.88778877887789,82.2541254125413,471.217821782178,17.3102310231023,24.2046204620462,470.630363036304,0.137366513800649,0.0789352855541933
5520,14155,0.866666666666667,1,"LASP",37.5141365,-121.1597352,13,1.99999999999999,157.733333333333,212.6,30.0375,0.591647887323944,158.402027027027,149.679054054054,46.1655405405405,6068.38513513513,344.368243243243,23.5574324324324,320.810810810811,83.9527027027027,234.726351351351,235.209459459459,81.7905405405405,352.483108108108,68.1722972972973,1.01689189189189,82.1047297297297,179.016891891892,5.23986486486486,7.06081081081081,178.939189189189,0.221537049621582,0.139527483432023
5520,14160,0.133333333333333,1,"LASP",39.5664857,-123.3982919,1.99999999999999,13,115.736842105263,540.315789473684,106.552631578947,0.853191993993994,114.19397993311,151.163879598662,52.8160535117057,4737.56856187291,283.538461538462,-1.61872909698997,285.157190635452,62.9665551839465,176.006688963211,177.404682274248,59.1103678929766,1283.10367892977,239.986622073579,2.84280936454849,84.0869565217391,671.698996655518,21.8963210702341,36.1270903010033,654.341137123746,0.104494297105615,0.0447919532609035
5520,14175,0.4,1,"LASP",41.4000979,-122.0499734,6,9,75.8375,1404.15,68.1291666666667,0.812314666666667,73.6089743589744,154.99358974359,45.2820512820513,6341.28525641026,271.208333333333,-67.0608974358974,338.269230769231,4.17948717948718,156.945512820513,157.708333333333,-1.41666666666667,791.733974358974,125.791666666667,8.83974358974359,60.8173076923077,359.88141025641,47.7628205128205,50.0160256410256,343.858974358974,0.157693537952738,0.0642447546564723
5520,14186,0.133333333333333,1,"LASP",38.5498734,-122.719303,1.99999999999999,13,136.625,249.388888888889,84.4907407407407,0.710225883040936,136.926421404682,147.571906354515,53.2775919732441,4628.31772575251,296.652173913043,20.0936454849498,276.558528428094,81.6822742474916,194.541806020067,196.147157190635,80.3612040133779,1001.92307692308,215.133779264214,1.7257525083612,90.0602006688963,550.23745819398,11.4581939799331,17.9698996655518,548.204013377926,0.122034854349669,0.0649518839962045
5520,14188,0.133333333333333,1,"LASP",38.7694117,-120.4473869,1.99999999999999,13,94.5263157894737,1557.78947368421,101.460526315789,0.799410810810811,99.7866666666667,140.05,44.28,6202.56,282.043333333333,-30.72,312.763333333333,31.6833333333333,181.326666666667,183.02,28.9566666666667,1208.85,215.993333333333,7.70333333333333,77,590.376666666667,36.5,46.0766666666667,588.12,0.116348174553946,0.0521964382761921
5520,14189,0.933333333333333,1,"LASP",37.2521703,-121.6774341,14,1,144.185185185185,404.111111111111,46.875,0.623243981481482,144.22972972973,139.949324324324,50.9391891891892,4781.35135135135,300.412162162162,26.1722972972973,274.239864864865,87.6418918918919,204.084459459459,206.925675675676,86.597972972973,567.408783783784,113.60472972973,1.625,86.2398648648649,297.141891891892,7.33445945945946,12.8682432432432,297.037162162162,0.180598339125679,0.10699648639849
5520,14190,1,1,"LASP",37.9834939,-120.6452578,15,0,151.921052631579,368.210526315789,53.8508771929825,0.564703240740741,152.836177474403,152.331058020478,45.542662116041,6318.18771331058,346.686006825939,16.1535836177474,330.532423208191,75.6382252559727,233.948805460751,234.300341296928,75.1843003412969,631.682593856655,116.716723549488,1.7098976109215,80.9658703071672,313.443686006826,10.1194539249147,12.6962457337884,313.423208191126,0.161168070719299,0.104612535071014
5520,14193,0.133333333333333,1,"LASP",38.3407717,-123.0480649,1.99999999999999,13,130.494047619048,140.071428571429,88.3452380952381,0.626427228583741,132.208791208791,134.192307692308,57.1923076923077,3638.31868131868,262.686813186813,29.3626373626374,233.324175824176,88.9010989010989,174.741758241758,178.082417582418,86.5384615384615,1046.06593406593,223.302197802198,2.00549450549451,89.7142857142857,572.527472527473,12.510989010989,20.8736263736264,567.664835164835,0.0977037912013834,0.0573511911720808
5520,14198,0.933333333333333,1,"LASP",41.7401687,-122.6334149,14,1,83.7791666666667,1165.8,53.4041666666667,0.735655263157895,84.8817891373802,159.367412140575,45.9073482428115,6408.49201277955,288.94249201278,-54.5527156549521,343.495207667732,12.0063897763578,168.546325878594,169.840255591054,8.1405750798722,639.875399361022,110.003194888179,8.70607028753994,63.3035143769968,306.025559105431,45.1565495207668,47.3514376996805,284.5303514377,0.16763104528014,0.0764819820625466
5520,17004,0.933333333333333,1,"LASP",40.5090827,-105.0392299,14,1,82.8508771929825,1708.84210526316,31.4517543859649,0.608667982456141,82.3081967213115,158.55737704918,39.3180327868852,8301.39672131148,293.931147540984,-104.931147540984,398.862295081967,155.281967213115,-21.0590163934426,192.206557377049,-21.0590163934426,377.731147540984,62.9901639344262,10.4426229508197,52.0131147540984,160.859016393443,34.1868852459016,134.993442622951,34.1868852459016,0.197340321016961,0.104667350571541
5520,17009,0.133333333333333,1,"LASP",39.9658907,-107.6483229,1.99999999999999,13,31.2083333333333,2537.35,42.1666666666667,0.755821367521367,30.6123778501629,163.690553745928,39.9771986970684,8233.15309446254,246.71986970684,-157.273615635179,403.99348534202,13.7785016286645,21.928338762215,137.618892508143,-72.4462540716612,510.019543973941,50.6091205211726,33.8469055374593,10.8794788273616,139.931596091205,117.182410423453,123.472312703583,121.361563517915,0.19027433617876,0.0761019688466977
5520,17012,1,1,"LASP",39.3798417,-104.3691567,15,0,82.0570175438596,1888.52631578947,33.6929824561403,0.474632456140351,83.029702970297,164.42904290429,40.1452145214521,8336.11221122112,296.224422442244,-108.663366336634,404.887788778878,172.16501650165,-20.2970297029703,193.405940594059,-20.2970297029703,400.990099009901,67.4092409240924,8.88448844884488,62.1749174917492,186.184818481848,29.0990099009901,177.93399339934,29.0990099009901,0.164804388961593,0.102800657873912
5520,17013,0.6,1,"LASP",39.8568857,-103.6493769,9,6,93.6916666666667,1479.9,31.1166666666667,0.406284415584416,93.9250814332248,166.983713355049,38.3648208469055,9067.07817589577,318.241042345277,-111.889250814332,430.130293159609,186.465798045603,-20.1693811074919,213.159609120521,-20.1693811074919,372.387622149837,68.2866449511401,7.26058631921824,67.7198697068404,187.247557003257,23.0879478827362,166.498371335505,23.0879478827362,0.15126040891601,0.10427424860555
5520,17017,0.2,1,"LASP",38.5137277,-106.7550729,3,12,7.26851851851852,2923.72222222222,41.1203703703704,0.624529223744292,7.65676567656766,175.03300330033,39.963696369637,8748.67656765677,221.3300330033,-210.60396039604,431.93399339934,108.693069306931,43.4818481848185,117.059405940594,-107.63696369637,491.986798679868,58.036303630363,28.5544554455446,21.4785478547855,155.722772277228,96.9075907590759,141.026402640264,122.676567656766,0.153158803462428,0.067962163606147
5520,17031,1,1,"LASP",40.0653006,-108.4153871,15,0,57.2894736842105,2033.26315789474,31.1008771929825,0.451512820512821,58.4046052631579,177.726973684211,39.1381578947368,9077.33552631579,294.009868421053,-154.381578947368,448.391447368421,70.3717105263158,-60.2072368421053,175.273026315789,-60.2072368421053,366.292763157895,37.1644736842105,21.5690789473684,16.7730263157895,105.667763157895,70.8585526315789,92.7565789473684,70.8585526315789,0.14982999936512,0.0908583337245851
5520,17037,0.933333333333333,1,"LASP",40.2631147,-102.7182079,14,1,97.9291666666667,1260.85,35.3708333333333,0.546844,98.2442996742671,161.42345276873,37.6123778501629,9149.79478827362,319.498371335505,-103.85667752443,423.355048859935,191.703583061889,-17.2638436482085,218.104234527687,-17.2638436482085,424.436482084691,79.8273615635179,8.27361563517915,70.6351791530945,222.71661237785,26.3941368078176,190.814332247557,26.3941368078176,0.172948456397694,0.10163504476962
5520,17044,0.466666666666667,1,"LASP",39.3883077,-102.4274519,7.00000000000001,7.99999999999999,99.0138888888889,1279.22222222222,34.837962962963,0.515425,99.0924092409241,163.188118811881,37.8679867986799,9192.54785478548,320.937293729373,-104.079207920792,425.016501650165,193.405940594059,-16.5643564356436,220.115511551155,-16.5643564356436,419.042904290429,75.4620462046205,8.38283828382838,66.0891089108911,207.039603960396,26.983498349835,184.620462046205,26.983498349835,0.167444829075303,0.102350186243039
5520,17047,0.0666666666666667,1,"LASP",38.5112521,-106.5542061,1,14,5.59722222222222,3006.33333333333,41.875,0.622283333333333,5.88590604026846,169.60067114094,39.7785234899329,8576.80201342282,214.852348993289,-205.463087248322,420.315436241611,108.439597315436,31.4496644295302,113.852348993289,-106.043624161074,501.956375838926,60.761744966443,29.8557046979866,22.6644295302013,161.510067114094,100.144295302013,148.308724832215,121.677852348993,0.151886786867915,0.0674055580013043
5520,17203,0.333333333333333,1,"LASP",40.1331937,-106.4907839,4.99999999999999,10,19.35,2666.2,40.5166666666667,0.750300761685572,18.9835526315789,163.190789473684,40.1710526315789,8301.28947368421,233.815789473684,-166.710526315789,400.526315789474,105.506578947368,-41.8026315789474,125.424342105263,-86.8815789473684,482.417763157895,49.0592105263158,31.1184210526316,12.9868421052632,138.434210526316,106.424342105263,135.144736842105,110.046052631579,0.187538597680547,0.0734583537503519
5520,17209,0.0666666666666667,1,"LASP",39.6468148,-107.6169662,1,14,36.087962962963,2499.33333333333,40.7361111111111,0.748128888888889,36.5808580858086,164.240924092409,39.8910891089109,8256.05940594059,252.270627062706,-154.481848184818,406.752475247525,57.2772277227723,14.3036303630363,143.597359735974,-67.4950495049505,485.76897689769,48.5478547854785,31.3960396039604,11.3399339933993,133.828382838284,111.435643564356,117.904290429043,115.089108910891,0.197168535612782,0.0807850940006895
5520,17221,1,1,"LASP",38.2958688,-102.7381166,15,0,109.305555555556,1223.61111111111,29.4537037037037,0.413801333333333,109.396666666667,178.14,39.2833333333333,9386.41333333333,335.386666666667,-111.58,446.966666666667,206.843333333333,-10.5866666666667,231.453333333333,-10.5866666666667,354.39,62.4,6.92,66.52,173.31,22.9033333333333,162.726666666667,22.9033333333333,0.161061243290448,0.113350841749191
5520,17228,1,1,"LASP",37.1640087,-102.2766499,15,0,122.930555555556,1196.44444444444,33.7222222222222,0.416823287671233,122.972972972973,169.77027027027,39.9256756756757,8855.6722972973,335.77027027027,-84.4256756756757,420.195945945946,214.503378378378,10.0304054054054,238.418918918919,10.0304054054054,405.540540540541,66.9358108108108,8.12162162162162,63.8547297297297,191.358108108108,25.9054054054054,181.25,25.9054054054054,0.163320671960818,0.118291634226852
5520,17301,0.866666666666667,1,"LASP",40.2777657,-108.5596319,13,1.99999999999999,60.3981481481481,1944.61111111111,26.9768518518519,0.382947435897436,59.5294117647059,176.872549019608,38.578431372549,9262.96078431373,298.140522875817,-154.464052287582,452.604575163399,76.6372549019608,-61.9313725490196,178.738562091503,-61.9313725490196,331.872549019608,34.5326797385621,18.2941176470588,18.8006535947712,96.6372549019608,60.6601307189542,84.9705882352941,60.6601307189542,0.139015410568883,0.091651597486196
5520,17305,0.733333333333333,1,"LASP",40.8627005,-104.6390073,11,4.00000000000001,82.6041666666667,1656.75,30.5791666666667,0.486716239316239,82.0677419354839,161.332258064516,39.0709677419355,8551.50322580645,300.890322580645,-107.474193548387,408.364516129032,169.461290322581,-23.7483870967742,195.729032258065,-23.7483870967742,367.890322580645,63.2354838709677,7.95161290322581,60.858064516129,173.854838709677,26.0903225806452,149.948387096774,26.0903225806452,0.166040258660593,0.101355922940874
5520,17309,0.266666666666667,1,"LASP",39.0799673,-107.3678337,4.00000000000001,11,20.475,2771.05,41.5916666666667,0.806014912280702,20.0099337748344,165.354304635762,39.8211920529801,8273.85099337748,231.092715231788,-178.754966887417,409.847682119205,94.8211920529801,18.7417218543046,126.069536423841,-85.2350993377483,495.314569536424,51.6523178807947,29.2582781456954,14.7682119205298,142.407284768212,106.662251655629,126.682119205298,120.380794701987,0.204536545395149,0.0756126803705449
5520,17312,0.2,1,"LASP",39.7238537,-104.3773535,3,12,92.2543859649123,1678.78947368421,32.2587719298246,0.41797316017316,92.8256578947368,163.730263157895,39.0493421052632,8624.01644736842,310.276315789474,-103.680921052632,413.957236842105,180.493421052632,-14.7138157894737,206.608552631579,-14.7138157894737,384.773026315789,66.5493421052632,9.36513157894737,59.3618421052632,177.973684210526,30.1019736842105,158.578947368421,30.1019736842105,0.15632652622921,0.106329209854808
5520,17315,0.8,1,"LASP",38.0687767,-108.4608309,12,3,60.0526315789474,2352.68421052632,41.0745614035088,0.590340990990991,63.9834437086093,163.980132450331,39.8907284768212,8188.32450331126,278.218543046358,-128.254966887417,406.473509933775,151.05298013245,89.0596026490066,170.32119205298,-40.3675496688742,471.456953642384,52.5066225165563,21.2384105960265,22.7218543046358,150.496688741722,89.3377483443709,123.85761589404,105.566225165563,0.178341217135436,0.093682914571766
5520,17318,0.2,1,"LASP",38.6441327,-105.7794649,3,12,31.8186274509804,2682.76470588235,30.671568627451,0.538512,32.257525083612,170.200668896321,41.0735785953177,8195.74247491639,240.933110367893,-168.591973244147,409.52508361204,133.448160535117,-71.3979933110368,137.792642140468,-72.8528428093645,369.464882943144,62.7056856187291,14.056856187291,49.2140468227425,157.602006688963,49.247491638796,154.759197324415,49.4515050167224,0.166398773095207,0.0863527931464651
5520,17359,0.133333333333333,1,"LASP",39.7578337,-107.6922689,1.99999999999999,13,38.4333333333333,2453.8,40.5916666666667,0.724465777777778,38.6809210526316,165.381578947368,39.9934210526316,8279.1052631579,255.950657894737,-152.476973684211,408.427631578947,41.0131578947368,13.5164473684211,146.111842105263,-65.7138157894737,486.677631578947,48.4177631578947,31.8190789473684,11.1217105263158,133.868421052632,111.476973684211,117.549342105263,114.753289473684,0.191074677621276,0.0807792777128751
5520,17362,0.266666666666667,1,"LASP",38.9999639,-104.7380455,4.00000000000001,11,65.6666666666667,2174.11111111111,37.4398148148148,0.542704166666667,63.0695364238411,162.993377483444,41.2582781456954,7912.49006622517,268.619205298013,-121.655629139073,390.274834437086,165.304635761589,-34.5993377483444,167.96357615894,-34.5993377483444,455.324503311258,75.8443708609272,10.7715231788079,59.0993377483444,203.801324503311,39.4238410596027,203.55298013245,39.4238410596027,0.16357048427789,0.0903636696843562
5520,17372,0.2,1,"LASP",37.4432477,-108.4743579,3,12,63.9074074074074,2362.33333333333,42.3472222222222,0.597972888888889,68.0821917808219,158.366438356164,39.4075342465753,8150.16095890411,279.017123287671,-118.304794520548,397.321917808219,149.417808219178,103.575342465753,174.455479452055,-34.9691780821918,486.02397260274,54.8013698630137,18.2294520547945,24.5034246575342,152.202054794521,80.2054794520548,122.674657534247,117.972602739726,0.181493850404124,0.0954889952678866
5520,17412,0.466666666666667,1,"LASP",39.9848652,-104.5086695,7.00000000000001,7.99999999999999,96.7041666666667,1535.4,30.9291666666667,0.449939111111111,96.6622950819672,162.970491803279,38.4295081967213,8768.95081967213,315.47868852459,-102.649180327869,418.127868852459,185.026229508197,-13.3213114754098,212.07868852459,-13.3213114754098,372.455737704918,65.6098360655738,9.31147540983607,57.2459016393443,169.259016393443,30.3967213114754,144.550819672131,30.3967213114754,0.164954853497295,0.108610654879585
5520,33010,0.266666666666667,1,"LASP",45.0341095,-113.5624829,4.00000000000001,11,24.4541666666667,2067.2,27.3708333333333,0.662005952380952,22.7477477477477,163.12012012012,39.7897897897898,8205.54954954955,248.153153153153,-157.12012012012,405.273273273273,99.4894894894895,-67.3303303303303,128.783783783784,-82.0990990990991,334.57957957958,48.2582582582583,15.2312312312312,36.4834834834835,123.498498498498,56.3423423423423,110.33033033033,58.3063063063063,0.17712324811042,0.0765747972631822
5520,33014,0.0666666666666667,1,"LASP",44.722359,-113.5203605,1,14,19.4666666666667,2208.4,27.85,0.591304471544716,19.4772036474164,162.741641337386,39.2826747720365,8321.97872340426,245.683890577508,-163.273556231003,408.957446808511,97.9726443768997,-61.4468085106383,126.683890577508,-86.8996960486322,334.358662613982,47.2674772036474,15.8936170212766,35.3465045592705,121.732522796353,58.3586626139818,109.699088145897,60.8419452887538,0.161295032245167,0.0754048349363554
5520,33020,0.466666666666667,1,"LASP",43.4619319,-113.5630006,7.00000000000001,7.99999999999999,46.2587719298246,1794.21052631579,28.2982456140351,0.406879518072289,46.6024844720497,158.465838509317,36.6024844720497,9120.7950310559,280.33850931677,-147.872670807453,428.211180124224,-0.661490683229814,133.959627329193,163.288819875776,-72.2049689440994,340.074534161491,40.027950310559,16.7981366459627,25.8757763975155,109.739130434783,59.944099378882,75.6490683229814,103.375776397516,0.130207202873262,0.0808261694219982
5520,33022,0.133333333333333,1,"LASP",43.5343116,-111.7010272,1.99999999999999,13,47.765873015873,1791.2380952381,31.8214285714286,0.77259837398374,48.6635514018692,145.046728971963,35.0685358255452,8892.17445482866,273.694704049844,-134.289719626168,407.984423676012,81.7040498442368,156.180685358255,162.788161993769,-66.5700934579439,377.417445482866,45.392523364486,22.9345794392523,19.8660436137072,117.704049844237,77.9750778816199,88.8971962616822,94.3707165109034,0.214050349931004,0.0867179008801336
5520,33023,1,1,"LASP",42.8131415,-116.6394012,15,0,65.9791666666667,1565.95,29.1666666666667,0.411326923076923,65.496855345912,162.704402515723,41.0534591194969,7698.57547169811,291.751572327044,-99.5251572327044,391.276729559748,-14.5660377358491,162.990566037736,168.393081761006,-29.4150943396226,350.641509433962,41.2767295597484,11.811320754717,31.2987421383648,121.433962264151,46.7641509433962,59.1981132075472,111.606918238994,0.137118368208236,0.0881456885823677
5520,33025,0.2,1,"LASP",42.3311564,-114.2794532,3,12,73.8,1523.75,24.3333333333333,0.550196052631579,73.4380952380952,149.6,38.3015873015873,8021.31746031746,292.288888888889,-93.2730158730159,385.561904761905,58.8190476190476,174.32380952381,179.298412698413,-27.1174603174603,294.015873015873,36.4444444444444,14.3079365079365,26.8952380952381,93.8761904761905,48.8412698412698,60.4539682539683,81.4539682539683,0.183801279054565,0.101547382642034
5520,33027,0.133333333333333,1,"LASP",42.8548166,-112.519388,1.99999999999999,13,64.0541666666667,1594.7,28.55,0.678938683127572,64.5520504731861,147.01261829653,35.8643533123028,8738.51735015773,292.779179810726,-111.883280757098,404.662460567823,84.8769716088328,171.545741324921,177.86119873817,-48.0473186119874,337.665615141956,38.9085173501577,19.1798107255521,19.205047318612,101.539432176656,63.3123028391167,72.0883280757098,88.4668769716088,0.204255670937445,0.0954114284952015
5520,33124,1,1,"LASP",42.953922,-115.2124573,15,0,88.5526315789474,1134.36842105263,24.9385964912281,0.432352845528455,88.5882352941177,158.777089783282,38.3777089783282,8544.34365325077,324.294117647059,-84.2105263157895,408.504643962848,-9.99071207430341,193.783281733746,200.520123839009,-20.0247678018576,296.173374613003,42.6594427244582,7.90712074303406,44.1919504643963,121.8173374613,31.7213622291022,40.4117647058824,111.934984520124,0.156131687797141,0.102136808524755
5520,33128,0.2,1,"LASP",42.9613154,-111.7185508,3,12,44.0833333333333,1940.78947368421,34.3640350877193,0.765764658634538,44.5235109717868,144.445141065831,35.9028213166144,8574.76802507837,266.407523510972,-130.366771159875,396.774294670846,78.5705329153605,149.905956112853,155.457680250784,-64.8902821316614,412.056426332288,46.8746081504702,24.8181818181818,16.1567398119122,122.495297805643,85.4827586206897,93.1442006269592,105.504702194357,0.205984116994712,0.0834074532547446
5520,33211,0.866666666666667,1,"LASP",44.1957002,-116.5087254,13,1.99999999999999,76.6416666666667,1061.25,39.6375,0.555286345381526,76.1162079510703,155.923547400612,37.9082568807339,8528.14373088685,307.700305810398,-98.6819571865443,406.382262996942,-24.6697247706422,179.146788990826,186.538226299694,-35.0428134556575,480.122324159021,68.3577981651376,11.1529051987768,45.0795107033639,197.305810397554,50.9694189602446,59.9357798165138,186.302752293578,0.143032513098572,0.0788826602636742
5520,33217,1,1,"LASP",43.1584349,-116.5088281,15,0,89.2666666666667,1151.95,24.6416666666667,0.409534156378601,88.303125,152.609375,38.909375,8046.734375,311.415625,-76.04375,387.459375,9.9875,188.209375,194.978125,-12.778125,297.66875,35.19375,9.003125,31.996875,101.7125,39.1125,49.18125,91.996875,0.151004355165104,0.101526306545597
5520,33218,0.0666666666666667,1,"LASP",43.4135132,-115.3610245,1,14,52.3291666666667,1616.95,38.8,0.554562025316456,50.6925465838509,162.11801242236,38.7639751552795,8508.66459627329,284.611801242236,-128.232919254658,412.844720496894,-44.6645962732919,155.484472049689,160.214285714286,-58.8105590062112,468.285714285714,69.6024844720497,14.6459627329193,45.5621118012422,195.614906832298,54.832298136646,64.3788819875776,186.521739130435,0.140169309373963,0.0734486659571999
5520,33219,0.866666666666667,1,"LASP",43.4007821,-114.252264,13,1.99999999999999,46.3991228070175,1762.68421052632,32.3201754385965,0.503049794238683,44.6512345679012,161.253086419753,37.820987654321,8808.7962962963,277.095679012346,-143.635802469136,420.731481481481,-56.8888888888889,147.851851851852,157.410493827161,-69.5462962962963,393.462962962963,52.5864197530864,16.429012345679,36.0030864197531,146.691358024691,57.4537037037037,69.6141975308642,143.364197530864,0.139845311627442,0.0768877585526939
5520,33220,0.733333333333333,1,"LASP",43.3387265,-113.8743621,11,4.00000000000001,53.1041666666667,1676.25,29.1041666666667,0.416864912280702,51.8012422360248,157.071428571429,36.7546583850932,8996.01242236025,284.385093167702,-137.695652173913,422.080745341615,-50.6770186335404,152.164596273292,167.208074534161,-65.167701863354,355.611801242236,43.9782608695652,15.6583850931677,31.5124223602484,124.649068322981,55.3757763975155,67.8229813664596,120.472049689441,0.130746579639379,0.0810640528606378
5520,33221,0.133333333333333,1,"LASP",43.8124267,-112.3960119,1.99999999999999,13,58.1,1504.15,20.4375,0.560172839506173,57.9688473520249,160.778816199377,34.9688473520249,9721.79750778816,302.688473520249,-150.065420560748,452.753894080997,109.040498442368,45.5856697819315,181.06230529595,-70.5046728971963,243.909657320872,35.9127725856698,14.0591900311526,33.5669781931464,90.6697819314642,47.2180685358255,66.6510903426791,53.2461059190031,0.181396267906915,0.0952778307544123
5520,34020,0.133333333333333,1,"LASP",40.2137205,-91.1829978,1.99999999999999,13,109.304166666667,193.25,79.1958333333333,0.852545299145299,108.799342105263,114.555921052632,27.8059210526316,10126.5789473684,306.266447368421,-98.4539473684211,404.720394736842,212.282894736842,-30.0197368421053,232.8125,-30.0197368421053,948.921052631579,113.404605263158,35.2302631578947,32.3026315789474,318.615131578947,125.720394736842,302.230263157895,125.720394736842,0.137179686996695,0.0569437210044845
5520,34022,0.933333333333333,1,"LASP",40.6514497,-90.9814019,14,1,104.1125,203.15,76.9833333333333,0.884252888888889,104.299035369775,116.459807073955,28.048231511254,10184.9742765273,303.118971061093,-104.453376205788,407.572347266881,208.881028938907,-34.9614147909968,228.717041800643,-34.9614147909968,924.006430868167,108.556270096463,32.8745980707396,33.3408360128617,310.717041800643,119.35691318328,303.636655948553,119.35691318328,0.144576042781409,0.0570551865210404
5520,34025,0.0666666666666667,1,"LASP",40.6004653,-89.6657014,1,14,105.15,193.15,78.1375,0.879417748917749,105.218954248366,116.31045751634,28.4934640522876,10104.7385620915,301.794117647059,-99.9869281045752,401.781045751634,208.637254901961,-33.375816993464,228.562091503268,-33.375816993464,938.300653594771,102.581699346405,38.016339869281,27.6503267973856,302.343137254902,141.062091503268,289.375816993464,141.062091503268,0.14179862539588,0.0564264728037023
5520,34027,0.0666666666666667,1,"LASP",40.6045464,-89.3175167,1,14,105.383333333333,209.05,78.3625,0.876886752136752,105.565916398714,116.958199356913,28.8392282958199,10061.8360128617,302.006430868167,-97.9260450160772,399.932475884244,208.684887459807,-32.0771704180064,228.627009646302,-32.0771704180064,939.784565916399,102.610932475884,38.6559485530547,27.2057877813505,302.504823151125,144.527331189711,287.463022508039,144.527331189711,0.141685551869976,0.0566257638870025
5520,34030,0.0666666666666667,1,"LASP",40.0787817,-88.5584799,1,14,109.228070175439,217.736842105263,80.8991228070175,0.850635207207207,109.340983606557,117.134426229508,29.4327868852459,9865.65901639344,301.914754098361,-90.0819672131148,391.996721311475,210.685245901639,-25.144262295082,229.760655737705,-25.144262295082,971.632786885246,108.301639344262,45.9147540983607,23.9934426229508,307.47868852459,164.049180327869,296.95737704918,164.049180327869,0.134457956592238,0.0560835502686509
5520,34031,0.2,1,"LASP",40.7143846,-88.5637682,3,12,102.342592592593,224.111111111111,76.4259259259259,0.841406837606838,102.116883116883,116.327922077922,28.9675324675325,10052.525974026,297.133116883117,-100.824675324675,397.957792207792,205.467532467532,-35.4318181818182,224.805194805195,-35.4318181818182,915.785714285714,102.288961038961,37.8636363636364,26.9545454545455,296.230519480519,142.62012987013,284.681818181818,142.62012987013,0.135824859265789,0.0561931265659644
5520,34038,0.0666666666666667,1,"LASP",39.799577,-90.4109104,1,14,112.87962962963,177.166666666667,78.8333333333333,0.892428138528139,112.881188118812,118.204620462046,29.5577557755776,9740.52475247525,306.508250825082,-87.5346534653465,394.042904290429,212.73597359736,-19.8481848184818,232.042904290429,-19.8481848184818,945.069306930693,107.069306930693,38.5907590759076,27.1914191419142,306.739273927393,141.036303630363,286.382838283828,141.036303630363,0.148767412458625,0.0594045549664003
5520,34049,0.533333333333333,1,"LASP",38.3851828,-90.2587326,7.99999999999999,7.00000000000001,127.666666666667,165.111111111111,83.087962962963,0.799619298245614,127.865771812081,124.815436241611,31.6510067114094,9303.87248322148,318.328859060403,-69.9731543624161,388.302013422819,165.318791946309,1.80201342281879,243.44966442953,1.80201342281879,993.815436241611,105.298657718121,51.761744966443,18.1979865771812,294.818791946309,188.560402684564,268.187919463087,188.560402684564,0.132482046145463,0.0616015545717389
5520,34051,0.0666666666666667,1,"LASP",38.6981367,-89.5364836,1,14,125.960526315789,150.315789473684,81.5745614035088,0.804564035087719,125.799331103679,116.722408026756,30.0401337792642,9411.58528428094,314.752508361204,-67.5451505016722,382.297658862876,169.782608695652,-1.41137123745819,242.351170568562,-1.41137123745819,976.745819397993,104.04347826087,50.1204013377926,19.2441471571906,297.157190635452,185.357859531773,266.545150501672,185.357859531773,0.134150793428343,0.0616293662324949
5520,34052,0.0666666666666667,1,"LASP",38.6699717,-89.6602444,1,14,126.783333333333,148.1,81.0875,0.801928240740741,126.667774086379,116.262458471761,29.9933554817276,9413.18272425249,315.232558139535,-66.4352159468439,381.667774086379,175.943521594684,-0.372093023255814,243.36877076412,-0.372093023255814,972.770764119601,104.112956810631,50.3156146179402,18.9734219269103,295.408637873754,184.292358803987,266.661129568106,184.292358803987,0.134735525373548,0.0622208551966205
5520,34060,0.2,1,"LASP",37.9708433,-89.7475091,3,12,129.49537037037,149.555555555556,88.8842592592593,0.809350900900901,129.571906354515,124.829431438127,32.0635451505017,9139.61872909699,318.903010033445,-64.3578595317726,383.260869565217,129.277591973244,5.94648829431438,243.090301003344,5.94648829431438,1065.86622073579,111.625418060201,57.7658862876254,17.4581939799331,315.301003344482,212.565217391304,281.107023411371,212.565217391304,0.125156811874266,0.0578882843935237
5520,34067,0.266666666666667,1,"LASP",41.3410603,-90.5307719,4.00000000000001,11,98.4291666666667,216.45,75.7291666666667,0.871878947368421,98.5128205128205,110.86858974359,26.7948717948718,10394.5288461538,296.201923076923,-109.384615384615,405.586538461538,224.073717948718,-43.625,225.525641025641,-43.625,907.36858974359,108.884615384615,30.6410256410256,34.9070512820513,314.807692307692,115.657051282051,314.807692307692,115.657051282051,0.14062647976291,0.05551557673499
5520,34070,0.333333333333333,1,"LASP",40.0572405,-91.1273048,4.99999999999999,10,110.701754385965,195.578947368421,79.5,0.853624242424243,110.52614379085,113.977124183007,27.9248366013072,10043.7287581699,306.598039215686,-94.4150326797386,401.013071895425,213.124183006536,-26.9705882352941,233.519607843137,-26.9705882352941,952.846405228758,112.732026143791,36.0228758169935,31.2843137254902,317.777777777778,129.43137254902,299.947712418301,129.43137254902,0.138091693426108,0.0575030390528955
5520,34071,0.266666666666667,1,"LASP",40.3045239,-90.1357207,4.00000000000001,11,108.304166666667,173.7,78.5666666666667,0.891238528138528,108.699029126214,117.692556634304,28.789644012945,10040.067961165,305.779935275081,-96.663430420712,402.443365695793,211.608414239482,-29.0097087378641,231.10355987055,-29.0097087378641,943.177993527508,103.967637540453,38.326860841424,27.3106796116505,303.161812297735,140.886731391586,290.472491909385,140.886731391586,0.145615072560741,0.0576060923639499
5520,34074,0.6,1,"LASP",39.2888385,-90.550608,9,6,118.027777777778,175.055555555556,78.8611111111111,0.876860200179937,118.233552631579,121.667763157895,30.3223684210526,9578.03289473684,312.039473684211,-82.6842105263158,394.723684210526,215.963815789474,-12.5197368421053,236.009868421053,-12.5197368421053,946.700657894737,106.023026315789,41.0657894736842,24.3947368421053,296.950657894737,152.8125,275.921052631579,152.8125,0.1490463306455,0.0614796286392255
5520,34080,0.2,1,"LASP",37.2026548,-89.274296,3,12,138.671296296296,119.444444444444,100.569444444444,0.783825974025974,138.648275862069,118.196551724138,31.4103448275862,8953.39655172414,321.144827586207,-49.4965517241379,370.641379310345,139.120689655172,200.489655172414,249.948275862069,17.3827586206897,1205.41724137931,127.186206896552,74.8137931034483,15.6034482758621,365.544827586207,254,289.748275862069,280.272413793103,0.107775822980174,0.0529730043834806
5520,34312,0.266666666666667,1,"LASP",39.8173797,-90.4058819,4.00000000000001,11,112.87962962963,177.166666666667,78.8333333333333,0.892590990990991,112.796052631579,118.174342105263,29.5361842105263,9746.44078947369,306.476973684211,-87.7072368421053,394.184210526316,212.717105263158,-20.0296052631579,232.013157894737,-20.0296052631579,945.276315789474,107.009868421053,38.5723684210526,27.2105263157895,306.835526315789,140.973684210526,286.592105263158,140.973684210526,0.148707086184609,0.0593560490215053
5520,34316,0.133333333333333,1,"LASP",38.8433817,-89.3901378,1.99999999999999,13,123.666666666667,159.388888888889,81.5,0.815287837837838,123.554817275748,118.325581395349,30.2624584717608,9451.99003322259,314.328903654485,-70.9601328903654,385.28903654485,174.016611295681,-4.46843853820598,240.471760797342,-4.46843853820598,977.767441860465,103.571428571429,49.6013289036545,20.0166112956811,299.488372093023,184.02657807309,268.299003322259,184.02657807309,0.134837369417274,0.0608050329932957
5520,35035,0.0666666666666667,1,"LASP",38.7744667,-86.7647789,1,14,120.342105263158,190,94.640350877193,0.840023530109056,120.59,122.666666666667,32.4966666666667,8993.17333333333,305.386666666667,-66.63,372.016666666667,204.646666666667,6.96333333333333,232.016666666667,-0.92,1135.66666666667,124.16,69.41,18.4733333333333,346.266666666667,229.763333333333,318.56,229.863333333333,0.116868553461104,0.0510790137087398
5520,36001,0.533333333333333,1,"LASP",40.7698922,-91.6797963,7.99999999999999,7.00000000000001,104.219298245614,210.894736842105,77.6271929824561,0.86851223628692,104.370967741935,118.190322580645,28.0096774193548,10300.7387096774,306.235483870968,-107.974193548387,414.209677419355,214.016129032258,-37.0774193548387,230.409677419355,-37.0774193548387,933.303225806452,114.977419354839,30.0870967741935,36.2870967741936,322.787096774194,112.354838709677,315.916129032258,112.354838709677,0.140092178586103,0.0563890598613617
5520,36002,0.333333333333333,1,"LASP",40.6527332,-92.8864804,4.99999999999999,10,102.675925925926,290.277777777778,78.1064814814815,0.834162666666667,102.770226537217,121.093851132686,28.7993527508091,10183.7313915858,305.265372168285,-108.04854368932,413.313915857605,208.663430420712,-36.6601941747573,227.427184466019,-36.6601941747573,940.747572815534,113.721682847896,30.9223300970874,38.5987055016181,331.326860841424,105.05501618123,324.744336569579,105.05501618123,0.132795206537578,0.0556338626822094
5520,36013,0.0666666666666667,1,"LASP",41.6586017,-94.1444549,1,14,92.4791666666667,324.3,70.0125,0.861192105263158,92.7070063694268,122.853503184713,27.9363057324841,10754.7388535032,301.585987261146,-128.168789808917,429.754777070064,203.630573248408,-55.3662420382166,223.735668789809,-55.3662420382166,840.519108280255,120.487261146497,21.3853503184713,47.2484076433121,325.273885350318,75.3757961783439,321.987261146497,75.3757961783439,0.147003689533228,0.0579857250740189
5520,36015,0.0666666666666667,1,"LASP",41.4483667,-95.7265309,1,14,95.8728070175439,354.894736842105,65.9122807017544,0.861391075591075,96.2190476190476,121.806349206349,28.0920634920635,10657.9650793651,302.533333333333,-122.952380952381,425.485714285714,206.952380952381,-48.9428571428571,227.431746031746,-48.9428571428571,792.393650793651,111.711111111111,18.0730158730159,50.6349206349206,314.393650793651,63.4761904761905,301.238095238095,63.4761904761905,0.158221282541864,0.0629644997555255
5520,36028,0.933333333333333,1,"LASP",42.4902437,-96.3743819,14,1,88.5375,377.65,57.9541666666667,0.868521052631579,88.7563291139241,128.306962025316,28.5348101265823,10990.4430379747,303.132911392405,-136.971518987342,440.104430379747,202.895569620253,-60.1329113924051,224.164556962025,-60.1329113924051,694.142405063291,106.123417721519,14.1392405063291,52.5601265822785,289.768987341772,53.5158227848101,273.101265822785,53.5158227848101,0.17119454756699,0.0662759529972723
5520,38006,0.933333333333333,1,"LASP",37.3190352,-97.349158,14,1,139.183333333333,382.7,67.7583333333333,0.574568518518518,139.40206185567,129.202749140893,31.3367697594502,9629.05841924399,341.666666666667,-64.639175257732,406.305841924399,236.030927835052,11.3745704467354,260.824742268041,11.3745704467354,810.312714776632,112.907216494845,21.7903780068729,43.3539518900344,307.33676975945,80.8556701030928,283.013745704467,80.8556701030928,0.126797500391549,0.0797141479651551
5520,38007,0.933333333333333,1,"LASP",37.2322087,-97.2582029,14,1,140.600877192982,368.473684210526,69.0964912280702,0.591099537037037,140.435810810811,130.077702702703,31.6486486486486,9569.46283783784,341.925675675676,-63.4898648648649,405.415540540541,236.391891891892,13.0641891891892,261.02027027027,13.0641891891892,827.168918918919,114.493243243243,22.847972972973,42.5135135135135,310.128378378378,84.2837837837838,284.047297297297,84.2837837837838,0.128019248901591,0.0790877634460918
5520,38014,0.933333333333333,1,"LASP",38.9715017,-95.9097289,14,1,123.25462962963,344.722222222222,75.0833333333333,0.777322807017544,123.481727574751,124.348837209302,30.093023255814,9799.17275747508,321.847176079734,-83.843853820598,405.691029900332,222.770764119601,-8.50166112956811,245.265780730897,-8.50166112956811,901.102990033223,134.282392026578,25.3820598006645,45.3189368770764,345.481727574751,87.2591362126246,323.704318936877,87.2591362126246,0.142763686924922,0.0674952509366909
5520,38015,1,1,"LASP",38.5354618,-95.8576087,15,0,125.982456140351,346.263157894737,77.4385964912281,0.751460256410256,125.719594594595,126.287162162162,30.5506756756757,9728.10810810811,324.206081081081,-82.7128378378378,406.918918918919,223.702702702703,-6.24662162162162,246.081081081081,-6.24662162162162,927.435810810811,140.685810810811,25.3918918918919,45.6858108108108,353.722972972973,86.7804054054054,331.584459459459,86.7804054054054,0.135134136008206,0.0663791698707423
5520,38016,1,1,"LASP",38.9939527,-96.9002609,15,0,123.680555555556,389.444444444444,70.0740740740741,0.69743698630137,124.036789297659,130.374581939799,30.6923076923077,9980.872909699,329.842809364548,-87.3478260869565,417.190635451505,225.197324414716,-10.1003344481605,249.076923076923,-10.1003344481605,839.137123745819,131.929765886288,19.4581939799331,49.8963210702341,338.936454849498,70.1973244147157,313.518394648829,70.1973244147157,0.136833416917044,0.0713507602129055
5520,38017,0.866666666666667,1,"LASP",38.3623234,-96.5605733,13,1.99999999999999,126.333333333333,417.333333333333,72.3935185185185,0.741314666666667,126.315254237288,129.722033898305,30.8881355932203,9745.23389830508,328.403389830509,-83.8847457627119,412.28813559322,224.237288135593,-5.73559322033898,247.342372881356,-5.73559322033898,870.122033898305,136.094915254237,21.2135593220339,48.3661016949153,341.535593220339,74.8474576271186,317.477966101695,74.8474576271186,0.143679853924536,0.0714973016730735
5520,38019,1,1,"LASP",39.0607981,-97.1112208,15,0,125.460526315789,386.736842105263,68.0131578947368,0.673935111111111,125.793333333333,131.803333333333,30.9133333333333,10018.6366666667,333.64,-85.7266666666667,419.366666666667,227.443333333333,-8.43,251.65,-8.43,810.59,126.076666666667,18.58,50.3233333333333,330.546666666667,66.9233333333333,306.233333333333,66.9233333333333,0.137355611170007,0.0739432757460221
5520,38021,1,1,"LASP",38.5515107,-98.0351929,15,0,125.464912280702,490.789473684211,59.5394736842105,0.619830701754386,125.295302013423,136.973154362416,31.9597315436242,9937.09060402685,336.691275167785,-85.9597315436242,422.651006711409,226.157718120805,-6.19127516778523,251.406040268456,-6.19127516778523,715.744966442953,106.312080536913,14.506711409396,50.2315436241611,294.573825503356,58.2315436241611,273.738255033557,58.2315436241611,0.142383810839932,0.0816020622278072
5520,38025,0.933333333333333,1,"LASP",39.5831024,-100.3295925,14,1,111.741228070175,801.315789473684,45.1184210526316,0.557524122807018,111.523026315789,154.5,35.5,9684.84868421053,330.832236842105,-98.9309210526316,429.763157894737,210.927631578947,-12.6282894736842,237.134868421053,-12.6282894736842,541.960526315789,92.7368421052632,10.5986842105263,61.8157894736842,257.407894736842,35.3125,228.365131578947,35.3125,0.15357971345334,0.0916579651306016
5520,38026,1,1,"LASP",39.0805438,-95.5671042,15,0,124.118421052632,314.789473684211,77.1973684210526,0.783992694063927,124.270627062706,121.792079207921,29.6666666666667,9779.55445544554,321.089108910891,-81.3828382838284,402.471947194719,223.696369636964,-7.32013201320132,245.785478547855,-7.32013201320132,926.320132013201,137.643564356436,26.5808580858086,45.1782178217822,354.023102310231,90.3465346534653,333.640264026403,90.3465346534653,0.140206317764439,0.0658929767038571
5520,38027,0.8,1,"LASP",39.251508,-95.5347369,12,3,122.895833333333,317.95,77.275,0.78401052631579,122.970297029703,123.122112211221,29.8514851485149,9826.78547854785,321.181518151815,-83.7128712871287,404.894389438944,223.105610561056,-9.53795379537954,244.950495049505,-9.53795379537954,928.26402640264,137.755775577558,25.2706270627063,46.8217821782178,358.392739273927,86.2871287128713,338.49504950495,86.2871287128713,0.139076593327693,0.065160721464785
5520,38028,0.933333333333333,1,"LASP",39.9000807,-96.8711409,14,1,113.725,414.6,66.0166666666667,0.750398222222222,113.470588235294,133.415032679739,30.6928104575163,10281.6339869281,325.209150326797,-103.084967320261,428.294117647059,218.820261437908,-24.9673202614379,242.183006535948,-24.9673202614379,792.81045751634,116.160130718954,15.7352941176471,52.7908496732026,320.490196078431,59.375816993464,311.323529411765,59.375816993464,0.148025610911722,0.0704201305060875
5520,38030,0.8,1,"LASP",39.9367553,-97.0124144,12,3,112.875,423.444444444444,65.1064814814815,0.747037229437229,113.019672131148,133.685245901639,30.8590163934426,10257.4,324.92131147541,-102.649180327869,427.570491803279,218.059016393443,-24.8229508196721,241.590163934426,-24.8229508196721,782.806557377049,114.029508196721,15.4459016393443,52.9081967213115,316.816393442623,58.6622950819672,307.514754098361,58.6622950819672,0.148743845207864,0.0709638273780748
5520,38032,1,1,"LASP",39.3447742,-98.7508415,15,0,115.912037037037,527.166666666667,53.0416666666667,0.567001351351351,116.122112211221,147.861386138614,33.0858085808581,10186.795379538,337.947194719472,-102.524752475248,440.471947194719,220.947194719472,-18.0561056105611,246.412541254125,-18.0561056105611,637.112211221122,96.1617161716172,12.8118811881188,53.0759075907591,264.221122112211,46.6237623762376,244.6699669967,46.6237623762376,0.137448649162813,0.0820157138954125
5520,38037,1,1,"LASP",37.3143937,-100.4350879,15,0,129.862745098039,807.176470588235,44.1764705882353,0.569257657657658,130.109589041096,158.729452054795,36.972602739726,9335.22260273973,342.143835616438,-81.513698630137,423.657534246575,225.22602739726,8.97945205479452,249.979452054795,8.97945205479452,529.369863013699,82.3150684931507,11.6712328767123,56.5684931506849,238.41095890411,41.722602739726,220.753424657534,41.722602739726,0.173643348862432,0.106644326653434
5520,38105,0.733333333333333,1,"LASP",37.3003447,-96.1012279,11,4.00000000000001,139.449074074074,297.888888888889,79.9537037037037,0.758784649122807,139.46735395189,134.914089347079,33.1752577319588,9248.65979381443,335.876288659794,-65.1408934707904,401.017182130584,212.158075601375,15.0240549828179,254.92439862543,15.0240549828179,957.481099656357,132.264604810997,29.1408934707904,39.7766323024055,341.463917525773,103.168384879725,298.013745704467,103.168384879725,0.140703811233483,0.0708317234367874
5520,38118,0.8,1,"LASP",38.9147327,-97.3687519,12,3,127.495833333333,394.9,65.6708333333333,0.634434210526316,127.682119205298,132.490066225166,31.0364238410596,10007.5165562914,336.672185430464,-83.0298013245033,419.701986754967,228.983443708609,-5.67549668874172,253.894039735099,-5.67549668874172,789.665562913907,119.470198675497,19.8675496688742,48.3609271523179,319.221854304636,71.2152317880795,291.698675496689,71.2152317880795,0.133873679081033,0.0759494899856946
5520,38302,0.466666666666667,1,"LASP",37.3690207,-95.4488589,7.00000000000001,7.99999999999999,138.406862745098,271.764705882353,85.5343137254902,0.721865315315315,138.428571428571,128.387755102041,31.7278911564626,9316.99659863946,333.227891156463,-66.0476190476191,399.275510204082,201.051020408163,12.6054421768707,254.272108843537,12.6054421768707,1024.27210884354,133.93537414966,34.1394557823129,37.4931972789116,355.428571428571,116.69387755102,312.455782312925,116.69387755102,0.122673965183124,0.064669749123654
5520,38304,0.733333333333333,1,"LASP",37.7959759,-97.4634159,11,4.00000000000001,133.259803921569,428.058823529412,66.2647058823529,0.595453153153153,133.537162162162,127.47972972973,30.6385135135135,9771.31756756757,338.043918918919,-71.1114864864865,409.155405405405,232.10472972973,3.87837837837838,256.966216216216,3.87837837837838,791.976351351351,115.996621621622,18.2060810810811,46.8614864864865,312.577702702703,71.5675675675676,288.121621621622,71.5675675675676,0.130544699982405,0.0788482670225791
5520,38307,1,1,"LASP",37.8296057,-100.8706786,15,0,122.435185185185,890.833333333333,39.8240740740741,0.662912280701754,122.530612244898,159.479591836735,36.6836734693878,9448.5612244898,338.561224489796,-90.0374149659864,428.598639455782,219.646258503401,0.397959183673469,244.520408163265,0.397959183673469,479.241496598639,77.8299319727891,9.48639455782313,61.8333333333333,226.323129251701,32.0918367346939,209.530612244898,32.0918367346939,0.203644145589107,0.11027382527212
5520,38312,0.466666666666667,1,"LASP",38.2039494,-97.2078887,7.00000000000001,7.99999999999999,128.475490196078,440.352941176471,68.6176470588235,0.641781081081081,128.371621621622,129.939189189189,30.8986486486486,9829.73986486487,333.898648648649,-80.3141891891892,414.212837837838,227.435810810811,-3.48310810810811,251.621621621622,-3.48310810810811,826.344594594595,124.523648648649,19.6689189189189,47.1047297297297,327.422297297297,74.3581081081081,297.868243243243,74.3581081081081,0.131653289069388,0.0743221459210866
5520,38315,0.0666666666666667,1,"LASP",38.4682058,-100.7232236,1,14,115.856481481481,882,41.6805555555556,0.470968444444444,115.92,160.376666666667,36.42,9645.38333333333,337.28,-97.1666666666667,434.446666666667,215.643333333333,-8.04666666666667,241.223333333333,-8.04666666666667,502.806666666667,79.64,11.2766666666667,59.1933333333333,233.283333333333,36.4433333333333,215.863333333333,36.4433333333333,0.146058901555449,0.0977499290112621
5520,38317,1,1,"LASP",39.7839097,-95.2272709,15,0,116.115740740741,304.555555555556,75.7314814814815,0.844256837606838,116.441176470588,125.375816993464,29.797385620915,10092.931372549,318.098039215686,-96.1633986928105,414.261437908497,220.509803921569,-21.0980392156863,240.866013071895,-21.0980392156863,911.503267973856,124.173202614379,23.078431372549,48.0424836601307,350.058823529412,80.6535947712418,338.918300653595,80.6535947712418,0.149407787589451,0.0639466978080995
5520,39003,0.2,1,"LASP",36.6896267,-88.1808759,3,12,141.475,149.7,109.4125,0.816689814814815,141.601374570447,123.347079037801,33.6769759450172,8477.15120274914,317.378006872852,-43.1752577319588,360.553264604811,142.178694158076,202.33676975945,246.333333333333,26.4123711340206,1311.55326460481,131.625429553265,82.5876288659794,14.0927835051546,376.560137457045,267.979381443299,302.371134020619,336.364261168385,0.102998300946535,0.0492068303731378
5520,42016,0.333333333333333,1,"LASP",30.8315727,-93.3184289,4.99999999999999,10,188.509259259259,55.4444444444444,121.5,0.787948529411765,188.412408759124,128.142335766423,40.7627737226277,6630.68613138686,335.762773722628,25.1715328467153,310.591240875912,120.569343065693,215.01094890511,268.92700729927,97.948905109489,1451.6897810219,160.565693430657,96.5328467153285,14.1313868613139,414.905109489051,312.423357664234,354.171532846715,404.372262773723,0.106201198804821,0.0591885795510468
5520,45013,0.0666666666666667,1,"LASP",50.07638,-96.60014,1,14,20.1006944444444,244.583333333333,43.1527777777778,0.841626133205704,20.2786885245902,111.96174863388,22.292349726776,13077.0245901639,252.991803278689,-238.224043715847,491.215846994536,176.669398907104,-146.513661202186,176.669398907104,-160.234972677596,517.327868852459,81.8907103825137,16.6393442622951,51.6475409836066,227.196721311475,61.7322404371585,227.196721311475,61.9617486338798,0.137461448576234,0.0457748445113327
5520,45102,0.133333333333333,1,"LASP",49.56482,-96.88941,1.99999999999999,13,22.8442028985507,254.608695652174,42.7065217391304,0.84436962962963,22.8421052631579,114.252077562327,22.9418282548476,13029.7590027701,256.454293628809,-233.814404432133,490.268698060942,178.603878116343,-153.321329639889,178.603878116343,-157.01108033241,512.584487534626,82.7146814404432,15.4653739612188,54.409972299169,228.645429362881,56.7950138504155,228.645429362881,56.7950138504155,0.140788825313862,0.0470452943753497
5520,45203,0.533333333333333,1,"LASP",49.10385,-97.84131,7.99999999999999,7.00000000000001,30.5104166666667,296.708333333333,40.9756944444444,0.851490909090909,30.3983286908078,118.493036211699,23.9136490250696,12825.5933147632,264.094707520891,-221.325905292479,485.42061281337,184.660167130919,-145.406685236769,184.660167130919,-145.406685236769,491.880222841226,79.6545961002786,14.1448467966574,56.4763231197772,221.640668523677,48.3788300835655,221.640668523677,48.3788300835655,0.152171740762401,0.0514606070686496
5520,45205,0.933333333333333,1,"LASP",49.51136,-98.16004,14,1,27.9246031746032,311.619047619048,40.6428571428571,0.85934503772839,27.890756302521,117.761904761905,23.5574229691877,12885.7871148459,262.719887955182,-224.826330532213,487.546218487395,182.952380952381,-148.532212885154,182.952380952381,-148.532212885154,486.708683473389,78.7450980392157,15.0504201680672,55.3137254901961,220.535014005602,52.0112044817927,220.535014005602,52.0112044817927,0.153235271246131,0.051011641412497
5520,45213,0.0666666666666667,1,"LASP",50.44475,-96.55677,1,14,18.5119047619048,229.142857142857,43.4523809523809,0.776454316125376,18.7021857923497,111.898907103825,22.1639344262295,13116.3633879781,251.855191256831,-241.521857923497,493.377049180328,175.592896174863,-144.5,175.592896174863,-162.418032786885,520.795081967213,80.9945355191257,17.4562841530055,49.3633879781421,224.398907103825,65.396174863388,224.398907103825,65.9234972677596,0.12281079205219,0.0441488293759957
5520,50015,0.2,1,"LASP",45.6049323,-93.8828669,3,12,56.4960317460317,325.190476190476,60.5793650793651,0.881876887943933,57.0870870870871,123.213213213213,25.7687687687688,11834.975975976,282.453453453453,-187.12012012012,469.573573573574,200.447447447447,-106.093093093093,200.447447447447,-106.093093093093,727.171171171171,112.888888888889,18.6186186186186,52.018018018018,306.564564564565,63.4474474474474,306.564564564565,63.4474474474474,0.142766798996486,0.0500232019589142
5520,50043,0.2,1,"LASP",47.5136293,-96.6336288,3,12,43.9960317460317,282.333333333333,44.9007936507937,0.854690224089636,43.8843930635838,122.557803468208,24.6387283236994,12656.0057803468,278.679190751445,-210.549132947977,489.228323699422,196.361271676301,-130.06936416185,196.361271676301,-130.06936416185,539.49710982659,92.0693641618497,12.2369942196532,59.0115606936416,244.190751445087,43.8410404624277,244.190751445087,43.8410404624277,0.15521181057994,0.0541667968262262
5520,51023,0.933333333333333,1,"LASP",33.1507326,-88.6241136,14,1,168.87962962963,86.9444444444444,116.912037037037,0.812692608987257,168.989130434783,130.86231884058,39.5579710144928,7292.5652173913,327.829710144928,0.521739130434783,327.307971014493,125.29347826087,221.789855072464,259.79347826087,72.213768115942,1402.60144927536,156.655797101449,81.0652173913043,21.0942028985507,431.815217391304,258.300724637681,303.663043478261,402.916666666667,0.105751542379345,0.0544231714120147
5520,52001,0.133333333333333,1,"LASP",36.8252566,-89.2477946,1.99999999999999,13,142.519607843137,101.823529411765,104.196078431373,0.762832367149758,142.574829931973,117.789115646259,31.4727891156463,8853.68707482993,323.744897959184,-44.0646258503401,367.809523809524,143.265306122449,204.704081632653,252.5,22.4081632653061,1247.87414965986,130.12925170068,77.6632653061225,16.0034013605442,377.816326530612,255.683673469388,289.241496598639,300.942176870748,0.101298560394638,0.0517510855554619
5520,52002,0.4,1,"LASP",36.5936897,-90.7479869,6,9,139.188596491228,142.157894736842,99.8771929824561,0.812315942028986,139.795221843003,134.443686006826,34.6894197952218,8741.80204778157,329.109215017065,-52.703071672355,381.81228668942,139.98976109215,192.368600682594,248.962457337884,22.1706484641638,1199.78156996587,125.744027303754,74.8566552901024,16.2457337883959,363.327645051195,257.726962457338,268.430034129693,280.696245733788,0.11445806793375,0.0543993116625345
5520,52007,0.4,1,"LASP",37.3066269,-89.526555,6,9,135.482456140351,136,98.6447368421053,0.796342222222222,135.989619377163,121.965397923875,31.9204152249135,9001.31833910035,321.346020761246,-54.636678200692,375.982698961938,136.491349480969,149.377162629758,247.899653979239,14.0415224913495,1185.92733564014,126.179930795848,73.5847750865052,16.0553633217993,360.031141868512,254.498269896194,288.861591695502,266.726643598616,0.111032531552094,0.0533231615677151
5520,52010,0.133333333333333,1,"LASP",37.3759607,-91.5529269,1.99999999999999,13,129.740740740741,352.222222222222,90.8888888888889,0.856452,129.959595959596,135.195286195286,34.3804713804714,8741.93602693603,319,-68.5622895622896,387.56228956229,133.666666666667,10.5656565656566,237.686868686869,10.5656565656566,1089.85185185185,116.505050505051,52.3703703703704,19.7104377104377,327.626262626263,199.545454545455,283.350168350168,199.545454545455,0.135985878584221,0.0596395024812913
5520,52014,0.133333333333333,1,"LASP",37.4542087,-93.513291,1.99999999999999,13,129.976851851852,331.666666666667,90.0231481481482,0.786455111111111,130.080267558528,128.742474916388,32.7123745819398,9008.4381270903,319.886287625418,-68.3010033444816,388.1872909699,179.454849498328,8.62876254180602,242.414715719064,8.62876254180602,1081.13377926421,124.217391304348,42.6421404682274,26.8294314381271,346.732441471572,164.759197324415,298.682274247492,164.759197324415,0.123153876880343,0.0589047425338834
5520,52019,0.8,1,"LASP",38.9160367,-91.6100939,12,3,120.267543859649,228.578947368421,82.3157894736842,0.855259210526316,120.237623762376,126.052805280528,31.1221122112211,9530.44884488449,316.270627062706,-82.2013201320132,398.471947194719,207.749174917492,-9.37623762376238,238.359735973597,-9.37623762376238,987.376237623762,117.135313531353,41.5280528052805,25.7986798679868,318.524752475248,154.498349834983,287.953795379538,154.498349834983,0.140997672633674,0.0601299600945681
5520,52027,0.666666666666667,1,"LASP",39.4571477,-92.1893609,10,5,118.009259259259,239.833333333333,82.6388888888889,0.816306926406926,118.271241830065,120.676470588235,29.6111111111111,9754.96732026144,315.003267973856,-85.4477124183007,400.450980392157,217.588235294118,-14.8627450980392,238.522875816993,-14.8627450980392,991.183006535948,117.915032679739,36.8888888888889,32.0228758169935,334.934640522876,130.464052287582,311.372549019608,130.464052287582,0.131418833794978,0.0585356436448105
5520,52054,0.133333333333333,1,"LASP",36.6429207,-92.9744729,1.99999999999999,13,136.634259259259,319,91.3935185185185,0.817477927927928,136.872852233677,137.395189003436,35.2096219931272,8576.46048109966,325.474226804124,-59.3951890034364,384.86941580756,176.969072164948,20.6872852233677,243.429553264605,20.6872852233677,1098.85223367698,122.549828178694,51.8178694158076,20.8350515463918,333.525773195876,198.86941580756,277.446735395189,198.86941580756,0.130836998903247,0.0612324315448492
5520,52056,0.2,1,"LASP",37.2408609,-89.8075467,3,12,134.6125,143.5,98.4958333333333,0.803932420091324,134.671232876712,126.328767123288,32.6746575342466,8989.8801369863,322.510273972603,-58.1232876712329,380.633561643836,135.345890410959,120.787671232877,246.434931506849,12.6609589041096,1183.71917808219,125.986301369863,73.4143835616438,16.4520547945205,360.462328767123,255.099315068493,286.308219178082,262.664383561644,0.111984801114171,0.0530952477530532
5520,52066,0.666666666666667,1,"LASP",39.7948327,-93.1267409,10,5,114.982456140351,241.526315789474,84.0263157894737,0.818262820512821,115.022950819672,121.734426229508,29.5704918032787,9870.58360655738,312.996721311475,-92.6590163934426,405.655737704918,215.83606557377,-20.5639344262295,235.75737704918,-20.5639344262295,1006.55081967213,118.009836065574,38.0786885245902,32.2918032786885,333.750819672131,135.304918032787,314.908196721311,135.304918032787,0.127537869282369,0.0562529066430175
5520,52067,0.733333333333333,1,"LASP",39.3970207,-94.5010299,11,4.00000000000001,120.308333333333,279.85,79.6291666666667,0.801843722943723,120.5,120.254966887417,29.3841059602649,9844.24834437086,316.245033112583,-86.1556291390728,402.400662251656,221.158940397351,-13.4105960264901,241.811258278146,-13.4105960264901,955.771523178808,123.996688741722,28.7847682119205,43.341059602649,356.056291390728,97.8443708609272,336.579470198675,97.8443708609272,0.136055733528021,0.0620002469931442
5520,52131,0.733333333333333,1,"LASP",39.7131417,-94.0662299,11,4.00000000000001,112.361111111111,279.055555555556,78.2314814814815,0.816741991341991,112.1875,124.263157894737,29.4276315789474,10057.7894736842,313.098684210526,-101.825657894737,414.924342105263,215.792763157895,-26.3782894736842,235.263157894737,-26.3782894736842,936.894736842105,118.072368421053,26.5197368421053,41.6578947368421,335.019736842105,97.0559210526316,319.101973684211,97.0559210526316,0.136042405952406,0.0595921447353101
5520,53002,0.133333333333333,1,"LASP",48.1080187,-114.4619289,1.99999999999999,13,48.6547619047619,1182.28571428571,49,0.802134924092211,48.3438395415473,130.991404011461,35.4383954154728,7823.59885386819,257.283667621776,-106.756446991404,364.04011461318,8.82234957020057,89.5386819484241,150.679083094556,-50.4555873925501,592.255014326648,70.1690544412607,34.025787965616,23.3037249283668,187.87106017192,114.595988538682,142.833810888252,170.965616045845,0.162341386802981,0.0623229889976726
5520,53009,0.2,1,"LASP",48.2200197,-107.868382,3,12,53.968253968254,760.809523809524,25.7380952380952,0.491183141762452,53.3810888252149,155.624641833811,32.3696275071633,10837.8022922636,294.914040114613,-178.386819484241,473.300859598854,164.507163323782,-91.5616045845272,188.994269340974,-91.9054441260745,308.100286532951,58.163323782235,8.06303724928367,65.5616045845272,155.343839541547,29.3467048710602,132.659025787966,29.3467048710602,0.131921160742714,0.0737023506167142
5520,53017,0.266666666666667,1,"LASP",47.4941887,-111.2628629,4.00000000000001,11,67.4305555555556,1126.16666666667,31.9965277777778,0.594002409638554,67.7243401759531,139.803519061584,34.4809384164223,8575.43988269795,280.214076246334,-119.847507331378,400.061583577713,152.208211143695,-41.5513196480938,178.472140762463,-41.5513196480938,379.217008797654,68.158357771261,13.2404692082111,55.4134897360704,170.161290322581,48.3372434017595,140.258064516129,48.3372434017595,0.163155044281359,0.083947333615078
5520,53019,0.6,1,"LASP",47.7874097,-109.4150839,9,6,59.5793650793651,994.857142857143,32.0357142857143,0.48966962962963,60.09375,154.40625,34.3892045454545,9741.66193181818,291.002840909091,-150.730113636364,441.732954545455,159.403409090909,-67.8238636363636,184.715909090909,-67.8238636363636,383.042613636364,70.9460227272727,11.9517045454545,57.8125,176.107954545455,46.3835227272727,146.386363636364,46.3835227272727,0.131012820526013,0.0750385366781652
5520,53028,0.2,1,"LASP",46.1235467,-111.9188609,3,12,46.3916666666667,1681.4,31.6958333333333,0.642428174603175,46.8029850746269,147.659701492537,37.2238805970149,8179.70746268657,262.865671641791,-128.955223880597,391.820895522388,125.90447761194,-55.5044776119403,154.208955223881,-55.5044776119403,378.173134328358,60.7582089552239,14.0507462686567,47.9402985074627,155.277611940298,51.5880597014925,133.331343283582,51.5880597014925,0.173607130584665,0.0809760658905557
5520,53040,1,1,"LASP",45.7251707,-109.5466543,15,0,65.3134920634921,1411.14285714286,35.9563492063492,0.567325968992248,65.9369369369369,152.744744744745,37.5285285285285,8394.51351351351,285.495495495496,-116.123123123123,401.618618618619,105.660660660661,-38.7117117117117,177.378378378378,-38.7117117117117,427.228228228228,77.8918918918919,14.8738738738739,51.5855855855856,184.897897897898,49.3243243243243,133.393393393393,49.3243243243243,0.155385300141665,0.0827329530678907
5520,53074,0.0666666666666667,1,"LASP",47.6601727,-114.1345589,1,14,56.1388888888889,1191.90476190476,45.7301587301587,0.760063137254902,55.7710144927536,127.91884057971,35.3391304347826,7756.23768115942,261.834782608696,-95.2550724637681,357.089855072464,38.704347826087,72.1072463768116,157.776811594203,-41.463768115942,550.472463768116,66.3507246376812,31.1710144927536,24.0898550724638,176.455072463768,107.675362318841,136.327536231884,149.133333333333,0.165715684484817,0.0681816577703625
5520,53138,0.266666666666667,1,"LASP",45.9146442,-111.763656,4.00000000000001,11,53.75,1576.78260869565,31.2355072463768,0.629990763052209,55.3117647058824,147.035294117647,36.6970588235294,8303.39117647059,273.202941176471,-122.441176470588,395.644117647059,126.317647058824,-48.4382352941176,164.205882352941,-48.7294117647059,363.8,60.6294117647059,12.2794117647059,51.3088235294118,154.011764705882,43.3911764705882,128.658823529412,43.3911764705882,0.177246249345158,0.0855012160277343
5520,54007,0.4,1,"LASP",40.6406757,-98.8760679,6,9,98.7982456140351,640.315789473684,53.75,0.857487878787879,98.9381107491857,139.472312703583,31.9348534201954,10200.2768729642,313.661237785016,-116.478827361564,430.14006514658,205.114006514658,-35.3973941368078,228.553745928339,-35.3973941368078,643.70684039088,104.602605863192,11.2899022801303,58.5798045602606,287.876221498371,44.0456026058632,260.472312703583,44.0456026058632,0.194602252059231,0.0789546244936471
5520,54012,0.2,1,"LASP",41.1764063,-96.1391528,3,12,101.1875,349.45,65.0083333333333,0.830182636636637,101.160256410256,122.897435897436,28.4583333333333,10546.6570512821,307.435897435897,-116.525641025641,423.961538461538,210.560897435897,-41.3461538461538,232.099358974359,-41.3461538461538,779.910256410256,110.224358974359,17.099358974359,51.3557692307692,311.394230769231,60.9294871794872,298.346153846154,60.9294871794872,0.156823186018096,0.0655945260263298
5520,54022,1,1,"LASP",42.1915702,-96.7354923,15,0,89.9212962962963,424,58.2638888888889,0.864469958847736,90.1962025316456,130.474683544304,29.1139240506329,10863.2151898734,305.433544303797,-134.212025316456,439.645569620253,203.196202531646,-56.6867088607595,224.629746835443,-56.6867088607595,699.550632911392,108.28164556962,14.0126582278481,52.8639240506329,296.123417721519,55.4177215189873,268.825949367089,55.4177215189873,0.171797067603381,0.0671525857671764
5520,54031,1,1,"LASP",42.6521647,-100.5366606,15,0,86.0583333333333,847.95,43.2541666666667,0.651780263157895,85.9153605015674,148.877742946708,33.5047021943574,10112.5642633229,311.109717868339,-127.07210031348,438.181818181818,190.35736677116,-44.9592476489028,216.473354231975,-44.9592476489028,517.529780564263,85.846394984326,8.86206896551724,64.1003134796238,250.445141065831,33.717868338558,225.573667711599,33.717868338558,0.160418703270179,0.0803923292936537
5520,54034,1,1,"LASP",42.7324127,-102.2045289,15,0,78.1208333333333,1118.7,38.2041666666667,0.571612554112554,78.18125,156.1625,35.165625,9834.509375,308.21875,-130.08125,438.3,178.846875,-47.09375,206.2625,-47.878125,459.084375,82.678125,9.015625,68.575,236.346875,31.44375,202.55,31.44375,0.152880536451956,0.083065382196984
5520,54040,1,1,"LASP",41.6980247,-103.9868089,15,0,84.2541666666667,1408.45,33.0208333333333,0.495370886075949,84.702875399361,164.699680511182,38.9488817891374,8812.51757188498,309.405750798722,-108.424920127796,417.830670926518,175.361022364217,-24.7571884984026,202.156549520767,-24.7571884984026,393.753993610224,71.8977635782748,9.90415335463259,62.2939297124601,191.597444089457,31.7859424920128,153.801916932907,31.7859424920128,0.158967030756925,0.0963589511951141
5520,54041,1,1,"LASP",42.2888847,-100.5364229,15,0,85.1166666666667,892.9,44.9625,0.635639861886571,84.996875,153.221875,34.546875,9951.715625,309.784375,-127.275,437.059375,188.16875,-43.7125,213.70625,-43.7125,539.06875,89.54375,10.44375,62,255.7875,38.484375,229.725,38.484375,0.153690999763037,0.0784660566356346
5520,55045,0.666666666666667,1,"LASP",39.9432554,-119.3834746,10,5,96.7456140350877,1476.68421052632,17.2763157894737,0.213287007290955,96.4440789473684,172.792763157895,43.1151315789474,7657.87828947368,320.460526315789,-75.6842105263158,396.144736842105,6.00328947368421,194.220394736842,198.993421052632,3.24671052631579,206.851973684211,26.9144736842105,8.60526315789474,32.2467105263158,73.3453947368421,30.9440789473684,34.6019736842105,73.2664473684211,0.137046658938769,0.11894779945863
5520,60004,0.133333333333333,1,"LASP",36.0797837,-105.7975849,1.99999999999999,13,66.8552631578947,2442,38.9780701754386,0.506396846846847,68.2076124567474,167.121107266436,43.6782006920415,7413.2491349481,263.529411764706,-115.550173010381,379.079584775087,157.176470588235,-20.4359861591695,164.141868512111,-26.1107266435986,462.875432525952,81.1730103806228,22.9757785467128,49.9792387543253,201.726643598616,72.1141868512111,191.878892733564,73.4083044982699,0.165314612990942,0.0970050029745956
5520,60009,1,1,"LASP",35.5233697,-106.0592719,15,0,98.7892156862745,2028.23529411765,31.1960784313725,0.334414351851852,99.6493055555556,166.965277777778,43.1145833333333,7824.08680555556,299.701388888889,-83.2465277777778,382.947916666667,192.815972222222,7.16319444444444,201.53125,1.04513888888889,369.402777777778,67.5138888888889,16.8020833333333,53.5520833333333,171.996527777778,54.2083333333333,157.96875,54.4826388888889,0.154460746455771,0.118359422378309
5520,60013,0.866666666666667,1,"LASP",34.6383511,-108.4498979,13,1.99999999999999,84.6176470588235,2192.70588235294,27.9019607843137,0.289467579908676,84.7517482517483,192.730769230769,47.951048951049,7446.51048951049,291.199300699301,-106.433566433566,397.632867132867,176.22027972028,118.06993006993,182.143356643357,-9.13986013986014,334.77972027972,67.0979020979021,12.013986013986,61.520979020979,165.583916083916,38.9475524475524,138.486013986014,59.5979020979021,0.143134142476618,0.112195908434507
5520,60017,1,1,"LASP",34.1098564,-104.2297055,15,0,144.736842105263,1269.94736842105,29.3859649122807,0.311220187793427,144.877192982456,179.259649122807,45.340350877193,7774.09473684211,338.101754385965,-53.3087719298246,391.410526315789,234.849122807018,61.8947368421053,244.971929824561,44.880701754386,353.421052631579,66.9333333333333,9.72280701754386,64.9543859649123,172.126315789474,31.5333333333333,168.066666666667,32.6245614035088,0.166887278452229,0.143181671561898
5520,60018,1,1,"LASP",34.0200567,-103.7367849,15,0,141.872549019608,1310.47058823529,32.2205882352941,0.339853051643193,141.819787985866,172.710247349823,44.5265017667844,7720.73851590106,330.540636042403,-53.1519434628975,383.6925795053,235.971731448763,56.208480565371,240.826855123675,42.0212014134276,386.491166077739,70.321554770318,9.90459363957597,66.7879858657244,189.208480565371,32.3922261484099,188.063604240283,32.7208480565371,0.166734180134738,0.137783489094437
5520,60019,1,1,"LASP",33.9262784,-108.1876061,15,0,75.5294117647059,2304.94117647059,33.1862745098039,0.361329951690821,75.2296819787986,199.356890459364,51.0282685512367,6970.06360424028,274.282685512367,-112.86925795053,387.151943462898,160.526501766784,93.5512367491166,166.717314487633,-12.4876325088339,397.551236749117,83.0494699646643,11.3816254416961,70.339222614841,213.060070671378,41.3639575971731,176.604240282686,66.8233215547703,0.144793327943316,0.102370684901249
5520,60020,1,1,"LASP",33.749487,-107.3217132,15,0,108.712962962963,1978.05555555556,27.337962962963,0.313941176470588,108.716783216783,184.101398601399,48.0454545454545,7222.56993006993,301.251748251748,-77.9895104895105,379.241258741259,193.657342657343,75.7937062937063,202.832167832168,17.1538461538462,327.888111888112,71.8881118881119,8.28671328671329,77.5804195804196,187.402097902098,31.2167832167832,155.496503496503,44.0244755244755,0.162347511855454,0.129504081972055
5520,60022,0.933333333333333,1,"LASP",33.6891907,-105.8493706,14,1,117.231481481481,1878.5,30.5648148148148,0.372664788732394,116.147887323944,168.535211267606,45.9366197183099,7249.30985915493,301.961267605634,-61.0739436619718,363.035211267606,200.81338028169,67.6830985915493,210.640845070423,24.5176056338028,369.654929577465,76.080985915493,11.4014084507042,68.0211267605634,194.5,46.1338028169014,178.306338028169,54.2429577464789,0.172610680801771,0.13059823411823
5520,60023,0.933333333333333,1,"LASP",33.0896297,-104.8270959,14,1,145.75462962963,1352.16666666667,27.2592592592593,0.294461764705882,145.967857142857,173.067857142857,45.9785714285714,7388.69642857143,327.757142857143,-44.95,372.707142857143,230.135714285714,69.0285714285714,241.121428571429,51.0678571428571,326.625,63.1642857142857,8.95,67.4107142857143,168.117857142857,31.0392857142857,151.521428571429,34.8071428571429,0.170715160138983,0.149502437750269
5520,60024,1,1,"LASP",33.3149504,-103.6280881,15,0,142.731481481481,1270.16666666667,32.787037037037,0.332604761904762,142.920863309353,177.989208633094,45.410071942446,7650.65467625899,330.007194244604,-57.0935251798561,387.10071942446,229.884892086331,54.9352517985612,240.215827338129,42.8345323741007,392.91726618705,69.589928057554,9.33093525179856,66.705035971223,190.55035971223,32.5647482014388,183.143884892086,32.8920863309352,0.163673483986556,0.13677106622199
5520,60025,0.333333333333333,1,"LASP",32.3245289,-108.1067589,4.99999999999999,10,146.156862745098,1465.58823529412,24.6813725490196,0.208708823529412,145.670289855072,185.503623188406,48.4275362318841,7402.88405797101,338.152173913043,-41.1050724637681,379.257246376812,233.014492753623,151.942028985507,242.199275362319,52.3731884057971,298.916666666667,61.304347826087,5.02898550724638,73.0652173913043,161.166666666667,21.945652173913,134.079710144928,58.3913043478261,0.157968358228524,0.153050407701491
5520,60027,0.2,1,"LASP",32.3802337,-106.7294539,3,12,153.166666666667,1349.52941176471,21.4901960784314,0.264025714285714,152.115942028986,180.094202898551,47.0760869565217,7521.53260869565,341.065217391304,-37.7934782608696,378.858695652174,239.597826086957,143.365942028986,249.38768115942,56.5326086956522,259.992753623188,55.5507246376812,4.94202898550725,72.4673913043478,141.724637681159,21.3623188405797,122.050724637681,40.8985507246377,0.180175982299615,0.164569602632341
5520,60028,0.0666666666666667,1,"LASP",32.9576087,-105.7457016,1,14,113.092592592593,2004.22222222222,36.1157407407407,0.452734246575342,112.564285714286,153.435714285714,45.9428571428571,6642.41428571429,279.885714285714,-50.2857142857143,330.171428571429,188.839285714286,98.5321428571429,198.335714285714,28.3607142857143,437.15,90.1642857142857,10.7392857142857,68.2678571428571,230.235714285714,50.1142857142857,210.457142857143,71.6571428571429,0.181293919193784,0.124485021896439
5520,60029,0.866666666666667,1,"LASP",32.6557967,-104.3957139,13,1.99999999999999,159.803921568627,1096.82352941176,26.5882352941176,0.301043137254902,159.706093189964,171.204301075269,44.8817204301075,7603.20788530466,342.616487455197,-34.8602150537634,377.476702508961,244.89247311828,80.5412186379928,256.336917562724,60.6236559139785,319.544802867384,59.1756272401434,8.18996415770609,65.6379928315412,157.279569892473,28.4874551971326,136.286738351254,31.5197132616487,0.177800600538373,0.158302241720531
5520,60051,0.866666666666667,1,"LASP",36.6069631,-108.9214683,13,1.99999999999999,101.55701754386,1840.05263157895,22.2763157894737,0.302757127837231,101.020408163265,163.581632653061,39.4897959183673,8589.75170068027,316.061224489796,-92.9183673469388,408.979591836735,186.353741496599,141.914965986395,212.615646258503,-9.27891156462585,268.789115646258,36.530612244898,8.63945578231293,35.108843537415,96.8775510204082,37.0748299319728,76.5442176870748,61.7823129251701,0.159665629228474,0.126324876752558
5520,60052,0.733333333333333,1,"LASP",36.4327042,-107.4794163,11,4.00000000000001,83.9517543859649,2065,26.5745614035088,0.262500456621005,84.1280276816609,165.505190311419,39.5951557093426,8467.86851211073,299.546712802768,-113.148788927336,412.695501730104,185.61937716263,118.868512110727,193.878892733564,-25.356401384083,319.425605536332,50.8062283737024,14.8512110726644,38.6124567474048,125.42214532872,50.7058823529412,106.0276816609,62.4221453287197,0.136238973377947,0.110024328095199
5520,60056,1,1,"LASP",35.9792717,-103.6855999,15,0,117.384259259259,1570.5,32.3888888888889,0.358088888888889,118.601374570447,170.027491408935,42.2646048109966,8087.71821305842,318.73883161512,-77.7972508591065,396.536082474227,223.446735395189,14.6426116838488,223.446735395189,14.6426116838488,388.07560137457,75.7903780068729,6.83848797250859,72.1443298969072,195.539518900344,24.7079037800687,195.539518900344,24.7079037800687,0.159298678859184,0.123051503778195
5520,60057,0.8,1,"LASP",35.2921949,-108.9107183,12,3,91.9907407407407,2072.33333333333,26.3564814814815,0.306846396396396,91.8736842105263,178.463157894737,44.3964912280702,7902.23859649123,299.245614035088,-98.3017543859649,397.547368421053,188.828070175439,127.638596491228,195.056140350877,-7.82105263157895,317.431578947368,54.1929824561403,10.8631578947368,48.3684210526316,134.856140350877,37.5017543859649,113.666666666667,64.680701754386,0.151813404819164,0.117945869955611
5520,60065,1,1,"LASP",34.5074572,-106.1909023,15,0,108.00462962963,1944.88888888889,29.3981481481481,0.3348,107.141342756184,174.544169611307,44.8657243816254,7638.79505300353,308.328621908127,-76.2473498233216,384.575971731449,197.325088339223,45.7314487632509,206.590106007067,9.85159010600707,356.526501766784,67.6678445229682,15.4310954063604,58.339222614841,172.886925795053,50.4734982332156,154.579505300353,56.6007067137809,0.160272635954511,0.12448578326595
5520,60069,0.2,1,"LASP",33.644134,-108.7910908,3,12,79.6323529411765,2212.41176470588,39.2745098039216,0.493364351851852,79.2173913043478,199.336956521739,52.1702898550725,6682.35869565217,274.710144927536,-103.717391304348,378.427536231884,162.057971014493,107.731884057971,167.31884057971,-3.72826086956522,477.423913043478,90.8949275362319,13.3007246376812,62.4094202898551,235.394927536232,46.8586956521739,197.228260869565,95.5471014492754,0.162261483284131,0.098917133443865
5520,60070,0.4,1,"LASP",33.5104187,-107.2197419,6,9,129.299019607843,1689.35294117647,23.6617647058824,0.246444927536232,129.465949820789,180.835125448029,47.0752688172043,7415.1541218638,321.749103942652,-58.2974910394265,380.046594982079,215.888888888889,88.3405017921147,225.767025089606,35.1899641577061,283.487455197133,62.0071684587814,6.81720430107527,77.1792114695341,162.301075268817,24.831541218638,134.31541218638,36.5770609318996,0.162583525192256,0.145828063054458
5520,60071,0.6,1,"LASP",33.7152917,-106.9502237,9,6,134.627450980392,1579.05882352941,22.1225490196078,0.262443192488263,133.498220640569,184.170818505338,46.7686832740213,7605.30960854093,330.266903914591,-59.0391459074733,389.306049822064,221.985765124555,89.4626334519573,231.79359430605,36.2455516014235,266.779359430605,56.6725978647687,7.49466192170819,72.2064056939502,146.149466192171,25.8113879003559,122.270462633452,34.9501779359431,0.169461985591528,0.149933172066108
5520,60074,1,1,"LASP",33.7433287,-103.6484449,15,0,140.710784313725,1318,32.8970588235294,0.347364705882353,140.960854092527,174.622775800712,44.8540925266904,7677.14234875445,328.444839857651,-55.9750889679715,384.419928825623,232.604982206406,55.2064056939502,239.032028469751,41.1209964412811,393.690391459075,71.1601423487544,9.84697508896797,66.9395017793594,191.665480427046,32.5693950177936,189.416370106762,32.8398576512456,0.16681319427826,0.136458164340162
5520,60075,0.2,1,"LASP",32.3972197,-108.7266319,3,12,146.026315789474,1419.21052631579,28.0350877192982,0.222880952380952,145.167857142857,190.460714285714,49.525,7308.37142857143,339.946428571429,-41.3321428571429,381.278571428571,232.785714285714,181.889285714286,240.814285714286,53.4821428571429,338.057142857143,66.0821428571429,6.35,66.425,171.4,26.4142857142857,142.642857142857,72.8214285714286,0.153206809343603,0.146332709788547
5520,60078,1,1,"LASP",32.5687748,-105.5729156,15,0,130.600877192982,1754.68421052632,29.8859649122807,0.31538137254902,127.613718411552,160.494584837545,46.5631768953069,6727.80505415162,299.018050541516,-42.043321299639,341.061371841155,204.245487364621,93.1552346570397,214.447653429603,41.8953068592058,369.84476534296,75.3646209386282,8.62815884476534,69.4873646209386,196.512635379061,37.2057761732852,178.447653429603,53.7797833935018,0.164632839070705,0.136455061106151
5520,60079,0.6,1,"LASP",32.245658,-104.6971728,9,6,152.485294117647,1402.41176470588,23.4460784313725,0.297852736318408,151.938628158845,156.880866425993,44.8808664259928,6959.62093862816,322.046931407942,-23.6678700361011,345.714801444043,230.429602888087,95.913357400722,240.613718411552,61.5054151624549,283.72202166065,54.7725631768953,6.23826714801444,72.2310469314079,144.646209386282,22.3357400722022,131.498194945848,27.2202166064982,0.186001028112998,0.1635789712994
5520,60080,1,1,"LASP",32.8420703,-103.1450556,15,0,156.212962962963,1121.44444444444,33.8009259259259,0.391005392156863,155.657142857143,169.035714285714,44.6035714285714,7519.95714285714,335.771428571429,-38.4464285714286,374.217857142857,240.146428571429,72.2571428571429,250.457142857143,56.8392857142857,405.571428571429,64.4964285714286,9.12857142857143,61.9607142857143,184.210714285714,35.3,174.7,35.9857142857143,0.182306753105277,0.145774385113177
5520,60082,0.133333333333333,1,"LASP",31.8359947,-107.5695189,1.99999999999999,13,163.416666666667,1280.125,19.0625,0.174729901960784,163.530685920578,185.620938628159,47.4079422382671,7592.85920577617,358.902527075812,-28.3574007220217,387.259927797834,250.505415162455,168.462093862816,261.379061371841,67.7400722021661,228.653429602888,53.0794223826715,3.16606498194946,84.4620938628159,136.916967509025,14.4259927797834,110.815884476534,36.6064981949458,0.171115072733508,0.17691984514431
5520,60107,0.6,1,"LASP",35.2666767,-108.1239789,9,6,81.8684210526316,2262.21052631579,28.4868421052632,0.38983196347032,81.0742049469965,174.650176678445,44.0494699646643,7759.80565371025,285.031802120141,-107.123674911661,392.155477031802,174.780918727915,114.342756183746,182.247349823322,-17.416961130742,347.515901060071,62.1484098939929,14.3286219081272,50.6183745583039,154.053003533569,46.3250883392226,130.83038869258,70.0424028268551,0.162591498633288,0.112063247446815
5520,60114,1,1,"LASP",34.8699738,-107.2466969,15,0,114.050925925926,1827.05555555556,21.4768518518519,0.216279279279279,114.020979020979,180.276223776224,44.8496503496503,7877.3006993007,319.863636363636,-77.8986013986014,397.762237762238,207.629370629371,61.9020979020979,216.968531468531,14.1118881118881,257.881118881119,52.3286713286713,10.8251748251748,62.8986013986014,130.965034965035,35.1433566433566,109.91958041958,37.8916083916084,0.151506657212497,0.136590984103315
5520,60116,0.933333333333333,1,"LASP",34.05,-105.8166667,14,1,113.598039215686,1931.35294117647,30.0490196078431,0.332342857142857,113.148936170213,171.478723404255,45.436170212766,7438.78723404255,306.797872340426,-66.0248226950355,372.822695035461,200.471631205674,51.1843971631206,210.248226950355,19.1205673758865,360.595744680851,73.6560283687943,12.5886524822695,66.3617021276596,186.531914893617,46.4007092198582,172,51.5248226950355,0.163450247613554,0.128959782392381
5520,60126,0.133333333333333,1,"LASP",32.5335077,-107.4876559,1.99999999999999,13,144.495098039216,1465.41176470588,23.9166666666667,0.228415238095238,143.894927536232,184.268115942029,47.963768115942,7396.67753623188,335.561594202899,-44.8152173913044,380.376811594203,230.590579710145,137.634057971014,240.152173913043,49.9275362318841,289.851449275362,61.1775362318841,4.57608695652174,76.3333333333333,162.844202898551,19.8369565217391,135.025362318841,48.3985507246377,0.162652166561861,0.153198324110194
5520,60130,0.533333333333333,1,"LASP",32.4717827,-103.2960129,7.99999999999999,7.00000000000001,164.009803921569,1082.35294117647,30.7205882352941,0.320095714285714,164.140794223827,165.270758122744,44.2418772563177,7441.8844765343,341.209386281588,-27.7761732851986,368.985559566787,247.083032490975,81.7942238267148,257.758122743682,66.2743682310469,365.891696750903,61.870036101083,8.43682310469314,62.1480144404332,167.848375451264,31.884476534296,153.909747292419,32.6462093862816,0.177645134730152,0.156576992609485
5520,60155,0.933333333333333,1,"LASP",36.6066007,-104.7260509,14,1,77.6973684210526,2143.78947368421,34.2982456140351,0.469351598173516,80.4226804123711,180.487972508591,44.6941580756014,7708.31271477663,280.683848797251,-118.546391752577,399.230240549828,179.73883161512,-18.5704467353952,179.73883161512,-18.5704467353952,403.584192439863,77.7079037800687,10.8350515463918,66.8006872852234,196.164948453608,35.127147766323,196.164948453608,35.127147766323,0.168167477420064,0.105351714081075
5520,60164,1,1,"LASP",34.17281,-107.3003133,15,0,104.958333333333,2003.94444444444,25.9212962962963,0.3026125,104.588028169014,185.045774647887,47.4295774647887,7376.93661971831,301.605633802817,-84.830985915493,386.43661971831,191.799295774648,65.7711267605634,200.742957746479,10.9859154929577,309.890845070423,67.9225352112676,9.38380281690141,75.2676056338028,174.031690140845,33.5105633802817,144.457746478873,41.693661971831,0.160120314229639,0.128241346967806
5520,64001,0.266666666666667,1,"LASP",46.1531849,-97.6746757,4.00000000000001,11,53.3916666666667,381.5,41.2625,0.830762902740138,53.6587537091988,131.501483679525,26.4421364985163,12269.8694362018,291.364985163205,-196.19881305638,487.563798219585,179.679525222552,-114.454005934718,203.474777448071,-114.454005934718,495.302670623145,87.2017804154303,11.379821958457,59.9139465875371,222.988130563798,35.8842729970326,219.27002967359,35.8842729970326,0.16753302479009,0.0618742658626849
5520,64005,0.266666666666667,1,"LASP",46.8060287,-99.4688039,4.00000000000001,11,49.2301587301587,566.809523809524,36.5079365079365,0.796772413793103,49.2911764705882,132.858823529412,27.1147058823529,12077.7029411765,288.502941176471,-193.002941176471,481.505882352941,172.882352941176,-114.6,197.873529411765,-114.6,439.182352941176,86.1794117647059,9.42647058823529,65.8088235294118,211.170588235294,29.8705882352941,201.914705882353,29.8705882352941,0.170689348975765,0.0651698966799494
5520,64008,0.933333333333333,1,"LASP",47.9619307,-97.4077439,14,1,39.4246031746032,296.857142857143,41.0912698412698,0.831076645572345,39.4511494252874,120.89367816092,24.3534482758621,12687.9827586207,274.554597701149,-211.120689655172,485.675287356322,191.841954022989,-134.695402298851,192.557471264368,-134.695402298851,492.712643678161,84.816091954023,11.7097701149425,58.5229885057471,222.327586206897,42.8965517241379,222.327586206897,42.8965517241379,0.154391358835534,0.0547972853907828
5520,64009,0.266666666666667,1,"LASP",47.4859247,-98.2439809,4.00000000000001,11,40.9548611111111,441.291666666667,40.3715277777778,0.828865853658536,41.135838150289,129.760115606936,25.9768786127168,12492.9335260116,280.910404624277,-208.485549132948,489.395953757225,192.887283236994,-130.063583815029,192.887283236994,-130.063583815029,485.199421965318,86.1329479768786,10.528901734104,60.6907514450867,222.817919075145,38.7687861271676,222.817919075145,38.7687861271676,0.160332322635337,0.0575019704696327
5520,64011,0.0666666666666667,1,"LASP",47.0675197,-99.6292032,1,14,46.5760869565217,564.391304347826,35.9565217391304,0.83061340785697,46.7067448680352,133.307917888563,27.0674486803519,12141.6129032258,286.328445747801,-196.568914956012,482.897360703812,171.055718475073,-118.66862170088,195.736070381232,-118.66862170088,431.428152492669,85.941348973607,9.46041055718475,65.9090909090909,207.495601173021,30.7712609970674,198.703812316716,30.7712609970674,0.178236894770111,0.0649664717190937
5520,64012,0.0666666666666667,1,"LASP",47.0807973,-99.0545676,1,14,47.468253968254,515.190476190476,37.3531746031746,0.815973848334515,47.4415204678363,131.862573099415,26.906432748538,12132.9122807018,285.96783625731,-196.111111111111,482.078947368421,177.228070175439,-117.365497076023,196.383040935673,-117.365497076023,447.988304093567,87.9619883040936,9.47368421052632,65.9239766081871,213.751461988304,31.6695906432749,211.084795321637,31.6695906432749,0.170820583876551,0.0633716511648697
5520,64019,0.666666666666667,1,"LASP",47.2727187,-100.5587399,10,5,46.655303030303,588.090909090909,36.2159090909091,0.85715984099477,46.6763005780347,131.372832369942,27.0606936416185,12019.8901734104,285.095375722543,-192.332369942197,477.42774566474,170.245664739884,-116.089595375723,194.887283236994,-116.300578034682,434.520231213873,84.4566473988439,10.7543352601156,63.2658959537572,204.635838150289,35.8150289017341,196.962427745665,35.8150289017341,0.18519126088802,0.0654932836116886
5520,64028,1,1,"LASP",48.4004127,-100.6573939,15,0,39.7572463768116,456.782608695652,35.2789855072464,0.824393023255814,39.8267045454545,136.028409090909,27.0880681818182,12343.2244318182,281.764204545455,-209.676136363636,491.440340909091,178.710227272727,-128.349431818182,190.625,-128.349431818182,423.482954545455,76.7045454545455,10.7073863636364,61.4715909090909,196.690340909091,36.6193181818182,195.144886363636,36.6193181818182,0.169129787359264,0.0608064052454927
5520,64033,1,1,"LASP",47.6171277,-103.5450979,15,0,57.1190476190476,688.761904761905,31.7261904761905,0.635959550561798,57.4126074498567,141.759312320917,29.7048710601719,11289.2836676218,296.23782234957,-174.011461318052,470.249283667622,172.876790830946,-94.0343839541547,198.69340974212,-94.0343839541547,379.971346704871,77.3467048710602,8.69627507163324,66.5988538681948,186.957020057307,30.1690544412607,167.495702005731,30.1690544412607,0.152753378173868,0.0722672503279252
5520,64039,0.0666666666666667,1,"LASP",48.6621167,-102.6906819,1,14,33.2301587301587,675.238095238095,33.5555555555556,0.810445433484808,33.2698863636364,133.931818181818,27.1875,12046.6988636364,273.78125,-208.522727272727,482.303977272727,157.335227272727,-123.917613636364,181.21875,-130.713068181818,402.636363636364,72.0198863636364,10.4005681818182,62.9232954545455,189.386363636364,34.4232954545455,180.721590909091,34.5539772727273,0.170171197907863,0.0614578494696693
5520,64042,0.0666666666666667,1,"LASP",47.6462687,-100.0542839,1,14,45.5198412698413,527.047619047619,35.8174603174603,0.825561498989043,45.6138328530259,133.743515850144,27,12225.8069164265,287.737752161383,-196.746397694524,484.484149855908,171.579250720461,-119.974063400576,195.821325648415,-120.435158501441,429.515850144092,82.2219020172911,10.342939481268,62.7463976945245,201.331412103746,35.6484149855908,196.919308357349,35.6484149855908,0.175263380208095,0.0640124342979497
5520,64044,0.133333333333333,1,"LASP",48.8496871,-100.2489187,1.99999999999999,13,27.9166666666667,536.708333333333,36.2430555555556,0.853812039666441,27.5056179775281,130.252808988764,26.0786516853933,12469.9606741573,265.151685393258,-223.463483146067,488.615168539326,179.244382022472,-131.502808988764,179.244382022472,-142.648876404494,435.612359550562,76.9213483146067,11.3623595505618,63.9185393258427,210.311797752809,37.3398876404494,210.311797752809,37.4775280898876,0.166265479246024,0.055975335006177
5520,64103,0.0666666666666667,1,"LASP",46.7251818,-98.797372,1,14,49.6458333333333,495.45,39.1291666666667,0.7976969348659,49.5177514792899,130.736686390533,26.8076923076923,12116.3727810651,287.644970414201,-193.331360946746,480.976331360947,175.707100591716,-114.834319526627,198.473372781065,-114.834319526627,468.869822485207,88.6390532544379,10.1331360946746,63.4615384615385,218.136094674556,33.2041420118343,214.304733727811,33.2041420118343,0.163963733172538,0.062461013825731
5520,66107,0.533333333333333,1,"LASP",41.5440972,-83.4580032,7.99999999999999,7.00000000000001,97.4824561403509,193.052631578947,70.9605263157895,0.748450438596491,97.4585987261146,107.047770700637,27.8980891719745,9616.44904458599,290.152866242038,-86.9331210191083,377.085987261146,208.990445859873,-18.5573248407643,217.257961783439,-31.0796178343949,850.289808917197,92.8407643312102,43.9458598726115,21.1050955414013,265.187898089172,155.614649681529,264.015923566879,158.178343949045,0.123013941458496,0.0563153054942891
5520,67011,0.533333333333333,1,"LASP",35.8426817,-94.8876259,7.99999999999999,7.00000000000001,152.736111111111,276.722222222222,95.2592592592593,0.802205936073059,152.595155709343,127.681660899654,34.0934256055363,8362.60207612457,333.231833910035,-35.9688581314879,369.200692041522,190.031141868512,40.4117647058824,256.705882352941,40.4117647058824,1143.17301038062,141.837370242215,52.121107266436,26.3391003460208,369.833910034602,186.442906574394,280.778546712803,186.442906574394,0.131177709185067,0.0650677079797114
5520,67015,0.8,1,"LASP",35.7262277,-96.1218109,12,3,155.473684210526,234.210526315789,83.4254385964912,0.768750222222222,155.386206896552,133.6,34.5586206896552,8580.13448275862,341.124137931035,-40.3275862068966,381.451724137931,202.548275862069,40.1172413793103,262.320689655172,40.1172413793103,995.886206896552,136.637931034483,38.4275862068965,32.851724137931,342.875862068965,142.093103448276,257.668965517241,142.093103448276,0.146957474455514,0.0759689409837239
5520,67022,0.4,1,"LASP",36.9292257,-94.6982489,6,9,141.066666666667,283.8,90.8166666666667,0.772138288288288,140.993127147766,127.914089347079,33.2817869415808,8745.12371134021,326.910652920962,-51.6941580756014,378.604810996564,189.171821305842,24.0274914089347,250.426116838488,24.0274914089347,1089.09965635739,130.419243986254,42.5085910652921,29.9621993127148,355.323024054983,154.962199312715,301.714776632302,154.962199312715,0.125334865647772,0.0626284097289072
5520,67023,0.533333333333333,1,"LASP",36.9173437,-95.1256319,7.99999999999999,7.00000000000001,143.008771929825,253.315789473684,89.1008771929825,0.74652850877193,143.17747440273,129.382252559727,32.8600682593857,8955.1843003413,333.037542662116,-55.0511945392491,388.088737201365,192.41638225256,22.6211604095563,254.726962457338,22.6211604095563,1067.44709897611,131.116040955631,39.938566552901,32.1843003412969,350.61433447099,142.153583617747,296.098976109215,142.153583617747,0.12414650560641,0.0642934342461638
5520,67034,1,1,"LASP",36.5876204,-102.7866028,15,0,123.780701754386,1338.26315789474,33.8552631578947,0.443971171171171,123.470989761092,166.225255972696,41.0170648464164,8343.12969283276,325.39590443686,-74.4129692832765,399.808873720137,227.569965870307,18.1706484641638,232.535836177474,18.1706484641638,405.532423208191,68.9112627986348,8.28668941979522,64.4675767918089,187.962457337884,27.2764505119454,187.716723549488,27.2764505119454,0.17437813882945,0.122620292810917
5520,67050,0.0666666666666667,1,"LASP",33.9247807,-94.5655139,1,14,164.982456140351,155.315789473684,107.30701754386,0.802203381642512,165.498220640569,135.661921708185,37.3238434163701,7846.56939501779,338.466192170818,-19.3309608540925,357.797153024911,164.978647686833,126.29537366548,262.953736654804,59.8505338078292,1284.7615658363,153.97153024911,69.7473309608541,20.373665480427,398.665480427046,268.939501779359,278.822064056939,270.44128113879,0.117729133260613,0.0605325559628662
5520,67051,0.666666666666667,1,"LASP",34.5280637,-94.9309459,10,5,158.877450980392,306.764705882353,107.470588235294,0.818601388888889,158.852112676056,132.735915492958,36.2922535211268,7925.97887323944,335.330985915493,-25.2077464788732,360.538732394366,163.338028169014,52.1584507042254,257.68661971831,52.1584507042254,1288.05633802817,168.950704225352,63.5246478873239,23.887323943662,407.933098591549,241.429577464789,289.507042253521,241.429577464789,0.119392469720933,0.059330608549332
5520,67065,0.4,1,"LASP",36.7524787,-96.3635719,6,9,145.941666666667,290.9,78.6875,0.765214155251141,145.836177474403,135.419795221843,33.8361774744027,9073.01365187713,339.327645051195,-56.4778156996587,395.805460750853,201.034129692833,24.1023890784983,259.201365187713,24.1023890784983,945.587030716724,126.587030716724,30.9488054607509,37.2935153583618,324.054607508532,110.897610921502,277.01023890785,110.897610921502,0.148367970002298,0.075213774200082
5520,67067,1,1,"LASP",36.6516197,-98.1634589,15,0,145.475,381.5,61.1541666666667,0.512952173913043,145.466216216216,137.476351351351,33.1317567567568,9526.52027027027,350.976351351351,-58.652027027027,409.628378378378,242.006756756757,20.7094594594595,266.699324324324,20.7094594594595,734.787162162162,107.587837837838,19.4425675675676,44.2432432432432,282.202702702703,72.8716216216216,251.398648648649,72.8716216216216,0.129279056020086,0.0885381883919337
5520,67070,0.933333333333333,1,"LASP",36.7764517,-101.1876829,14,1,135.467592592593,905.555555555556,39.2546296296296,0.47527027027027,136.103448275862,161.237931034483,38.4,8998.48965517241,345.458620689655,-69.251724137931,414.710344827586,228.344827586207,20.9965517241379,252.493103448276,20.9965517241379,472.472413793103,75.7413793103448,10.3620689655172,59.3275862068966,217.996551724138,36.0827586206897,202.81724137931,36.0827586206897,0.168403078278804,0.117075791267748
5520,67125,1,1,"LASP",36.3614547,-96.0493689,15,0,150.838235294118,234.764705882353,81.578431372549,0.757255405405405,150.771626297578,133.204152249135,33.6262975778547,8915.01038062284,341.034602076125,-48.916955017301,389.951557093426,199.716262975779,31.1903114186851,262.269896193772,31.1903114186851,979.861591695502,126.148788927336,35.6297577854671,33.6401384083045,328.647058823529,129.840830449827,269.588235294118,129.840830449827,0.143577828465388,0.0743968990170241
5520,69021,0.533333333333333,1,"LASP",43.1649665,-120.6637819,7.99999999999999,7.00000000000001,73.4125,1430.1,24.9708333333333,0.405045533333333,73.687306501548,156.990712074303,43.671826625387,6817.21362229102,284.585139318885,-70.5572755417957,355.142414860681,-3.22291021671827,161.461300309598,165.374613003096,-8.06811145510836,298.582043343653,40.749226006192,12.8699690402477,33.4272445820433,111.916408668731,43.9504643962848,55.9628482972136,97.6470588235294,0.14612954527379,0.095958564796163
5520,69022,0.333333333333333,1,"LASP",43.3390029,-119.696796,4.99999999999999,10,71,1413.25,22.4833333333333,0.28772446,70.8598130841121,158.732087227414,42.0031152647975,7285.20872274143,288.373831775701,-85.0529595015576,373.426791277259,-10.7725856697819,162.978193146417,167.566978193146,-19.5015576323988,269.971962616822,32.2461059190031,12.2897196261682,25.8909657320872,89.6635514018692,45.7258566978193,54.2211838006231,76.3582554517134,0.124212930091481,0.0936043687657623
5520,69127,0.266666666666667,1,"LASP",42.5330796,-122.7954061,4.00000000000001,11,95.3809523809524,816.333333333333,67.2777777777778,0.850047713333333,94.5854430379747,147.930379746835,46.2721518987342,5959.84493670886,287.844936708861,-28.4873417721519,316.332278481013,27.1170886075949,173.338607594937,173.661392405063,24.2278481012658,817.237341772152,140.439873417722,9.47784810126582,63.2784810126582,392.626582278481,53.8132911392405,55.3987341772152,351.325949367089,0.162798345330294,0.0660759928223006
5520,69211,0.933333333333333,1,"LASP",44.6282948,-121.0586193,14,1,80.9666666666667,925.1,32.7083333333333,0.5184586,81.1993957703928,154.770392749245,45.0966767371601,6384.07854984894,284.719033232628,-54.4984894259819,339.21752265861,7.57401812688822,163.190332326284,166.311178247734,3.29607250755287,398.018126888218,57.595166163142,11.6042296072508,42.5196374622357,166.764350453172,47.5166163141994,54.6465256797583,149.018126888218,0.148005685080952,0.0859117580797841
5520,69252,0.0666666666666667,1,"LASP",42.8675627,-121.8315359,1,14,56.6708333333333,1545.3,64.7541666666667,0.7490675,55.987460815047,152.683385579937,44.4451410658307,6391.02507836991,259.727272727273,-79.2382445141066,338.965517241379,-13.9529780564263,139.761755485893,140.956112852665,-20.3228840125392,791.398119122257,134.363636363636,12.8056426332288,61.6269592476489,380.203761755486,59.8087774294671,63.1347962382445,346.407523510972,0.134723024509686,0.0568544795470536
5520,69253,0.0666666666666667,1,"LASP",42.0624827,-120.1599889,1,14,69.625,1675.15,32.5875,0.557716233333333,69.7070063694268,153.929936305732,42.4108280254777,6956.19426751592,278.757961783439,-79.2229299363057,357.980891719745,-6.74203821656051,160.407643312102,162.175159235669,-13.7866242038217,393.468152866242,49.3503184713376,11.0891719745223,36.1751592356688,142.777070063694,45.4554140127389,55.6114649681529,132.824840764331,0.169119182467848,0.092255017692966
5520,79033,0.666666666666667,1,"LASP",52.23764,-107.97894,10,5,14.4722222222222,635.041666666667,30.7361111111111,0.696741493333333,14.3578947368421,120.178947368421,24.6894736842105,12454.9052631579,246.228947368421,-231.294736842105,477.523684210526,163.331578947368,-126.942105263158,163.381578947368,-154.526315789474,368.755263157895,64.4473684210526,13.0236842105263,56.9552631578947,174.584210526316,48.7657894736842,174.584210526316,48.8105263157895,0.13479922282295,0.053101427978592
5520,79133,0.6,1,"LASP",52.23109,-107.40788,9,6,17.3784722222222,550.375,30.4305555555556,0.705401033333333,17.2342105263158,122.857894736842,24.9868421052632,12568.6,251.971052631579,-231.397368421053,483.368421052632,165.242105263158,-133.778947368421,167.534210526316,-153.489473684211,365.478947368421,63.3,13.2131578947368,55.4105263157895,169.347368421053,49.7342105263158,169.334210526316,49.821052631579,0.137004316665104,0.0536936249256722
5520,81029,0.0666666666666667,1,"LASP",43.8204584,-103.640174,1,14,65.95,1559.95,41.9041666666667,0.702767093333333,66.6366459627329,148.229813664596,36.3540372670807,8754.22670807454,283.111801242236,-119.037267080745,402.149068322981,154.503105590062,-37.2018633540373,183.040372670807,-41.5031055900621,500.04347826087,88.3447204968944,11.4565217391304,63.2888198757764,244.099378881988,42.7981366459627,208.5,42.8074534161491,0.180333665238111,0.0822708217696991
5520,81041,0.4,1,"LASP",44.3721307,-101.1351779,6,9,82.6785714285714,636.904761904762,36.1984126984127,0.589355953333333,82.530487804878,142.841463414634,30.515243902439,11003.9176829268,320.134146341463,-140.539634146341,460.673780487805,194.158536585366,-55.6951219512195,222.466463414634,-62.344512195122,433.875,77.1341463414634,7.98780487804878,63.0182926829268,207.975609756098,30.5548780487805,179.359756097561,30.5579268292683,0.151518585477925,0.0806826108074738
5520,82006,0.0666666666666667,1,"LASP",35.3612207,-89.0787139,1,14,153.018518518519,130.888888888889,112.458333333333,0.825943846666667,153.04181184669,124.362369337979,35.2473867595819,8081.22299651568,323.700348432056,-24.2578397212544,347.95818815331,153.508710801394,210.592334494774,253.519163763066,44.3310104529617,1349.94425087108,137.717770034843,75.7421602787456,18.3135888501742,405.648083623693,254.578397212544,284.829268292683,360.351916376307,0.106018738549957,0.0515293502728361
5520,82010,0.0666666666666667,1,"LASP",35.3431047,-88.8148959,1,14,151.736111111111,142.666666666667,113.939814814815,0.83418406,151.748251748252,127.776223776224,36.034965034965,8038.62937062937,323.426573426573,-26.3216783216783,349.748251748252,151.944055944056,209.237762237762,251.811188811189,43.7482517482517,1364.44055944056,139.695804195804,77.4125874125874,18.0034965034965,407.678321678322,256.489510489511,289.346153846154,365.587412587413,0.105179272606461,0.0504809397346083
5520,83017,1,1,"LASP",28.6737143,-98.38854,15,0,212.911458333333,102.6875,54.765625,0.546528713333333,212.82641509434,135.716981132075,42.0075471698113,6421.47924528302,362.992452830189,43.2566037735849,319.735849056604,258.230188679245,140.471698113208,288.920754716981,123.6,661.252830188679,94.8830188679245,25.1018867924528,39.0188679245283,223.237735849057,102.196226415094,180.218867924528,108.28679245283,0.195051168132199,0.14726770955592
5520,83024,0.933333333333333,1,"LASP",29.0185167,-96.9354075,14,1,208.666666666667,45.5294117647059,79.4852941176471,0.68154726,208.679245283019,117.294339622642,39.3433962264151,6178.24905660377,347.932075471698,53.7433962264151,294.188679245283,253.015094339623,138.316981132075,283.116981132075,124.067924528302,953.245283018868,127.652830188679,48.9924528301887,30.8264150943396,306.743396226415,167.211320754717,248.241509433962,175.901886792453,0.170688507298299,0.110523417652056
5520,83026,0.933333333333333,1,"LASP",29.7858555,-97.0259942,14,1,199.739583333333,117.1875,79.6875,0.688369113333333,199.966666666667,125.437037037037,39.1222222222222,6614.07037037037,353.514814814815,37.0925925925926,316.422222222222,236.481481481481,125.611111111111,280.596296296296,110.018518518519,960.277777777778,125.1,51.5518518518519,28.5296296296296,307.696296296296,186.940740740741,220.059259259259,196.014814814815,0.165968060763102,0.104645343152575
5520,83041,1,1,"LASP",30.9594551,-98.7351553,15,0,183.495098039216,417.941176470588,58.8137254901961,0.568426666666667,183.660583941606,142.07299270073,40.2737226277372,7219.05474452555,350.357664233577,1.86496350364964,348.492700729927,224.605839416058,87.4890510948905,272.423357664234,86.1277372262774,705.872262773723,100.620437956204,31.3284671532847,34.0474452554745,239.956204379562,111.916058394161,183.29197080292,111.93795620438,0.176139574909222,0.122484560775826
5520,83042,1,1,"LASP",30.3551169,-99.1490406,15,0,180.81862745098,569.411764705882,59.7107843137255,0.568590326666667,180.840148698885,141.438661710037,41.7732342007435,6821.40892193309,340.115241635688,5.13382899628253,334.981412639405,225.806691449814,92.9814126394052,264.066914498141,88.3345724907063,713.141263940521,96.8364312267658,31.4981412639405,36.0260223048327,239.334572490706,107.182156133829,202.728624535316,107.501858736059,0.176937873857447,0.122547405329889
5520,83043,1,1,"LASP",30.9858627,-99.4476549,15,0,179.06862745098,558.411764705882,53.3970588235294,0.517718633333333,179.245421245421,149.96336996337,41.7765567765568,7206.48351648352,348.351648351648,-6.53479853479853,354.886446886447,222.428571428571,93.3040293040293,267.765567765568,81.6300366300366,639.271062271062,89.7655677655678,26.8315018315018,38.0989010989011,215.626373626374,90.8168498168498,185.091575091575,92.3516483516484,0.175714561079637,0.128257918670602
5520,83045,0.733333333333333,1,"LASP",31.8819446,-94.5202804,11,4.00000000000001,181.744791666667,116.875,99.5416666666667,0.817563286666667,181.416666666667,131.20652173913,39.0724637681159,7170.85144927536,342.307971014493,10.518115942029,331.789855072464,220.913043478261,265.213768115942,269.978260869565,84.5652173913043,1197.55797101449,128.29347826087,66.7572463768116,15.2282608695652,338.090579710145,247.173913043478,253.231884057971,306.619565217391,0.142628448684673,0.0743647667845913
5520,83051,1,1,"LASP",31.1829158,-97.9068817,15,0,186.630208333333,307.9375,65.1354166666667,0.56465604,186.592057761733,129.194945848375,37.8447653429603,7267.63176895307,350.425992779783,13.7942238267148,336.631768953069,225.747292418773,97.5848375451263,276.819494584838,89.7870036101083,782.306859205776,109.375451263538,40.2563176895307,30.4657039711191,269.252707581227,141.241877256318,181.84476534296,143.794223826715,0.161271504581911,0.11370443405769
5520,83054,1,1,"LASP",31.2869724,-99.5652708,15,0,181.460784313725,531,52.921568627451,0.48570334,181.238095238095,150.747252747253,41.5677655677656,7325.97802197802,352.373626373626,-6.18315018315018,358.556776556777,225.805860805861,93.1465201465201,271.461538461538,82.3589743589744,633.509157509157,89.8571428571429,27.0915750915751,39.1428571428571,215.985347985348,90.1098901098901,180.172161172161,91.0915750915751,0.169697788107878,0.129134469463816
5520,83064,1,1,"LASP",32.1649434,-98.0495578,15,0,179.546296296296,345.833333333333,66.3564814814815,0.590505893333333,179.541516245487,137.595667870036,38.3790613718412,7578.93501805054,352.241877256318,-1.86281588447653,354.104693140794,221.202166064982,84.9963898916968,273.916967509025,77.942238267148,796.631768953069,117.379061371841,41.3574007220217,32.6931407942238,280.440433212996,134.826714801444,190.057761732852,136.166064981949,0.160345796084665,0.108032731424564
5520,83072,1,1,"LASP",33.6818377,-96.7585531,15,0,173.593137254902,219.941176470588,81.8872549019608,0.647893233333333,173.480286738351,124.121863799283,34.4121863799283,8097.48028673835,347.967741935484,-7.55555555555556,355.523297491039,215.956989247312,65.8566308243728,275.161290322581,65.8566308243728,985.064516129032,137.172043010753,46.5376344086022,31.8136200716846,337.197132616487,163.469534050179,224.820788530466,163.469534050179,0.13580380241983,0.0849141753524402
5520,83074,1,1,"LASP",33.0581596,-97.460791,15,0,178.847222222222,239.5,72.4259259259259,0.606768553333333,178.369565217391,129.920289855072,35.6449275362319,7987.46739130435,353.199275362319,-6.59420289855072,359.79347826087,221.239130434783,73.0471014492754,278.329710144928,71.6847826086957,870.04347826087,124.119565217391,42.8007246376812,32.6231884057971,298.126811594203,142.61231884058,198.264492753623,142.68115942029,0.148452123710224,0.0980822202419706
5520,83075,1,1,"LASP",33.5610847,-97.2713009,15,0,174.473684210526,255.368421052632,76.8464912280702,0.640714286666667,174.41958041958,129.797202797203,35.2342657342657,8079.04545454545,351.835664335664,-10.7832167832168,362.618881118881,216.975524475524,66.6923076923077,275.853146853147,66.6923076923077,919.115384615385,129.772727272727,42.6608391608392,33.527972027972,312.793706293706,146.381118881119,209.5,146.381118881119,0.145696470552124,0.091799911085508
5520,83092,0.933333333333333,1,"LASP",33.1811653,-101.5601204,14,1,161.112745098039,864.235294117647,42.2156862745098,0.387092266666667,161.167259786477,154.245551601424,41.1316725978648,7848.02491103203,340.113879003559,-30.7615658362989,370.875444839858,242.519572953737,58.7580071174377,259.654804270463,57.3131672597865,506.569395017794,73.423487544484,14.4163701067616,53.5622775800712,201.391459074733,48.5729537366548,191.060498220641,48.7046263345196,0.160809097510365,0.131337508313829
5520,83140,1,1,"LASP",30.2495701,-98.0582098,15,0,191.649122807018,311.263157894737,69.3201754385965,0.589897486666667,191.9375,127.819852941176,38.8235294117647,6917.32720588235,348.908088235294,23.6176470588235,325.290441176471,230.5,108.099264705882,276.761029411765,99.0110294117647,830.992647058824,113.952205882353,43.1654411764706,32.4301470588235,277.926470588235,151.963235294118,192.680147058824,153.595588235294,0.163414301576295,0.11341779307012
5520,83273,1,1,"LASP",33.3677874,-96.0651288,15,0,171.264705882353,180.823529411765,90.2990196078431,0.67043288,171.157142857143,126.464285714286,35.0071428571429,8001.60357142857,344.639285714286,-11.125,355.764285714286,209.892857142857,67.5035714285714,270.989285714286,63.8392857142857,1084.75357142857,145.721428571429,54.15,27.1428571428571,350.296428571429,206.378571428571,230.946428571429,206.4,0.123852643096543,0.07532057607683
5520,83317,1,1,"LASP",29.5379301,-100.0117796,15,0,192.723958333333,469.875,53.4114583333333,0.568541553333333,192.289962825279,139.182156133829,41.5910780669145,6745.27137546468,344.788104089219,14.5836431226766,330.204460966543,240.475836431227,103.219330855019,272.724907063197,99.550185873606,644.568773234201,81.6171003717472,25.6617100371747,39.5241635687732,223.360594795539,86.5762081784387,203.561338289963,86.635687732342,0.196982837186706,0.139275976261489
5520,83323,1,1,"LASP",30.2009897,-96.6532289,15,0,199.791666666667,106.25,83.359375,0.687907993333333,199.881918819188,124.808118081181,38.6531365313653,6760.20664206642,356.217712177122,37.7084870848708,318.509225092251,236.354243542435,180.464944649446,282.955719557196,108.763837638376,995.461254612546,126.992619926199,50.7933579335793,26.7675276752768,308.571955719557,204.416974169742,210.472324723247,216.084870848708,0.159563493426627,0.10079088806485
5520,83326,1,1,"LASP",30.3038597,-99.7103499,15,0,178.740196078431,639.470588235294,53.3382352941176,0.514714406666667,178.409594095941,147.542435424354,42.5571955719557,6969.31365313653,340.808118081181,-1.92619926199262,342.734317343173,229.557195571956,92.2324723247232,263.822878228782,84.4464944649446,643.538745387454,85.9741697416974,26.2583025830258,37.5719557195572,218.682656826568,90.5239852398524,197.907749077491,91.9114391143911,0.175873337080021,0.128757459631606
5520,83333,0.133333333333333,1,"LASP",31.6172317,-93.9263149,1.99999999999999,13,179.768518518519,89.6111111111111,106.768518518519,0.81411566,179.916363636364,137.105454545455,40.7309090909091,7065.62909090909,340.614545454545,7.77090909090909,332.843636363636,150.065454545455,254.512727272727,266.810909090909,84.2690909090909,1282.64,138.396363636364,77.8727272727273,14.6109090909091,355.207272727273,269.912727272727,282.923636363636,349.130909090909,0.127957205900986,0.0669887237777776
5520,83351,1,1,"LASP",32.3141319,-97.4981958,15,0,183.950980392157,241.882352941176,70.0245098039216,0.610193806666667,183.92,134.661818181818,37.1127272727273,7717.82545454545,357.818181818182,0.00363636363636364,357.814545454545,225.705454545455,90.3236363636364,279.861818181818,80.2545454545455,838.501818181818,123.654545454545,44.5090909090909,32.4036363636364,295.618181818182,145.189090909091,191.221818181818,146.109090909091,0.158605705578197,0.105475317192606
5520,83359,1,1,"LASP",33.1368767,-96.1615219,15,0,172.941176470588,174.823529411765,88.4362745098039,0.656583566666667,173.415162454874,126.541516245487,35.0830324909747,7978.559566787,346.880866425993,-8.69314079422383,355.574007220217,215.166064981949,99.5956678700361,272.729241877256,66.1949458483755,1057.24187725632,143.43321299639,52.4440433212996,27.4909747292419,344.837545126354,203.519855595668,219.729241877256,204.563176895307,0.126274346273567,0.0783992283839585
5520,83368,1,1,"LASP",34.6030047,-100.7371219,15,0,156.732456140351,689,43.6491228070175,0.46076526,157.501754385965,155.161403508772,38.4491228070175,8486.87368421053,353.084210526316,-44.7298245614035,397.814035087719,244.638596491228,45.4842105263158,265.277192982456,45.4842105263158,522.080701754386,86.1122807017544,12.6315789473684,54.8,214.785964912281,45.6315789473684,199.687719298246,45.6315789473684,0.167816790202563,0.124397054644226
5520,85004,0.666666666666667,1,"LASP",40.4591417,-114.0286489,10,5,89.3114035087719,1530.36842105263,17.3508771929825,0.208340433333333,88.7346278317152,154.090614886731,36.1909385113269,8940.72815533981,320.385113268608,-99.1974110032362,419.582524271845,123.925566343042,9.77346278317152,207.171521035599,-23.5113268608414,210.265372168285,27.9385113268608,12.168284789644,26.0970873786408,70.9223300970874,38.6504854368932,53.8349514563107,39.6019417475728,0.131541636039811,0.113187040577439
5520,85011,1,1,"LASP",39.9004437,-111.9543769,15,0,79.8375,1813.15,35.2,0.48831734,81.6006600660066,153.141914191419,36.8745874587459,8727.53135313531,308.006600660066,-101.627062706271,409.633663366337,49.1947194719472,196.013201320132,196.660066006601,-28.7722772277228,414.96699669967,44.6204620462046,23.4620462046205,17.7689768976898,126.108910891089,77.8811881188119,77.8943894389439,108.709570957096,0.162427949103009,0.0992900127053701
5520,85012,1,1,"LASP",39.5972957,-110.5606389,15,0,61.5614035087719,2124.42105263158,27.1315789473684,0.397309913333333,63.3201320132013,148.521452145215,35.4785478547855,8979.84818481848,282.19801980198,-129.970297029703,412.168316831683,149.207920792079,6.23102310231023,179.815181518152,-51.7920792079208,320.376237623762,34.6072607260726,20.6666666666667,16.6336633663366,96.947194719472,67.5379537953795,85.1683168316832,71.019801980198,0.151171721118127,0.0989170596441328
5520,85021,0.666666666666667,1,"LASP",37.9276397,-111.1870049,10,5,91.1271929824561,1998.05263157895,21.140350877193,0.31066186,90.7619047619048,148.034013605442,36.7210884353741,8595.4387755102,301.731292517007,-96.4285714285714,398.159863945578,195.248299319728,105.210884353741,203.163265306122,-18.0272108843537,255.258503401361,36.1666666666667,11.3639455782313,31.7585034013605,91.1496598639456,44.0986394557823,76.3775510204082,54.1360544217687,0.159936603774027,0.122736587033838
5520,85104,1,1,"LASP",40.0358487,-113.9835809,15,0,77.0833333333333,1791.5,21.9833333333333,0.278390346666667,78.483660130719,169.71568627451,39.5065359477124,8509.42483660131,312.388888888889,-111.758169934641,424.147058823529,97.9869281045752,1.53267973856209,191.398692810458,-27.8398692810458,257.140522875817,31.5032679738562,15.5032679738562,22.797385620915,82.8202614379085,48.8300653594771,64.4803921568627,50.4575163398693,0.13806993635856,0.107227732076866
5520,85108,1,1,"LASP",40.3698817,-109.3309479,15,0,71.575,1765,20.8458333333333,0.326081613333333,69.928338762215,166.201954397394,35.7785016286645,9831,310.631921824104,-147.589576547231,458.221498371335,123.14657980456,-60.7817589576547,194.201954397394,-61.5081433224756,255.758957654723,29.228013029316,13.7654723127036,21.6221498371336,77.5211726384365,45.9120521172638,65.400651465798,45.9120521172638,0.141480013102916,0.101656906311886
5520,85109,0.4,1,"LASP",39.6107407,-113.4837109,6,9,95.0925925925926,1542.16666666667,17.6759259259259,0.181674533333333,94.046204620462,168.693069306931,38.0759075907591,9065.85808580858,332.613861386139,-104.630363036304,437.244224422442,96.1089108910891,-16.4554455445545,214.075907590759,-20.5280528052805,215.50495049505,26.03300330033,11.993399339934,23.3696369636964,69.5808580858086,38.3696369636964,53.3696369636964,38.4290429042904,0.129400157107946,0.116440911605103
5520,85112,0.933333333333333,1,"LASP",39.0822697,-110.6649019,14,1,88.8518518518518,1754.38888888889,18.3657407407407,0.19593772,89.3585526315789,161.6875,36.4638157894737,9377.9375,317.769736842105,-119.894736842105,437.664473684211,187.457236842105,-26.5296052631579,210.108552631579,-32.9835526315789,218.898026315789,27.9835526315789,13.1677631578947,26.5789473684211,76.4802631578947,41.3059210526316,65.0921052631579,41.3519736842105,0.133514030977714,0.11708885890065
5520,85120,0.266666666666667,1,"LASP",37.0000397,-112.8619309,4.00000000000001,11,118.148148148148,1606.22222222222,28.8194444444444,0.26731872,117.91186440678,166.53220338983,42.0847457627119,7925.10508474576,330.891525423729,-59.9627118644068,390.854237288136,42.4067796610169,150.820338983051,222.420338983051,20.0271186440678,345.203389830508,41.7627118644068,11.1118644067797,29.2101694915254,112.067796610169,52.0508474576271,80.7593220338983,102.094915254237,0.146241406392715,0.125636792845264
5520,85121,0.0666666666666667,1,"LASP",37.8217747,-111.8435129,1,14,56.9166666666667,2363.35,28.7,0.41550186,56.6767676767677,161.811447811448,40.8989898989899,7849.75084175084,265.93265993266,-125.084175084175,391.016835016835,154.161616161616,85.5993265993266,159.639730639731,-41.3939393939394,344.602693602694,48.4882154882155,15.4511784511785,28.9360269360269,118.767676767677,60.5589225589226,100.848484848485,79.7710437710438,0.152586387010412,0.0966400484124867
5520,85123,1,1,"LASP",37.6748957,-109.4037019,15,0,91.7205882352941,1953,28.1127450980392,0.357463893333333,92.0338983050847,153.498305084746,37.0271186440678,8776.88813559322,311.206779661017,-97.1322033898305,408.338983050847,164.46779661017,132.657627118644,206.766101694915,-20.0474576271186,336.569491525424,39.5220338983051,11.2983050847458,26.6847457627119,109.054237288136,52.3728813559322,82.5389830508475,84.1423728813559,0.157117551759559,0.114828481338283
5520,85155,1,1,"LASP",40.0122597,-112.4592049,15,0,89.0614035087719,1694.73684210526,27.2982456140351,0.29790356,88.4506578947368,150.513157894737,36.0032894736842,8880.16447368421,316.411184210526,-96.0625,412.473684210526,72.6052631578947,170.694078947368,206.3125,-22.4276315789474,334.963815789474,37.2631578947368,21.1875,17.7532894736842,105.115131578947,67.3453947368421,67.7335526315789,78.2598684210526,0.13532480089132,0.105330817293897
5520,85169,0.733333333333333,1,"LASP",37.0690767,-113.7700499,11,4.00000000000001,141.649122807018,1215.84210526316,23.2368421052632,0.280068526666667,142.522184300341,162.283276450512,40.5904436860068,8304.21501706485,357.153583617747,-37.6621160409556,394.815699658703,56.8941979522184,178.860068259386,252.447098976109,39.7337883959044,274.706484641638,35.8327645051195,6.89078498293515,32.4948805460751,95.3344709897611,39.9590443686007,57.1877133105802,82.7610921501707,0.169465955102757,0.149157244483464
5520,85174,0.4,1,"LASP",40.0466577,-111.28122,6,9,41.1944444444444,2326.11111111111,43.3842592592593,0.772305353333333,43.2426229508197,148.518032786885,36.816393442623,8443.15737704918,258.196721311475,-139.822950819672,398.019672131148,-42.8590163934426,134.15737704918,153.147540983607,-63.9967213114754,526.75737704918,54.3311475409836,28.655737704918,17.7901639344262,158.137704918033,98.2,100.373770491803,155.760655737705,0.196417930974321,0.0792755226096492
5520,85316,0.666666666666667,1,"LASP",38.3096747,-111.5181729,10,5,56.7291666666667,2396.85,27.525,0.454846126666667,52.8440677966102,156.44406779661,39.5457627118644,8018.86440677966,261.193220338983,-129.718644067797,390.91186440678,151.725423728814,23.4372881355932,158.128813559322,-47.0983050847458,342.132203389831,46.3966101694915,17.1389830508475,29.3525423728814,117.620338983051,62.4203389830508,101.908474576271,74.3661016949153,0.159882050439985,0.0957470493067096
5520,85317,1,1,"LASP",38.9815407,-110.1670069,15,0,101.275,1575.45,18.2083333333333,0.174545613333333,103.273333333333,166.296666666667,36.3866666666667,9688.44,338.54,-112.003333333333,450.543333333333,178.016666666667,-21.8366666666667,227.4,-23.64,212.3,25.59,11.6733333333333,25.1933333333333,71.97,39.9166666666667,57.75,39.9433333333333,0.135472974919834,0.125227429541856
5520,85318,0.933333333333333,1,"LASP",38.1882837,-109.4157869,14,1,88.9259259259259,1954.72222222222,28.7685185185185,0.356354046666667,89.2307692307692,152.655518394649,36.6989966555184,8804.88294314381,308.52508361204,-101.578595317726,410.103678929766,160.177257525084,124.598662207358,204.040133779264,-23.438127090301,343.929765886288,39.0434782608696,13.5752508361204,23.8428093645485,109.809364548495,61.2909698996656,86.3678929765886,79.9264214046823,0.153547359911747,0.111750527810202
5520,85321,1,1,"LASP",37.7695327,-111.6654509,15,0,70.1157407407407,2219.16666666667,25.9444444444444,0.37581396,69.4362416107383,156.684563758389,39.6073825503356,8036.62751677852,278.238255033557,-112.597315436242,390.835570469799,168.553691275168,103.93288590604,174.828859060403,-31.3355704697987,312.020134228188,44.3557046979866,13.6140939597315,29.8489932885906,108.553691275168,53.5302013422819,91.5973154362416,72.0167785234899,0.15486655944074,0.10552605605761
5520,85323,0.933333333333333,1,"LASP",37.9027647,-109.5097889,14,1,87.0043859649123,2037.26315789474,29.1535087719298,0.411401846666667,86.9050847457627,148.993220338983,36.4915254237288,8697.23728813559,303.210169491525,-98.9898305084746,402.2,161.142372881356,126.789830508475,200.752542372881,-23.8271186440678,350.515254237288,40.4610169491525,12.5898305084746,25.6135593220339,113.138983050847,56.8983050847458,88.2474576271186,85.928813559322,0.165643580499978,0.11238663247509
5520,89006,0.866666666666667,1,"LASP",48.0936267,-119.8061899,13,1.99999999999999,70.1449275362319,789.391304347826,30.5144927536232,0.550108053333333,72.2263610315186,127.065902578797,33.4068767908309,8618.83667621776,279.988538681948,-95.0773638968481,375.065902578797,-32.0515759312321,176.383954154728,181.421203438395,-40.0830945558739,357.111747851003,54.4441260744986,13.5759312320917,40.5042979942693,147.054441260745,48.5014326647565,57.0601719197708,134.702005730659,0.151152328660231,0.0823363069581697
5520,89029,0.133333333333333,1,"LASP",48.5091787,-120.1732639,1.99999999999999,13,33.3708333333333,1352.75,46.5208333333333,0.766719526666667,32.7485875706215,120.299435028249,33.638418079096,7972.44915254237,228.200564971751,-124.152542372881,352.353107344633,-62.271186440678,131.494350282486,134.042372881356,-69.1553672316384,564.827683615819,87.1242937853107,24.090395480226,41.8389830508475,238.757062146893,82.5564971751412,89.1214689265537,220.161016949153,0.151142821467587,0.0583500174592142
5520,89057,0.266666666666667,1,"LASP",47.1349527,-118.1635439,4.00000000000001,11,88.8531746031746,570.571428571429,27.8650793650794,0.412503053333333,89.4156976744186,135.058139534884,37.5959302325581,7612.96802325581,299.566860465116,-55.0843023255814,354.651162790698,-2.72383720930233,183.991279069767,188.142441860465,-7.04651162790698,331.767441860465,46.9593023255814,11.8168604651163,38.5348837209302,129.531976744186,41.2122093023256,47.531976744186,116.912790697674,0.132901565480286,0.0888178006032719
5520,89075,0.933333333333333,1,"LASP",47.6640047,-119.6308899,14,1,84.2460317460317,646.809523809524,21.9960317460317,0.39148062,84.2708933717579,123.504322766571,32.4034582132565,8715.36887608069,293.824207492795,-81.4438040345821,375.268011527377,-21.1008645533141,190.115273775216,195.317002881844,-28.700288184438,264.371757925072,39.6512968299712,9.23631123919308,40.0778097982709,106.622478386167,34.2247838616715,42.2017291066282,95.2334293948127,0.136638534150196,0.0923323766142269
5520,89164,0.533333333333333,1,"LASP",46.8232937,-118.6507939,7.99999999999999,7.00000000000001,100.108333333333,423.75,21.2,0.41538214,100.521994134897,135.439882697947,37.2199413489736,7811.02052785924,310.466275659824,-48.4457478005865,358.912023460411,5.25513196480938,196.533724340176,201.944281524927,1.26392961876833,257.258064516129,36.5190615835777,8.0733137829912,39.3225806451613,100.316715542522,30.9853372434018,35.0469208211144,89.4516129032258,0.148955025975579,0.101003952973595
5520,91013,0.0666666666666667,1,"LASP",45.5385417,-91.8894659,1,14,55.05,371.2,67.7625,0.921276133333333,55.0208333333333,126.517857142857,26.7946428571429,11493.6279761905,277.229166666667,-185.886904761905,463.116071428571,192.35119047619,-104.324404761905,193.544642857143,-104.324404761905,810.514880952381,112.345238095238,20.797619047619,48.1845238095238,323.526785714286,77.8184523809524,323.345238095238,77.8184523809524,0.138223835133759,0.0460043775732414
5520,91055,0.533333333333333,1,"LASP",43.4457507,-89.8669289,7.99999999999999,7.00000000000001,71.3375,289.05,68.0166666666667,0.87834938,71.6304347826087,121.071428571429,27.5434782608696,10726.900621118,281.692546583851,-150.683229813665,432.375776397516,193.88198757764,-75.9906832298137,202.5,-75.9906832298137,816.11801242236,102.751552795031,25.5248447204969,40.944099378882,299.993788819876,89.1987577639752,297.316770186335,89.1987577639752,0.138234468778763,0.0505356368201846
5520,91057,0.0666666666666667,1,"LASP",43.9129677,-89.1280059,1,14,70.3125,268.3,66.4958333333333,0.863327626666667,70.332298136646,116.655279503106,26.7608695652174,10759.5310559006,280.307453416149,-147.844720496894,428.152173913043,189.819875776398,-76.7670807453416,201.925465838509,-76.7670807453416,797.89751552795,99.360248447205,26.3540372670807,38.8850931677019,288.267080745342,91.3229813664596,282.257763975155,91.3229813664596,0.136413338251928,0.0505905292094279
5520,91315,0.333333333333333,1,"LASP",43.0674397,-91.0779429,4.99999999999999,10,78.3201754385965,293.947368421053,68.7587719298246,0.881398346666667,78.0248447204969,114.531055900621,26.3478260869565,10790.7608695652,284.419254658385,-141.366459627329,425.785714285714,209.239130434783,-69.9875776397515,209.276397515528,-69.9875776397515,824.795031055901,104.770186335404,23.8385093167702,42.8478260869565,308.972049689441,84.695652173913,308.968944099379,84.695652173913,0.142248916834841,0.0526797052408043
5520,91320,0.0666666666666667,1,"LASP",42.5113107,-89.1104419,1,14,81.2666666666667,262.95,72.7666666666667,0.85409566,81.4258675078864,116.444794952681,27.3817034700315,10472.6246056782,286.388012618297,-130.280757097792,416.668769716088,209.634069400631,-61.7034700315457,210.091482649842,-61.7034700315457,873.766561514196,104.930599369085,29.1167192429022,35.7728706624606,308.227129337539,108.321766561514,308.17665615142,108.321766561514,0.131159371357988,0.0506921299280025
5520,92002,1,1,"LASP",44.4668237,-109.1344079,15,0,43.2023809523809,1968.04761904762,31.515873015873,0.483484333333333,43.8348623853211,150.929663608563,38.2354740061162,8141.33639143731,255.844036697248,-134.443425076453,390.2874617737,81.1406727828746,-52.1620795107034,151.80122324159,-56.7278287461774,372.767584097859,56.7767584097859,15.6911314984709,45.6177370030581,147.948012232416,52.5626911314985,115.318042813456,53.262996941896,0.143333475613948,0.0807465202984329
5520,92005,1,1,"LASP",44.7890327,-106.7184519,15,0,65.1375,1307.45,32.2541666666667,0.54684534,65.569696969697,159.242424242424,35.9212121212121,9359.75757575758,298.69696969697,-138.390909090909,437.087878787879,111.875757575758,-54.5545454545455,187.942424242424,-54.5545454545455,384.145454545455,64.9575757575758,14.6424242424242,50.1212121212121,170.275757575758,48.9939393939394,121.087878787879,48.9939393939394,0.154666109126785,0.0840620072039055
5520,92019,0.933333333333333,1,"LASP",42.8691687,-106.1200029,14,1,65.85,1816.65,28.7,0.46261462,66.5974842767296,146.761006289308,35.9716981132075,8772.83962264151,292.943396226415,-108.465408805031,401.408805031447,104.185534591195,-40.7735849056604,184.179245283019,-40.7735849056604,343.915094339623,59.9905660377358,13.7169811320755,47.4150943396226,148.833333333333,43.5125786163522,100.87106918239,43.5125786163522,0.156459984849157,0.0949903380786187
5520,92026,0.0666666666666667,1,"LASP",41.2001097,-106.6531979,1,14,26.6375,2608.55,39.4333333333333,0.709820666666667,27.0833333333333,146.362179487179,38.9262820512821,7989.34294871795,236.705128205128,-134.253205128205,370.958333333333,45.8621794871795,-63.8846153846154,132.516025641026,-70.0769230769231,467.092948717949,48.4326923076923,29.4903846153846,15.3108974358974,137.294871794872,96.0833333333333,125.615384615385,96.2211538461538,0.185255170796236,0.0775725449948215
5520,92028,1,1,"LASP",42.0167727,-104.2862009,15,0,85.1622807017544,1361.84210526316,30.1710526315789,0.500925006666667,84.9936305732484,170.646496815287,39.6687898089172,8804.05414012739,313.06050955414,-111.490445859873,424.550955414013,175.671974522293,-24.656050955414,202.267515923567,-24.656050955414,361.958598726115,69.0414012738854,8.73566878980892,65.0191082802548,178.821656050955,27.4649681528662,139.143312101911,27.4649681528662,0.164543655645315,0.0989399766618977
5520,92042,0.733333333333333,1,"LASP",44.3157337,-106.9380789,11,4.00000000000001,29.8095238095238,2158.90476190476,38.8015873015873,0.610638326666667,31.1207430340557,143.724458204334,36.077399380805,8414.54179566563,246.272445820433,-146.179566563467,392.452012383901,65.2291021671827,-70.3498452012384,144.222910216718,-71.0588235294118,462.996904024768,66.0402476780186,22.984520123839,40.6996904024768,184.504643962848,71.1547987616099,135.306501547988,71.9659442724458,0.152455413311043,0.0718096230124318
5520,92083,0.933333333333333,1,"LASP",42.5664457,-106.9904259,14,1,63.8888888888889,1913.04761904762,23.0912698412698,0.341809266666667,63.5125786163522,138.899371069182,33.8459119496855,9155.03459119497,290.616352201258,-113.657232704403,404.27358490566,103.418238993711,-50.2924528301887,185.198113207547,-50.2924528301887,277.396226415094,47.8050314465409,11.1352201257862,43.6761006289308,114.968553459119,36.5094339622642,75.0188679245283,36.5094339622642,0.140602517816395,0.0980111037642411
5520,92084,0.666666666666667,1,"LASP",42.2489347,-106.5688169,10,5,57.8916666666667,2072.7,26,0.343839173333333,57.584126984127,140.2,35.4095238095238,8733.24126984127,280.301587301587,-110.638095238095,390.939682539683,95.1650793650794,-49.9174603174603,174.053968253968,-49.9174603174603,313.368253968254,48.4190476190476,14.5206349206349,37.2222222222222,122.161904761905,45.8095238095238,84.9587301587302,45.8095238095238,0.135436414865587,0.0933516111520556
5520,92087,0.8,1,"LASP",42.2169227,-105.2973399,12,3,64.2456140350877,1826.89473684211,29.8289473684211,0.485610826666667,63.7699680511182,153.654952076677,38.7188498402556,8291.37380191693,282.747603833866,-108.769968051118,391.517571884984,131.635782747604,-37.6453674121406,174.757188498403,-37.6453674121406,357.185303514377,63.2428115015974,11.3099041533546,54.7955271565495,159.900958466454,35.7220447284345,125.357827476038,35.7220447284345,0.157625171567604,0.0925373105249172
5520,92090,0.733333333333333,1,"LASP",42.828263,-104.41854,11,4.00000000000001,72.8083333333333,1464.5,31.3708333333333,0.494962966666667,72.7577639751553,161.88198757764,37.2981366459627,9175.08695652174,302.816770186335,-125.695652173913,428.512422360248,149.316770186335,-41.9378881987578,194.409937888199,-41.9378881987578,376.347826086957,68.1366459627329,9.8695652173913,60.4968944099379,178.223602484472,33.2763975155279,140.27950310559,33.2763975155279,0.153913931626432,0.0907967389573416
5520,92104,0.466666666666667,1,"LASP",41.6851957,-106.3898999,7.00000000000001,7.99999999999999,45.5921052631579,2320.84210526316,29.0833333333333,0.556318606666667,46.4698412698413,145.67619047619,38.0888888888889,8187.74285714286,262.647619047619,-115.247619047619,377.895238095238,85.5587301587302,-53.0698412698413,155.533333333333,-53.3714285714286,344.047619047619,43.4571428571429,18.1206349206349,28.2507936507936,118.161904761905,57.0222222222222,98.8539682539682,57.0222222222222,0.176690601834307,0.0922671153446652
5520,92120,1,1,"LASP",42.8372527,-105.8112249,15,0,66.9375,1776.1,29.2291666666667,0.48292364,67.2672955974843,148.61320754717,36.4685534591195,8703.98427672956,292.462264150943,-108.679245283019,401.141509433962,104.512578616352,-38.7358490566038,184.078616352201,-38.7358490566038,350.764150943396,62.440251572327,12.8584905660377,50.5345911949686,155.135220125786,41.2955974842767,108.22641509434,41.2955974842767,0.159437473347518,0.0945735011752571
5520,92148,1,1,"LASP",44.9683375,-104.3682667,15,0,71.2936507936508,1085.90476190476,32.8015873015873,0.586461426666667,71.3252279635258,151.878419452888,33.7872340425532,9958.54711246201,305.042553191489,-137.881458966565,442.924012158055,165.142857142857,-56.6413373860182,200.951367781155,-56.6413373860182,394.848024316109,74.0212765957447,10.9118541033435,61.0395136778115,187.179331306991,36.1094224924012,151.87537993921,36.1094224924012,0.16053552199516,0.0840532079188928
5520,2002,0,0,"LASP",34.6386747,-87.1912919,0,15,153.730392156863,200.470588235294,118.691176470588,0.782210848535102,153.691228070175,131.712280701754,38.0035087719298,7726.88421052632,321.39298245614,-20.9508771929825,342.343859649123,132.277192982456,209.659649122807,249.936842105263,50.3578947368421,1427.06666666667,163.010526315789,84.7578947368421,18.1298245614035,417.638596491228,274.733333333333,308.473684210526,396.761403508772,0.0923669110159007,0.0478683920186165
5520,2004,0,0,"LASP",34.0297881,-87.0592352,0,15,156.156862745098,198.823529411765,121.686274509804,0.813651956181534,156.212765957447,134.769503546099,39.2056737588652,7537.62765957447,321.173758865248,-18.0531914893617,339.22695035461,73.7801418439716,211.737588652482,249.929078014184,55.2765957446809,1458.29787234043,165.145390070922,83.9787234042553,18.3900709219858,434.209219858156,280.875886524823,320.095744680851,411.939716312057,0.0949452984735666,0.0476107779386936
5520,2005,0,0,"LASP",34.2016687,-86.4934089,0,15,153.578703703704,263.611111111111,119.648148148148,0.807392187710098,153.654929577465,131.109154929577,38.4542253521127,7559.11971830986,317.93661971831,-18.2570422535211,336.193661971831,73.8908450704225,209.010563380282,247.683098591549,52.5669014084507,1436.08450704225,164.267605633803,79.7077464788732,18.5598591549296,427.732394366197,277.830985915493,314.464788732394,399.387323943662,0.096216658016223,0.0483182248374862
5520,2006,0,0,"LASP",34.5012877,-86.6855493,0,15,152.810185185185,232.833333333333,119.361111111111,0.788118424377555,152.926829268293,130.567944250871,37.98606271777,7667.11149825784,319.066202090592,-20.1567944250871,339.222996515679,78.6132404181185,208.808362369338,248.369337979094,50.4355400696864,1430.22648083624,164.118466898955,82.7770034843206,18.0801393728223,421.365853658537,276.989547038328,310.919860627178,397.149825783972,0.0930733551200714,0.0478086556276146
5520,2007,0,0,"LASP",34.8680404,-86.2030371,0,15,146.053921568627,302.470588235294,121.637254901961,0.817139218670725,145.747368421053,130.428070175439,37.9228070175439,7679.42456140351,312.473684210526,-26.9894736842105,339.463157894737,64.9964912280702,202.126315789474,241.371929824561,43.2701754385965,1461.01052631579,166.112280701754,86.3929824561403,17.719298245614,430.975438596491,284.947368421053,316.171929824561,407.80350877193,0.0917308092068845,0.0447518019331502
5520,2009,0,0,"LASP",34.3039507,-85.9267589,0,15,150.537037037037,284.5,119.731481481481,0.796208554750403,150.704225352113,131.471830985915,38.6760563380282,7552.72183098592,314.904929577465,-20.5880281690141,335.492957746479,76.6654929577465,206.133802816901,244.897887323944,49.9612676056338,1435.64084507042,165.154929577465,79.2640845070423,18.887323943662,432.105633802817,277.697183098592,314.447183098592,402.838028169014,0.0934718965053708,0.0473127119799086
5520,2016,0,0,"LASP",33.8481773,-87.5888357,0,15,156.656862745098,165.764705882353,124.578431372549,0.827380600118835,156.67615658363,139.654804270463,40.1245551601424,7534.86832740214,323.377224199288,-20.5302491103203,343.907473309609,92.4306049822064,212.387900355872,250.199288256228,55.6797153024911,1495.23131672598,168.644128113879,87.2811387900356,19.1387900355872,446.099644128114,282.391459074733,324.480427046263,427.733096085409,0.0927452290934717,0.0458317637784805
5520,2019,0,0,"LASP",33.4765537,-88.1712189,0,15,165.19298245614,92.2105263157895,120.197368421053,0.814432850241546,165.330935251799,134.489208633094,39.5719424460432,7489.27697841727,329.212230215827,-6.60071942446043,335.812949640288,120.305755395683,219.651079136691,258.705035971223,65.7302158273381,1443.03237410072,161.60071942446,82.1438848920863,20.841726618705,440.888489208633,263.525179856115,313.546762589928,416.467625899281,0.0995385278960777,0.0508137802580625
5520,2045,0,0,"LASP",34.1311637,-87.7621469,0,15,152.805555555556,206.944444444444,124.666666666667,0.823704027143582,152.782456140351,139.677192982456,39.8526315789474,7603.15087719298,320.908771929825,-25.280701754386,346.189473684211,129.424561403509,209.077192982456,246.957894736842,50.680701754386,1497.63157894737,166.708771929825,87.2350877192982,18.9298245614035,443.922807017544,283.814035087719,316.238596491228,424.512280701754,0.0907512564646858,0.0446852845211038
5520,2046,0,0,"LASP",34.3142387,-86.4773569,0,15,152.893518518519,258.111111111111,119.305555555556,0.803702023809524,153.090909090909,130.723776223776,38.2727272727273,7591.76223776224,317.888111888112,-18.986013986014,336.874125874126,71.2307692307692,208.587412587413,247.545454545455,51.6013986013986,1432.63636363636,164.104895104895,80.1643356643357,18.4825174825175,425.853146853147,277.486013986014,312.206293706294,398.5,0.0956463832967171,0.0481846347129417
5520,2057,0,0,"LASP",34.4236313,-87.3907904,0,15,153.204166666667,221.55,121.225,0.810725905196241,153.202090592334,133.327526132404,38.4355400696864,7673.96167247387,320.376306620209,-22.0487804878049,342.425087108014,130.177700348432,209.222996515679,248.578397212544,50.418118466899,1456.47038327526,164.470383275261,85.5121951219512,18.2752613240418,428.205574912892,280.059233449477,311.912891986063,408.121951219512,0.0935834803562623,0.0467849797576282
5520,2058,0,0,"LASP",34.5810567,-85.565583,0,15,145.328703703704,330.888888888889,121.050925925926,0.804055555555556,144.878472222222,132.489583333333,38.7743055555556,7594.27083333333,311.017361111111,-26.46875,337.486111111111,59.8923611111111,200.861111111111,239.989583333333,43.96875,1455.08333333333,165.458333333333,84.6493055555556,17.40625,436.347222222222,289.017361111111,322.100694444444,407.704861111111,0.0905162452570503,0.0448266253096479
5520,2071,0,0,"LASP",34.7961251,-87.3837235,0,15,152.377450980392,203.941176470588,117.926470588235,0.777094685990338,152.63986013986,132.807692307692,38.1888111888112,7740.31468531469,321.545454545455,-22.1083916083916,343.653846153846,144.013986013986,208.573426573427,249.052447552448,49.2867132867133,1416.40909090909,161.293706293706,83.8496503496503,18.2657342657343,415.688811188811,270.625874125874,305.615384615385,393.954545454545,0.0922676180655638,0.0479852440388863
5520,2073,0,0,"LASP",34.9895137,-86.0671689,0,15,142.960784313725,339.176470588235,123.25,0.827019523809524,143.188153310105,129.414634146341,37.6898954703833,7688.68641114983,309.362369337979,-29.5679442508711,338.93031358885,58.8815331010453,199.783972125436,238.90243902439,40.5644599303136,1477.71428571429,166.351916376307,88.7177700348432,17.2473867595819,434.080139372822,289.93031358885,321.494773519164,412.080139372822,0.0908041802249996,0.043541443352709
5520,2102,0,0,"LASP",34.6030578,-87.2543912,0,15,153.530701754386,206.368421052632,119.166666666667,0.78601471116639,153.81338028169,132.014084507042,38.0880281690141,7717.3485915493,321.482394366197,-20.8450704225352,342.327464788732,132.316901408451,209.739436619718,249.894366197183,50.6021126760563,1430.35211267606,163.003521126761,84.6443661971831,18.1760563380282,418.985915492958,275.112676056338,308.573943661972,398.595070422535,0.0927403217173458,0.0478521048275673
5520,2105,0,0,"LASP",34.2126918,-86.4734413,0,15,153.725490196078,262.588235294118,119.46568627451,0.807057687793427,153.566433566434,131.006993006993,38.4265734265734,7562.85314685315,317.828671328671,-18.3496503496504,336.178321678322,73.958041958042,208.933566433566,247.629370629371,52.4230769230769,1435.14335664336,164.258741258741,79.6328671328671,18.5909090909091,427.510489510489,277.58041958042,314.003496503496,399.160839160839,0.0962039112439321,0.0483191200646081
5520,2109,0,0,"LASP",34.3086241,-85.9323092,0,15,150.245098039216,289.411764705882,119.838235294118,0.796056510632422,150.651408450704,131.404929577465,38.6549295774648,7553.8661971831,314.841549295775,-20.6408450704225,335.482394366197,76.193661971831,206.088028169014,244.855633802817,49.8908450704225,1435.89436619718,165.144366197183,79.2711267605634,18.8767605633803,432.06338028169,277.778169014084,314.415492957746,402.87676056338,0.0934813697601544,0.0473247373457076
5520,2201,0,0,"LASP",34.2884067,-88.0675579,0,15,154.782407407407,176.777777777778,122.361111111111,0.821918785863328,154.622377622378,138.979020979021,39.6818181818182,7621.57342657343,323.832167832168,-22.0104895104895,345.842657342657,154.125874125874,210.751748251748,249.157342657343,52.5244755244755,1471.26923076923,162.506993006993,85.7587412587413,19.527972027972,439.255244755245,274.986013986014,303.776223776224,417.447552447552,0.0936135517939446,0.0462976393521235
5520,2203,0,0,"LASP",34.8223669,-86.6604516,0,15,149.5875,242.6,119.183333333333,0.776130882352941,149.79020979021,130.63986013986,37.8041958041958,7739.39160839161,317.15034965035,-24.3811188811189,341.531468531469,102.506993006993,206.223776223776,246.136363636364,46.3251748251748,1428.66433566434,164.094405594406,85.2692307692308,17.8426573426573,417.937062937063,276.776223776224,309.506993006993,393.804195804196,0.0901324422579338,0.0466890911449529
5520,2204,0,0,"LASP",34.7575557,-85.8594579,0,15,143.37037037037,357.888888888889,123.328703703704,0.818590277777778,143.309608540925,130.313167259786,38.0782918149466,7629.3024911032,309.192170818505,-28.3451957295374,337.537366548043,57.5551601423488,199.498220640569,238.519572953737,41.7081850533808,1480.01423487544,166.992882562278,86.4270462633452,17.4270462633452,440.202846975089,291.519572953737,323.626334519573,415.231316725979,0.0897443017345892,0.0435396928994068
5520,2205,0,0,"LASP",33.6853138,-88.1671198,0,15,162.467592592593,107.111111111111,121.518518518519,0.817031904761905,162.367857142857,136.65,39.7428571428571,7531.21785714286,328.221428571429,-11.4214285714286,339.642857142857,122.385714285714,217.225,256.042857142857,61.9071428571429,1459.69285714286,162.064285714286,83.775,20.4464285714286,439.282142857143,266.871428571429,313.103571428571,420.175,0.0968339746664729,0.0489923376117766
5520,2206,0,0,"LASP",33.8168747,-87.1378259,0,15,159.032407407407,168.444444444444,121.37962962963,0.814323223443223,159.282685512367,135.187279151943,39.4558303886926,7489.13074204947,323.21554770318,-14.9222614840989,338.137809187279,75.6961130742049,214.558303886926,252.505300353357,59.0565371024735,1457.86219081272,165.664310954064,83.7349823321555,18.7526501766784,436.957597173145,278.445229681979,324,413.69964664311,0.0961235465526937,0.0484855593622014
5520,2306,0,0,"LASP",33.8163386,-87.1416542,0,15,159.032407407407,168.444444444444,121.37962962963,0.814277936292271,159.277192982456,135.20701754386,39.459649122807,7489.14385964912,323.217543859649,-14.940350877193,338.157894736842,75.6912280701754,214.554385964912,252.498245614035,59.0491228070175,1458.11578947368,165.684210526316,83.7614035087719,18.7543859649123,437.035087719298,278.473684210526,324.049122807018,413.80350877193,0.0960866973159202,0.0484700505305141
5520,2750,0,0,"LASP",34.4761164,-86.4676524,0,15,151.787037037037,255.777777777778,119.333333333333,0.799024010086554,152.228873239437,130.242957746479,38.0176056338028,7637.95774647887,317.827464788732,-20.0387323943662,337.866197183099,66.6795774647887,207.954225352113,247.316901408451,50.2359154929577,1430.13732394366,164.299295774648,81.25,18.3802816901408,423.919014084507,277.017605633803,310.06338028169,398.021126760563,0.0947357802290986,0.0479112610268083
5520,4001,0,0,"LASP",49.93222,-110.84452,0,15,45.4891304347826,821.391304347826,28.1123188405797,0.625457144087132,45.7107438016529,136.63085399449,30.1046831955923,10470.8815426997,269.636363636364,-177.490358126722,447.126721763085,159.793388429752,-14.9669421487603,175.917355371901,-92.5289256198347,337.490358126722,57.8292011019284,14.3388429752066,46.4049586776859,137.889807162534,46.9559228650138,136.085399449036,50.4407713498623,0.151752690561702,0.0707390224377153
5520,4003,0,0,"LASP",49.08995,-112.39699,0,15,49.768115942029,1144.5652173913,29.5326086956522,0.616066666666667,49.5870786516854,134.508426966292,33.0421348314607,9029.33146067416,257.797752808989,-143.39606741573,401.193820224719,141.188202247191,-54.3005617977528,164.693820224719,-66.997191011236,355.019662921348,71.6404494382023,10.0308988764045,63.7050561797753,165.525280898876,36.1601123595506,151.522471910112,36.1629213483146,0.158403141340841,0.075901274250291
5520,4006,0,0,"LASP",50.74668,-110.25869,0,15,35.4,716.2,27.02,0.51371684981685,35.7459459459459,137.151351351351,28.6054054054054,11347.0189189189,267.894594594595,-204.135135135135,472.02972972973,174.186486486486,-27.4,174.186486486486,-115.683783783784,323.456756756757,57,12.3891891891892,53.0891891891892,145.243243243243,41.3567567567568,145.243243243243,43.4216216216216,0.121614607763805,0.06338398172903
5520,4007,0,0,"LASP",50.56388,-111.84916,0,15,41.2743055555556,748.166666666667,27.4270833333333,0.657898515661524,41.1657608695652,139.491847826087,30.1576086956522,10629.1467391304,265.070652173913,-190.538043478261,455.608695652174,171.057065217391,-18.4972826086957,171.057065217391,-100.502717391304,329.747282608696,56.7364130434783,12.883152173913,51.616847826087,143.152173913043,42.8532608695652,143.152173913043,44.8885869565217,0.154866114090655,0.0685265084664602
5520,4008,0,0,"LASP",50.30279,-112.02041,0,15,44.9318181818182,771.090909090909,28.2083333333333,0.693772861920688,45.0597826086956,138.671195652174,30.679347826087,10259.9673913043,264.557065217391,-179.75,444.307065217391,168.380434782609,-12.679347826087,171.603260869565,-91.2554347826087,339.725543478261,58.8396739130435,13.7364130434783,49.2717391304348,141.478260869565,45.2744565217391,141.423913043478,48.6413043478261,0.16527159850372,0.0708016753617995
5520,4011,0,0,"LASP",51.00887,-110.7956,0,15,30.8055555555556,736.833333333333,26.7361111111111,0.509750740740741,30.4204851752022,139.099730458221,28.7654986522911,11436.0053908356,263.493261455526,-212.385444743935,475.878706199461,168.819407008086,-37.6118598382749,168.819407008086,-122.690026954178,320.819407008086,55.9919137466307,11.5256064690027,56.1940700808625,149.746630727763,39.6253369272237,149.746630727763,40.1940700808625,0.118358420749649,0.0612317796519469
5520,4012,0,0,"LASP",51.32875,-111.07823,0,15,23.2638888888889,767.75,27.28125,0.532159139784946,23.4010695187166,138.75935828877,28.3021390374332,11657.5935828877,257.093582887701,-223.96256684492,481.05614973262,163.572192513369,-40.0695187165775,163.572192513369,-133.986631016043,327.098930481283,58.4545454545455,11.2406417112299,60.3288770053476,159.280748663102,38.6096256684492,159.280748663102,39.6791443850267,0.117930034403317,0.0583740762722779
5520,4101,0,0,"LASP",49.26127,-110.69079,0,15,45.4166666666667,958.434782608696,26.6847826086957,0.496493486590038,45.3966480446927,140.036312849162,31.3575418994413,10225.2849162011,270.597765363128,-169,439.597765363128,150.578212290503,-23.2346368715084,173.930167597765,-89.3882681564246,321.081005586592,59.072625698324,12.5307262569832,52.2011173184358,139.324022346369,41.5,130.991620111732,44.9664804469274,0.130355281799988,0.0712592722530773
5520,4102,0,0,"LASP",49.58229,-111.69789,0,15,51.9021739130435,869.869565217391,28.8550724637681,0.622388389513109,51.9888268156425,136.960893854749,31.9329608938547,9727.98882681564,267.555865921788,-154.966480446927,422.522346368715,152.326815642458,-13.8240223463687,173.944134078212,-76.2905027932961,346.77094972067,61.9441340782123,13.5502793296089,49.2039106145251,143.008379888268,47.268156424581,137.150837988827,49.3687150837989,0.155674276168294,0.0740629155419479
5520,4103,0,0,"LASP",49.61134,-112.1495,0,15,52.4015151515151,883.045454545455,29.8371212121212,0.685638760064412,52.6961325966851,135.57182320442,31.9585635359116,9543.91988950276,264.121546961326,-153.803867403315,417.925414364641,150.950276243094,-9.34530386740331,172.546961325967,-72.8093922651934,357.39226519337,64.8480662983425,13.3314917127072,50.7348066298343,148.629834254144,47.1685082872928,142.629834254144,49.4972375690608,0.16972768173368,0.0750528377387306
5520,4106,0,0,"LASP",50.00432,-110.07319,0,15,37.3402777777778,835.166666666667,28.1145833333333,0.637426832838263,37.1460055096419,138.212121212121,29.4297520661157,10903.0661157025,267.035812672176,-195.586776859504,462.62258953168,158.537190082645,-24.6942148760331,171.914600550964,-107.556473829201,337.355371900826,59.4986225895317,14.3581267217631,47.6804407713499,141.027548209366,45.7382920110193,140.258953168044,52.1515151515151,0.148326758299974,0.0667289783716131
5520,4107,0,0,"LASP",50.92139,-111.11275,0,15,32.2465277777778,742.416666666667,26.53125,0.513095238095238,32.4254742547425,140.070460704607,29.0108401084011,11305.1327913279,264.319783197832,-210.758807588076,475.078590785908,168.948509485095,-37.2791327913279,168.948509485095,-118.785907859079,318.181571815718,54.8943089430894,11.3712737127371,56.0054200542005,147.70189701897,39.0840108401084,147.70189701897,39.4959349593496,0.120675625223696,0.0624583687839487
5520,4108,0,0,"LASP",50.30279,-112.02041,0,15,44.9318181818182,771.090909090909,28.2083333333333,0.693772861920688,45.0597826086956,138.671195652174,30.679347826087,10259.9673913043,264.557065217391,-179.75,444.307065217391,168.380434782609,-12.679347826087,171.603260869565,-91.2554347826087,339.725543478261,58.8396739130435,13.7364130434783,49.2717391304348,141.478260869565,45.2744565217391,141.423913043478,48.6413043478261,0.16527159850372,0.0708016753617995
5520,4111,0,0,"LASP",51.44533,-110.38028,0,15,23.8478260869565,736.652173913043,27.8405797101449,0.531304210526316,24.1253333333333,134.752,27.9146666666667,11679.6986666667,257.248,-215.493333333333,472.741333333333,165.810666666667,-44.2933333333333,165.810666666667,-132.864,333.298666666667,59.3733333333333,11.9226666666667,58.2213333333333,159.856,41.4106666666667,159.856,42.36,0.116770222689624,0.057954872945566
5520,4112,0,0,"LASP",51.57551,-111.20079,0,15,19.3958333333333,773.958333333333,28.2951388888889,0.561577777777778,19.4494680851064,136.853723404255,27.9840425531915,11746.8882978723,252.13829787234,-228.529255319149,480.667553191489,160.452127659574,-44.5851063829787,160.452127659574,-139.707446808511,339.063829787234,61.0345744680851,11.686170212766,61.813829787234,167.75,39.6994680851064,167.75,41.6117021276596,0.11940200913587,0.0564514691517276
5520,4113,0,0,"LASP",51.95441,-112.13115,0,15,22.1485507246377,826.304347826087,32.6376811594203,0.645723711340206,22.1,124.497368421053,27.5526315789474,10998.9236842105,239.671052631579,-204.534210526316,444.205263157895,155.747368421053,-42.8947368421053,155.747368421053,-125.723684210526,390.35,66.8263157894737,14.8552631578947,58.4710526315789,187.328947368421,49.178947368421,187.328947368421,53.0263157894737,0.131298214014881,0.0564044146034398
5520,4201,0,0,"LASP",49.53812,-110.27546,0,15,31.7575757575758,1085.31818181818,29.5,0.60489709746775,31.5193370165746,137.621546961326,30.2458563535912,10460.1215469613,258.082872928177,-190.016574585635,448.099447513812,139.245856353591,-28.5911602209945,162.334254143646,-106.240331491713,354.552486187845,62.0635359116022,15.207182320442,46.5718232044199,146.82044198895,48.4834254143646,141.798342541436,56.0966850828729,0.14092533948405,0.0653902088845554
5520,4202,0,0,"LASP",49.34847,-111.79937,0,15,54.1785714285714,946.333333333333,28.5119047619048,0.592042222222222,54.2361111111111,137.597222222222,32.6527777777778,9493.49166666667,268.144444444444,-147.286111111111,415.430555555556,151.597222222222,-34.45,173.961111111111,-70.3333333333333,341.786111111111,64.1777777777778,11.4166666666667,55.425,149.258333333333,41.7555555555556,139.325,42.425,0.153383494396543,0.0762113723996686
5520,4203,0,0,"LASP",49.38423,-112.65106,0,15,49.8106060606061,1076,31.5795454545455,0.726232971014493,50.3585434173669,133.792717086835,32.7535014005602,9060.16526610644,256.473389355742,-146.425770308123,402.899159663866,142.935574229692,-23.1652661064426,165.09243697479,-67.3893557422969,378.43137254902,71.6638655462185,12.8711484593838,55.781512605042,164.414565826331,45.5042016806723,154.512605042017,46.1540616246499,0.17978496815104,0.0756896500035536
5520,4206,0,0,"LASP",50.22206,-110.96022,0,15,45.4855072463768,751.869565217391,27.4746376811594,0.559889018866438,45.1243093922652,137.75138121547,29.7292817679558,10676.8038674033,270.941988950276,-184.5,455.441988950276,171.718232044199,-14.8701657458564,176.756906077348,-96.146408839779,329.129834254144,55.792817679558,13.4585635359116,47.8508287292818,137.309392265193,44.8314917127072,137.074585635359,46.9254143646409,0.136850580908052,0.0689114096365788
5520,4207,0,0,"LASP",50.15235,-111.98355,0,15,47.2619047619048,772.714285714286,28.4087301587302,0.700615309945295,47.3169398907104,138.177595628415,30.8715846994536,10127.8579234973,265.418032786885,-174.508196721311,439.926229508197,164.904371584699,-10.068306010929,172.729508196721,-87.0464480874317,342.073770491803,59.2459016393443,14.0601092896175,48.1065573770492,139.732240437158,46.4098360655738,139.366120218579,50.2486338797814,0.16841247307715,0.0719842333193843
5520,4208,0,0,"LASP",50.16448,-112.31428,0,15,47.1136363636364,806.909090909091,29.4015151515152,0.717562054768325,47.1428571428571,137.505494505495,31.2472527472527,9942.04395604396,262.181318681319,-171.412087912088,433.593406593407,160.510989010989,-9.47252747252747,170.554945054945,-84.5467032967033,354.335164835165,62.0192307692308,14.3241758241758,48.9258241758242,145.406593406593,47.2582417582418,144.846153846154,51.206043956044,0.171248531503362,0.0717756310462855
5520,4211,0,0,"LASP",51.35788,-110.19278,0,15,26.0869565217391,728.826086956522,27.4166666666667,0.521896453900709,26.167115902965,133.99730458221,27.8787061994609,11641.9083557951,259.00539083558,-212.099730458221,471.105121293801,167.681940700809,-42.3315363881402,167.681940700809,-130.016172506739,329.194070080863,58.3342318059299,11.9137466307278,57.6037735849057,156.477088948787,41.0134770889488,156.477088948787,41.9703504043127,0.116692566228966,0.0588751127515329
5520,4212,0,0,"LASP",51.76553,-111.51697,0,15,18.6566666666667,786.96,29.91,0.579825531914894,18.6,132.44,27.7306666666667,11557.3386666667,246.085333333333,-223.789333333333,469.874666666667,157.664,-45.1706666666667,157.664,-137.901333333333,357.656,63.3413333333333,12.7786666666667,61.0426666666667,175.653333333333,42.8,175.653333333333,45.6586666666667,0.12006001363159,0.0554189780891217
5520,4301,0,0,"LASP",49.52351,-110.68143,0,15,41.1865079365079,983,28.5357142857143,0.560905185185185,40.8861111111111,136.75,30.6333333333333,10258.6222222222,264.166666666667,-175.072222222222,439.238888888889,146.736111111111,-19.7722222222222,169.508333333333,-94.1277777777778,343.55,60.525,14.5444444444444,47.5444444444444,142.65,47.0027777777778,136.730555555556,52.1305555555556,0.137558472392567,0.0687810964077726
5520,4306,0,0,"LASP",50.55749,-110.32547,0,15,37.9393939393939,736.863636363636,27.2840909090909,0.525397849462365,37.6811989100817,137.302452316076,28.7847411444142,11191.0708446866,268.569482288828,-200.381471389646,468.950953678474,174.632152588556,-24.6294277929155,174.632152588556,-111.299727520436,326.520435967302,57.1008174386921,12.9318801089918,51.1634877384196,143.144414168937,42.5967302452316,143.144414168937,45.2425068119891,0.125081521695312,0.0645657579318613
5520,4307,0,0,"LASP",50.93578,-111.86568,0,15,35.5555555555556,743.25,27.3368055555556,0.604862365591398,35.6253369272237,139.153638814016,29.4959568733154,10999.3827493261,262.614555256065,-201.56064690027,464.175202156334,168.986522911051,-28.1805929919137,168.986522911051,-111.805929919137,327.256064690027,56.6765498652291,12.1940700808625,55.4366576819407,149.811320754717,41.1590296495957,149.811320754717,42.1509433962264,0.13951046652421,0.0649349128824524
5520,4311,0,0,"LASP",51.44452,-110.91913,0,15,20.7386363636364,768.363636363636,27.9166666666667,0.547376736111111,21.2613333333333,137.770666666667,28.112,11728.376,255.277333333333,-225.245333333333,480.522666666667,162.445333333333,-42.712,162.445333333333,-137.077333333333,333.584,59.9333333333333,11.584,60.352,162.986666666667,39.8,162.986666666667,41.1493333333333,0.118536927415456,0.0572837702477475
5520,4312,0,0,"LASP",51.41613,-111.47615,0,15,23.0326086956522,777.304347826087,27.7065217391304,0.541197826086956,22.9758713136729,137.190348525469,28.28418230563,11563.5603217158,253.801608579088,-223.203753351206,477.005361930295,161.844504021448,-39.9356568364611,161.844504021448,-133.565683646113,332.428954423592,59.1474530831099,11.4477211796247,61.2761394101877,162.643431635389,38.8203753351206,162.643431635389,40.3029490616622,0.1188164883199,0.0581105284495779
5520,4313,0,0,"LASP",51.32885,-112.04431,0,15,27.5625,826.291666666667,29.1319444444444,0.562980586080586,27.5824468085106,135.007978723404,28.8909574468085,11073.5904255319,252.566489361702,-206.880319148936,459.446808510638,161.787234042553,-47.5,161.787234042553,-121.095744680851,347.880319148936,59.9494680851064,13.2712765957447,57.0771276595745,163.191489361702,43.6994680851064,163.191489361702,45.0425531914894,0.12478139363226,0.060127872845218
5520,4319,0,0,"LASP",51.99756,-111.81444,0,15,19.2326388888889,798.083333333333,32.1076388888889,0.625272043010753,19.84,125.528,27.3093333333333,11214.7733333333,239.76,-212.114666666667,451.874666666667,155.557333333333,-42.8,155.557333333333,-131.506666666667,386.568,67.0106666666667,14.376,59.0906666666667,186.797333333333,48.1733333333333,186.797333333333,52.2666666666667,0.125720237454867,0.0550591067801639
5520,4401,0,0,"LASP",49.86216,-110.68174,0,15,42.5492424242424,877.454545454545,28.5265151515152,0.642701377607899,42.7472527472527,136.230769230769,30.0302197802198,10475.6071428571,266.972527472527,-179.972527472527,446.945054945055,153.873626373626,-17.9587912087912,173.244505494505,-95.4148351648352,342.53021978022,58.9835164835165,14.7005494505495,46.2967032967033,140.131868131868,47.5796703296703,137.631868131868,52.0357142857143,0.154024604327895,0.0698862951967384
5520,4407,0,0,"LASP",50.56388,-111.84916,0,15,41.2743055555556,748.166666666667,27.4270833333333,0.657898515661524,41.1657608695652,139.491847826087,30.1576086956522,10629.1467391304,265.070652173913,-190.538043478261,455.608695652174,171.057065217391,-18.4972826086957,171.057065217391,-100.502717391304,329.747282608696,56.7364130434783,12.883152173913,51.616847826087,143.152173913043,42.8532608695652,143.152173913043,44.8885869565217,0.154866114090655,0.0685265084664602
5520,4408,0,0,"LASP",50.92147,-112.17449,0,15,36.1818181818182,779.045454545455,28.280303030303,0.631995970695971,36.0972972972973,138.397297297297,29.8621621621622,10783.5243243243,260.340540540541,-195.651351351351,455.991891891892,167.502702702703,-32.8621621621622,167.502702702703,-108.048648648649,339.786486486486,59.0486486486487,13.127027027027,54.4189189189189,153.532432432432,43.5540540540541,153.532432432432,44.827027027027,0.144574223462966,0.0652361585916178
5520,4411,0,0,"LASP",50.70277,-110.60929,0,15,37.1413043478261,721.565217391304,26.7971014492754,0.509831182795699,36.7289972899729,138.506775067751,28.9457994579946,11226.5149051491,268.20325203252,-202.644986449864,470.848238482385,173.514905149051,-29.9485094850948,173.514905149051,-112.831978319783,321.059620596206,55.5040650406504,12.2466124661247,52.7262872628726,143.571815718157,41.1761517615176,143.571815718157,42.4092140921409,0.121949522878741,0.0640152174606268
5520,4412,0,0,"LASP",51.27059,-111.19086,0,15,24.4270833333333,762.833333333333,27.1180555555556,0.525531578947368,24.927807486631,139.114973262032,28.4304812834225,11600.9251336898,258.106951871658,-222.46256684492,480.569518716578,164.344919786096,-38.7486631016043,164.344919786096,-131.649732620321,324.181818181818,57.6818181818182,11.0989304812834,60.192513368984,157.358288770053,38.1149732620321,157.358288770053,39.0828877005348,0.117945002958208,0.0590732806986728
5520,4413,0,0,"LASP",49.34834,-112.26998,0,15,52.3090277777778,1022.20833333333,29.6736111111111,0.656402651515151,52.2653631284916,135.030726256983,32.5530726256983,9281.00558659218,261.768156424581,-147.256983240223,409.025139664804,147.111731843575,-31.6648044692737,169.659217877095,-68.7737430167598,357.125698324022,68.6201117318436,11.3743016759777,57.5977653631285,157.958100558659,41.6033519553073,147.600558659218,42.2234636871508,0.166305010420296,0.0762697127563328
5520,4501,0,0,"LASP",50.08913,-111.56814,0,15,47.1666666666667,771.2,27.97,0.656604102326453,47.2650273224044,138.106557377049,30.6010928961749,10277.4453551913,268.155737704918,-175.491803278689,443.647540983607,166.579234972678,-11.1311475409836,174.398907103825,-88.9262295081967,335.975409836066,57.4262295081967,13.9398907103825,47.155737704918,136.729508196721,46.379781420765,136.286885245902,49.4590163934426,0.158934253284802,0.071565822685298
5520,4508,0,0,"LASP",50.83397,-112.45127,0,15,37.3194444444444,820.916666666667,29.21875,0.647810622710623,37.2830188679245,138.490566037736,30.4393530997305,10524.3234501348,258.770889487871,-189.415094339623,448.185983827493,166.185983827493,-32.099730458221,166.185983827493,-102.849056603774,351.948787061995,61.7547169811321,13.7654986522911,53.6738544474394,156.808625336927,45.2803234501348,156.808625336927,46.7735849056604,0.148055019764462,0.0657997383869963
5520,4512,0,0,"LASP",49.10149,-110.56255,0,15,46.5151515151515,948.454545454545,25.4848484848485,0.478102247191011,47.1288515406162,143.571428571429,31.733893557423,10330.2268907563,275.96918767507,-169.442577030812,445.411764705882,153.131652661064,-38.8767507002801,176.949579831933,-89.4341736694678,303.392156862745,57.4929971988796,10.8263305322129,56.2885154061625,136.87675070028,36.8151260504202,127.336134453782,39.2296918767507,0.130153385391762,0.0730163624712795
5520,4612,0,0,"LASP",49.10149,-110.56255,0,15,46.5151515151515,948.454545454545,25.4848484848485,0.478102247191011,47.1288515406162,143.571428571429,31.733893557423,10330.2268907563,275.96918767507,-169.442577030812,445.411764705882,153.131652661064,-38.8767507002801,176.949579831933,-89.4341736694678,303.392156862745,57.4929971988796,10.8263305322129,56.2885154061625,136.87675070028,36.8151260504202,127.336134453782,39.2296918767507,0.130153385391762,0.0730163624712795
5520,4712,0,0,"LASP",49.10149,-110.56255,0,15,46.5151515151515,948.454545454545,25.4848484848485,0.478102247191011,47.1288515406162,143.571428571429,31.733893557423,10330.2268907563,275.96918767507,-169.442577030812,445.411764705882,153.131652661064,-38.8767507002801,176.949579831933,-89.4341736694678,303.392156862745,57.4929971988796,10.8263305322129,56.2885154061625,136.87675070028,36.8151260504202,127.336134453782,39.2296918767507,0.130153385391762,0.0730163624712795
5520,6001,0,0,"LASP",36.4118157,-113.3253169,0,15,125.300925925926,1608,28.2824074074074,0.33306862745098,124.321799307958,155.871972318339,41.7439446366782,7680.31487889273,328.131487889273,-41.1141868512111,369.245674740484,128.456747404844,154.733564013841,226.567474048443,31.4290657439446,341.61937716263,44.1245674740484,9.88581314878893,33.2006920415225,109.76124567474,46.6470588235294,89.8581314878893,97.0449826989619,0.166872785812971,0.13402554551053
5520,6002,0,0,"LASP",36.7313947,-112.0460509,0,15,95.8157894736842,1931,27.4649122807018,0.375538812785388,98.608843537415,155.775510204082,40.4591836734694,7950.41156462585,306.251700680272,-74.2823129251701,380.534013605442,115.962585034014,132.863945578231,203.493197278912,0.32312925170068,314.037414965986,40.0034013605442,10.8231292517007,30.078231292517,99.891156462585,45.6156462585034,82.765306122449,88.812925170068,0.169894943546833,0.12302819118815
5520,6003,0,0,"LASP",36.1623537,-111.3865819,0,15,119.185185185185,1646.55555555556,16.5277777777778,0.1736899543379,119.989619377163,157.733564013841,39.2560553633218,8500.0830449827,332.065743944637,-64.6470588235294,396.712802768166,223.159169550173,160.283737024221,230.709342560554,11.9965397923875,196.16955017301,30.0726643598616,6.72664359861592,35.7612456747405,72.1764705882353,28.7785467128028,60.0034602076125,45.5847750865052,0.151638196453226,0.144677816195803
5520,6004,0,0,"LASP",36.5612867,-110.5019459,0,15,106.239583333333,1984.75,21.1666666666667,0.264622072072072,106.797945205479,139.986301369863,36.3527397260274,8469.97945205479,311.356164383562,-68.4931506849315,379.849315068493,210.061643835616,145.547945205479,217.986301369863,0.383561643835616,251.869863013699,34.6746575342466,7.8527397260274,33.7808219178082,89.2739726027397,34.208904109589,72.7534246575343,58.8835616438356,0.16215833799944,0.135939177383459
5520,6005,0,0,"LASP",36.5089267,-109.4726859,0,15,104.976851851852,1868.16666666667,22.1018518518519,0.283720091324201,106.166089965398,157.204152249135,38.5328719723183,8628.46020761246,318.59169550173,-84.2560553633218,402.847750865052,200.519031141869,146.730103806228,219.055363321799,-3.83044982698962,260.826989619377,35.4221453287197,7.82352941176471,35.1833910034602,93.5536332179931,34.5363321799308,74.4567474048443,60.0934256055363,0.161415562498332,0.132029372950106
5520,6007,0,0,"LASP",35.5156177,-113.2016679,0,15,118.916666666667,1629.27777777778,27.6203703703704,0.311586854460094,117.909407665505,171.236933797909,45.993031358885,7263.66898954704,321.379790940767,-46.7909407665505,368.170731707317,209.885017421603,145.717770034843,214.857142857143,30.2787456445993,335.620209059233,54.4564459930314,9.77700348432056,43.2020905923345,128.04181184669,39.9825783972125,109.365853658537,86.6759581881533,0.158258531077655,0.128703995353524
5520,6008,0,0,"LASP",35.7549067,-112.8721919,0,15,109.149122807018,1772.73684210526,30.0438596491228,0.326374885844749,107.166089965398,168.747404844291,45.4048442906574,7281.49134948097,310.678200692042,-56.8512110726644,367.529411764706,199.076124567474,135.536332179931,204.214532871972,19.3321799307958,365.761245674741,56.3875432525952,11.7474048442907,39.5155709342561,134.155709342561,46.916955017301,115.730103806228,94.6782006920415,0.152245127965963,0.119363031137873
5520,6009,0,0,"LASP",35.3950617,-111.5777809,0,15,94.530701754386,1967.42105263158,35.7850877192982,0.409044848721961,95.2832167832168,161.685314685315,43.0909090909091,7543.53146853147,295.472027972028,-76.2342657342657,371.706293706294,188.762237762238,127.954545454545,194.314685314685,1.31118881118881,422.20979020979,60.5559440559441,10.8146853146853,39.2412587412587,153.258741258741,50.9335664335664,125.699300699301,111.723776223776,0.157856461904735,0.109764445978797
5520,6010,0,0,"LASP",35.8687197,-110.6230399,0,15,114.029411764706,1756.64705882353,18.7745098039216,0.17315296803653,114.07560137457,162.79381443299,40.1305841924399,8456.51890034364,326.360824742268,-74.4570446735395,400.817869415808,217.247422680412,153.240549828179,224.037800687285,6.47766323024055,224.525773195876,34.8178694158076,6.4639175257732,40.0756013745704,87.2852233676976,28.9553264604811,70.4089347079038,49.4914089347079,0.145508146991496,0.137849270626003
5520,6011,0,0,"LASP",35.678979,-109.2046208,0,15,87.8101851851852,2152.38888888889,27.0416666666667,0.360796713615024,88,166.607638888889,42.1215277777778,7974.34722222222,292.565972222222,-98.2395833333333,390.805555555556,185.569444444444,123.871527777778,192.534722222222,-12.5972222222222,322.229166666667,51.1631944444444,10.1284722222222,44.0451388888889,130.298611111111,38.5694444444444,107.493055555556,68.15625,0.162525040024013,0.117434274529797
5520,6015,0,0,"LASP",34.8492047,-111.4342499,0,15,97.6372549019608,1972.11764705882,46.0343137254902,0.502104285714286,100.402097902098,162.230769230769,44.3111888111888,7249.47552447552,295.482517482517,-66.6713286713287,362.153846153846,190.013986013986,130.062937062937,196.468531468531,11.3076923076923,542.769230769231,74.6713286713287,11.0559440559441,39.9475524475524,191.776223776224,57.6818181818182,154.548951048951,151.548951048951,0.163694123523175,0.103603875465197
5520,6016,0,0,"LASP",34.6673667,-110.3230139,0,15,114.055555555556,1740.94444444444,26.9953703703704,0.275355882352941,113.381944444444,180.538194444444,45.0763888888889,7782.76736111111,320.076388888889,-76.0347222222222,396.111111111111,209.920138888889,147.368055555556,215.260416666667,15.625,329.163194444444,58.6180555555556,8.78472222222222,52.7951388888889,147.246527777778,34.3229166666667,118.857638888889,68.6388888888889,0.150591908694964,0.126875330026075
5520,6017,0,0,"LASP",34.4781336,-109.6046705,0,15,105.78431372549,1876.94117647059,28.7450980392157,0.296875117370892,105.145833333333,181.996527777778,46.5520833333333,7524.79861111111,306.454861111111,-80.4131944444444,386.868055555556,197.458333333333,139.263888888889,203.177083333333,10.4131944444444,347.670138888889,64.7708333333333,11.1631944444444,57.3541666666667,162.461805555556,37.6111111111111,134.149305555556,66.6145833333333,0.149756164230149,0.121155303229275
5520,6018,0,0,"LASP",33.6562037,-114.2169649,0,15,215.134259259259,356.5,11.6574074074074,0.221760460013878,215.535714285714,159.196428571429,42.3,7788.38214285714,410.046428571429,38.0428571428571,372.003571428571,301.071428571429,248.185714285714,316.878571428571,119.110714285714,138.428571428571,22.8892857142857,1.14285714285714,51.0714285714286,52.2285714285714,7.92142857142857,36.7964285714286,43.5928571428571,0.219956503597609,0.232082309318564
5520,6022,0,0,"LASP",33.8114477,-110.9051519,0,15,145.294117647059,1345.52941176471,42.9509803921569,0.425144600938967,146.02846975089,163.014234875445,44.797153024911,7224.00711743772,336.402135231317,-23.2348754448399,359.637010676157,208.476868327402,175.839857651246,240.818505338078,57.2064056939502,515.889679715302,78.7259786476868,9.06405693950178,46.4021352313167,185.729537366548,41.2989323843416,149.839857651246,154.021352313167,0.169490583125083,0.128818308102186
5520,6023,0,0,"LASP",33.6100527,-109.1067429,0,15,84.7061403508772,2168.05263157895,42.4122807017544,0.499259624413146,85.9151943462898,192.844522968198,51.3427561837456,6649.31802120141,278.826855123675,-92.9187279151944,371.745583038869,168.289752650177,114.427561837456,173.600706713781,3.68197879858657,510.378091872792,92.5901060070671,13.5971731448763,58.7985865724382,241.187279151943,48.9293286219081,201.83038869258,109.34628975265,0.162259457969006,0.0998246324629286
5520,6028,0,0,"LASP",32.0343407,-110.3031159,0,15,161.872549019608,1351.47058823529,32.2450980392157,0.299018357487923,162.300724637681,166.623188405797,47.9094202898551,6715.53260869565,338.942028985507,-4.97463768115942,343.916666666667,242.199275362319,195.619565217391,249.297101449275,78.445652173913,388.688405797101,89.2826086956522,4.95289855072464,78.8695652173913,211.978260869565,25.7789855072464,182.192028985507,81.6811594202899,0.174637805063843,0.157867725354132
5520,6029,0,0,"LASP",32.4996877,-109.3368449,0,15,159.34375,1213.5625,26.53125,0.226276960784314,158.585714285714,190.521428571429,49.575,7314.51428571429,353.121428571429,-27.6285714285714,380.75,246.678571428571,194.942857142857,253.875,66.725,319.889285714286,63.0535714285714,6.2,65.775,159.575,24.15,133,72.2607142857143,0.161920678273725,0.157484893056441
5520,6031,0,0,"LASP",31.387449,-111.064564,0,15,165.268518518519,1233.38888888889,39.75,0.398599530516432,164.229927007299,168.551094890511,49.6569343065693,6345.38321167883,336.470802919708,0.368613138686131,336.102189781022,241,192.390510948905,246.57299270073,85.8138686131387,479.919708029197,115.051094890511,5.71167883211679,80.8430656934307,264,27.6861313868613,224.302919708029,106.412408759124,0.181512589858446,0.147323230724042
5520,6033,0,0,"LASP",31.8181957,-109.6948089,0,15,155.037037037037,1449.55555555556,31.6342592592593,0.317462254901961,154.530909090909,172.258181818182,49.1418181818182,6579.41818181818,334.156363636364,-13.2327272727273,347.389090909091,232.047272727273,188.305454545455,239.607272727273,72.0290909090909,381.690909090909,91.2145454545455,5.6,82.3490909090909,213.385454545455,28.3781818181818,188.16,74.7672727272727,0.176763733453207,0.153986072489838
5520,6051,0,0,"LASP",36.2863797,-113.0649869,0,15,124.189814814815,1614.27777777778,27.787037037037,0.323701801801802,123.557823129252,160.37074829932,42.5204081632653,7675.5612244898,329.139455782313,-43.8707482993197,373.010204081633,190.363945578231,154.425170068027,225.517006802721,30.4625850340136,334.676870748299,45.2993197278912,10.3333333333333,33.5646258503401,109.319727891156,45.656462585034,92.9523809523809,92.1700680272109,0.165367659544016,0.134046243591432
5520,6052,0,0,"LASP",36.3131479,-112.0319722,0,15,96.1388888888889,1929.55555555556,28.4814814814815,0.412306306306306,94.8125,157.4375,41.6354166666667,7736.35763888889,299.350694444444,-74.5972222222222,373.947916666667,139.347222222222,127.767361111111,196.881944444444,-0.270833333333333,343.743055555556,45.1388888888889,11.3090277777778,32.3402777777778,112.829861111111,47.9756944444444,93.8541666666667,95.2777777777778,0.170492375745437,0.117386620105831
5520,6053,0,0,"LASP",36.9132282,-111.4526999,0,15,127.973684210526,1512.21052631579,12.5964912280702,0.178056888888889,128.725085910653,145.044673539519,36.0756013745704,8856.09621993127,341.405498281787,-55.3505154639175,396.756013745704,235.659793814433,171.666666666667,244.257731958763,16.1202749140893,150.189003436426,21.1718213058419,6.09621993127148,30.3505154639175,51.7525773195876,24.0412371134021,43.8865979381443,38.0309278350515,0.163389748822843,0.156769259108846
5520,6054,0,0,"LASP",36.3915637,-110.8794319,0,15,113.241228070175,1811.52631578947,17.1228070175439,0.197355111111111,112.578231292517,146.534013605442,37.3027210884354,8534.82993197279,320.489795918367,-67.1530612244898,387.642857142857,216.479591836735,152.421768707483,224.210884353742,4.65646258503401,209.146258503401,30.4863945578231,6.90476190476191,34.6836734693878,76.1054421768708,29.7312925170068,62.6428571428571,48.2721088435374,0.153547663232821,0.140599882362244
5520,6055,0,0,"LASP",36.3599237,-109.6437909,0,15,106.458333333333,1862.33333333333,21.375,0.238784234234234,107.242214532872,158.505190311419,38.9757785467128,8578.97923875433,319.200692041522,-82.3391003460208,401.539792387543,206.868512110727,147.23875432526,219.557093425606,-1.86505190311419,254.401384083045,35.7404844290657,7.48442906574394,36.401384083045,93.0173010380623,33.363321799308,74.5916955017301,57.3771626297578,0.152851531842202,0.132260777188225
5520,6058,0,0,"LASP",35.0556327,-112.2188339,0,15,116.143518518519,1698.44444444444,37.1574074074074,0.414844748858448,113.895104895105,169.405594405594,45.9755244755245,7162.21328671329,311.269230769231,-52.965034965035,364.234265734266,203.377622377622,142.622377622378,208.762237762238,26.7237762237762,453.248251748252,69.9055944055944,11.5839160839161,43.1188811188811,171.335664335664,51.8216783216783,142.979020979021,118.206293706294,0.161449426578225,0.115953829972221
5520,6059,0,0,"LASP",35.1634107,-111.9475859,0,15,93.787037037037,1997.88888888889,43.75,0.516358447488584,93.4216027874565,161.432055749129,45.0418118466899,7034.06271777003,286.414634146341,-67.9721254355401,354.386759581882,181.477351916376,121.414634146341,186.696864111498,8.03484320557491,528.466898954704,74.2717770034843,12.7700348432056,39.0522648083624,186.710801393728,61.5400696864112,154.418118466899,146.337979094077,0.164570784897094,0.100743436698596
5520,6060,0,0,"LASP",35.2779817,-110.3798989,0,15,120.093137254902,1670.41176470588,19.2647058823529,0.162206232259657,120.770034843206,173.355400696864,42.2369337979094,8353.23693379791,333.219512195122,-72.6864111498258,405.905923344948,223.06968641115,159.048780487805,229.571428571429,14.8257839721254,231.881533101045,40.0766550522648,6.49128919860627,48.7177700348432,100.365853658537,27.0313588850174,80.1881533101045,46.8606271777004,0.144753846664334,0.14084408882429
5520,6061,0,0,"LASP",35.5302347,-109.8516089,0,15,107.013157894737,1893.94736842105,22.1842105263158,0.220180821917808,106.853146853147,166.129370629371,41.472027972028,8188.8951048951,315.286713286713,-80.965034965035,396.251748251748,207.122377622378,143.734265734266,213.730769230769,3.11888111888112,266.5,42.2552447552448,7.33916083916084,43.951048951049,107.667832167832,31.8356643356643,86.1153846153846,56.5,0.147364769989479,0.130535024418698
5520,6065,0,0,"LASP",34.3566847,-111.1008299,0,15,104.470588235294,1887.11764705882,48.6960784313725,0.570631455399061,105.146341463415,164.351916376307,45.0766550522648,7109.10801393728,297.801393728223,-62.4285714285714,360.229965156794,194.616724738676,133.480836236934,199.526132404181,18.219512195122,579.895470383275,85.5052264808362,10.9372822299652,44.1080139372822,214.010452961672,53.9059233449477,173.644599303136,161.759581881533,0.175438976188952,0.103499536278112
5520,6066,0,0,"LASP",34.7,-110.7666667,0,15,103.602941176471,1882.58823529412,34.8382352941176,0.373231428571429,104.564912280702,168.912280701754,43.8140350877193,7638.11228070175,305.259649122807,-75.5017543859649,380.761403508772,199.484210526316,137.287719298246,205.00350877193,9.25964912280702,411.712280701754,66.6070175438597,9.23859649122807,48.0491228070175,170.077192982456,41.6105263157895,137.6,98.3438596491228,0.156333347522973,0.115647283598575
5520,6067,0,0,"LASP",34.1153987,-109.9154509,0,15,92.2222222222222,2102.05555555556,43.8425925925926,0.539792792792793,92.6737588652482,174.613475177305,47.2340425531915,6949.59574468085,284.843971631206,-81.0602836879433,365.904255319149,178.666666666667,122.31914893617,183.528368794326,6.13829787234043,530.875886524823,87.4609929078014,14.4468085106383,48.8439716312057,221.723404255319,52.6418439716312,183.780141843972,126.971631205674,0.172184334848929,0.102510535844202
5520,6072,0,0,"LASP",33.1754789,-110.5290913,0,15,170.87962962963,1111.66666666667,36.2453703703704,0.309746883230904,170.924460431655,156.924460431655,43.4712230215827,7448.78057553957,356.474820143885,-0.280575539568345,356.755395683453,261.248201438849,205.420863309353,267.5,77.9964028776978,431.158273381295,71.1870503597122,8.03237410071942,50.5647482014388,167.928057553957,31.5503597122302,138.39928057554,125.935251798561,0.170097015169543,0.154726304834184
5520,6073,0,0,"LASP",33.8668667,-109.1657669,0,15,70.0462962962963,2415.44444444444,44.1527777777778,0.530213063063063,70.0141843971631,185.535460992908,50.4574468085106,6543.75886524823,259.099290780142,-104.535460992908,363.63475177305,151.028368794326,97.7269503546099,156.36170212766,-10.8333333333333,523.719858156028,97.5035460992908,14.6241134751773,60.4290780141844,250.265957446808,52.822695035461,210.957446808511,107.085106382979,0.161391392987676,0.0926022609355455
5520,6079,0,0,"LASP",32.6498267,-109.8181145,0,15,156.300925925926,1287.72222222222,29.0694444444444,0.327526470588235,156.028571428571,179.171428571429,48.325,7189.70357142857,345.285714285714,-21.8142857142857,367.1,242.667857142857,190.985714285714,249.628571428571,66.0321428571429,350.425,67.7535714285714,6.62142857142857,64.3178571428571,171.092857142857,26.8571428571429,144.082142857143,82.0321428571429,0.181460952463785,0.15606952696869
5520,6081,0,0,"LASP",31.7120327,-111.0671459,0,15,168.838235294118,1200,37.406862745098,0.362354285714286,170.301818181818,165.2,48.36,6533.98909090909,343.261818181818,5.46909090909091,337.792727272727,248.923636363636,200.454545454545,255.083636363636,89.5309090909091,442.174545454545,101.992727272727,4.94909090909091,76.9127272727273,237.24,25.3563636363636,199.214545454545,98.6690909090909,0.183444227934632,0.156796864161781
5520,6082,0,0,"LASP",31.9576267,-110.9446259,0,15,181.941176470588,1055.94117647059,32.6666666666667,0.303249047619048,181.014440433213,162.476534296029,47.2888086642599,6741.37184115523,354.12274368231,14.4801444043321,339.642599277978,262.093862815884,212.689530685921,268.252707581227,97.5198555956679,396.021660649819,86.115523465704,4.69675090252708,71.8736462093863,205.317689530686,23.7292418772563,170.974729241877,90.2274368231047,0.181747240905629,0.169196399803706
5520,6083,0,0,"LASP",31.6464055,-109.4732045,0,15,150.949074074074,1480.11111111111,32.3425925925926,0.308317142857143,151.449275362319,176.869565217391,49.5398550724638,6580.82971014493,332.894927536232,-20.9202898550725,353.815217391304,228.20652173913,185.923913043478,235.949275362319,68.4420289855072,387.677536231884,93.8405797101449,5.67028985507246,82.2173913043478,216.221014492754,29.0760869565217,190.239130434783,75.8876811594203,0.171700132700802,0.150417048972344
5520,6101,0,0,"LASP",36.6901017,-113.4587859,0,15,129.467592592593,1519.11111111111,27.662037037037,0.293389777777778,130.156996587031,156.180887372014,41.0204778156997,7868.68941979522,336.607508532423,-39.3174061433447,375.924914675768,52.2150170648464,162.238907849829,234.699658703072,34.3037542662116,330.22866894198,41.6109215017065,9.00341296928328,32.5733788395904,108.597269624573,46.0716723549488,78.9180887372014,97.1774744027304,0.161621337934059,0.137562973085941
5520,6103,0,0,"LASP",36.6095467,-111.0768659,0,15,116.662280701754,1746.78947368421,15.1666666666667,0.20192100456621,115.808219178082,142.578767123288,36.3424657534247,8634.69863013699,323.777397260274,-63.5034246575342,387.280821917808,220.688356164384,156.534246575342,228.794520547945,6.54109589041096,184.506849315069,26.8561643835616,6.68835616438356,33.2534246575342,66.486301369863,27.5856164383562,55.4315068493151,43.6746575342466,0.159385673842511,0.14563606780555
5520,6105,0,0,"LASP",36.3019687,-109.1965869,0,15,92.1574074074074,2068.88888888889,25.6574074074074,0.40216036036036,91.5567010309278,156.962199312715,39.3814432989691,8292.68728522337,298.611683848797,-94.914089347079,393.525773195876,192.312714776632,129.484536082474,200.219931271478,-13.6082474226804,308.481099656357,43.8900343642612,9.6701030927835,37.4742268041237,114.343642611684,39.7731958762887,93.0446735395189,70.2268041237113,0.175523037358947,0.121439741962199
5520,6108,0,0,"LASP",35.2307957,-112.5859679,0,15,112.605263157895,1691.15789473684,32.0087719298246,0.338981944444444,111.859649122807,177.778947368421,47.2280701754386,7186.62807017544,315.021052631579,-57.4245614035088,372.445614035088,202.428070175439,140.466666666667,207.266666666667,24.2666666666667,384.305263157895,64.4140350877193,11.5087719298246,45.3894736842105,153.378947368421,45.0421052631579,130.919298245614,94.9894736842105,0.153540504318975,0.119790086829298
5520,6115,0,0,"LASP",34.8379964,-111.4382855,0,15,97.6372549019608,1972.11764705882,46.0343137254902,0.50155619047619,100.809688581315,162.287197231834,44.3425605536332,7243.28027681661,295.813148788927,-66.1764705882353,361.989619377163,190.36678200692,130.415224913495,196.806228373702,11.8304498269896,544.792387543253,74.9238754325259,11.0622837370242,39.9723183391003,192.363321799308,57.757785467128,154.996539792388,152.328719723183,0.163551398371984,0.103687670790362
5520,6116,0,0,"LASP",34.6116178,-110.3781682,0,15,111.352941176471,1772.17647058824,28.7058823529412,0.323995045045045,109.367491166078,179.197879858657,45.2544169611307,7666.56890459364,314.067137809187,-77.6289752650177,391.696113074205,204.625441696113,142.494699646643,209.83038869258,13.2650176678445,360.427561837456,62.9116607773852,9.24734982332155,52.0565371024735,158.798586572438,36.8409893992933,128.441696113074,78,0.15423714429961,0.121783688013087
5520,6123,0,0,"LASP",33.6103817,-109.1063079,0,15,84.7061403508772,2168.05263157895,42.4122807017544,0.499259624413146,85.9151943462898,192.844522968198,51.3427561837456,6649.31802120141,278.826855123675,-92.9187279151944,371.745583038869,168.289752650177,114.427561837456,173.600706713781,3.68197879858657,510.378091872792,92.5901060070671,13.5971731448763,58.7985865724382,241.187279151943,48.9293286219081,201.83038869258,109.34628975265,0.162259457969006,0.0998246324629286
5520,6133,0,0,"LASP",31.9825267,-109.2013399,0,15,147.180555555556,1476,32.0648148148148,0.313652450980392,146.586956521739,180.289855072464,49.3695652173913,6827.71376811594,332.851449275362,-28.9311594202899,361.782608695652,226.851449275362,182.677536231884,235.050724637681,60.4782608695652,387.909420289855,83.8369565217391,6.26086956521739,71.6159420289855,202.532608695652,29.4601449275362,172.771739130435,82.268115942029,0.168791678845152,0.145527566016069
5520,6172,0,0,"LASP",33.178809,-110.215069,0,15,157.823529411765,1246,35.0980392156863,0.308622286160841,158.08273381295,165.63309352518,44.9928057553957,7397.08273381295,347.291366906475,-16.6762589928058,363.967625899281,247.773381294964,192.525179856115,254.014388489209,65.5071942446043,417.187050359712,71.2230215827338,8.5,52.4784172661871,173.528776978417,32.2985611510791,143.942446043165,113.046762589928,0.165470828700015,0.146960336316673
5520,7001,0,0,"LASP",33.3121558,-91.8906744,0,15,168.769607843137,51.4705882352941,114.558823529412,0.834923233333333,168.91519434629,130.922261484099,37.7137809187279,7615.81625441696,334.250883392226,-8.21908127208481,342.469964664311,148.406360424028,223.749116607774,263.014134275618,65.7950530035336,1374.73144876325,142.939929328622,80.7243816254417,16.0918727915194,390.636042402827,268.134275618375,291.30035335689,378.16961130742,0.112083835183613,0.055933822723268
5520,7002,0,0,"LASP",33.1683737,-91.3322519,0,15,173.476851851852,38.3333333333333,114.384259259259,0.811148713333333,173.685714285714,123.053571428571,36.4214285714286,7628.88571428571,334.7,1.425,333.275,110.903571428571,228.142857142857,267.632142857143,70.3392857142857,1372.05357142857,146.007142857143,74.05,20.1964285714286,400.039285714286,242.646428571429,280.217857142857,394.953571428571,0.110859797602278,0.0576499705656159
5520,7003,0,0,"LASP",33.9045937,-92.5979989,0,15,165.5,77.1052631578947,111,0.830985506666667,165.326241134752,133.099290780142,37.6843971631206,7722.95035460993,335.294326241135,-13.8333333333333,349.127659574468,167.202127659574,234.329787234043,261.287234042553,61.4645390070922,1333.14184397163,135.09219858156,81.7978723404255,14.3794326241135,385.620567375887,283.716312056738,285.918439716312,333.95390070922,0.114963183786511,0.0570582811522867
5520,7005,0,0,"LASP",33.3755757,-93.4706879,0,15,170.955882352941,91.8235294117647,107.426470588235,0.806529106666667,170.929577464789,131.183098591549,38.0246478873239,7530.32394366197,337.235915492958,-3.50352112676056,340.739436619718,171.042253521127,227,264.788732394366,70.112676056338,1289.11267605634,127.37323943662,84.1161971830986,12.7359154929577,365.87676056338,275.785211267606,292.577464788732,317.411971830986,0.119953662636531,0.0620897708238242
5520,7006,0,0,"LASP",33.6627163,-93.6694105,0,15,169.171052631579,102.157894736842,108.517543859649,0.789446073333333,169.135231316726,130.291814946619,37.3879003558719,7668.8896797153,336.857651245552,-7.11743772241993,343.975088967972,168.879003558719,228.359430604982,264.683274021352,66.4056939501779,1305.90747330961,135.302491103203,83.9822064056939,14.7402135231317,382.640569395018,281.715302491103,295.5871886121,304.711743772242,0.113882725462694,0.0600496376618618
5520,7007,0,0,"LASP",33.6969877,-94.1229479,0,15,170.31862745098,105.058823529412,105.279411764706,0.780551853333333,170.111111111111,130.075268817204,37.0465949820789,7721.65591397849,337.688172043011,-8.59856630824373,346.286738351254,169.695340501792,241.698924731183,266.193548387097,66.3799283154122,1265.97849462366,139.702508960573,75.7491039426523,17.1326164874552,381.268817204301,272.78853046595,282.695340501792,281.487455197133,0.118013030690469,0.0629325629805221
5520,7008,0,0,"LASP",34.9269397,-90.5065699,0,15,160.337962962963,64.3333333333333,108.518518518519,0.78718846,160.317073170732,117.651567944251,33.0592334494774,8282.29268292683,330.745644599303,-19.4146341463415,350.160278745645,161.808362369338,224.773519163763,262.742160278746,48.0940766550523,1300.4181184669,138.714285714286,78.4529616724739,20.9512195121951,404.209059233449,247.006968641115,261.118466898955,340.439024390244,0.108267948425349,0.0560367504235907
5520,7009,0,0,"LASP",34.7079957,-91.7000729,0,15,165.323529411765,66.3529411764706,105.455882352941,0.797711566666667,165.003496503497,118.346153846154,33.8671328671329,8079.37412587413,333.506993006993,-11.986013986014,345.493006993007,166.671328671329,241.587412587413,265.038461538462,55.5384615384615,1266.67832167832,133.129370629371,76.5734265734266,19.2097902097902,395.087412587413,253.70979020979,255.090909090909,318.468531468531,0.11705964052033,0.0603235556469155
5520,7010,0,0,"LASP",34.0487397,-91.4995419,0,15,169.475490196078,54.5294117647059,108.308823529412,0.827917,169.367857142857,121.103571428571,35.2285714285714,7850.42857142857,335.457142857143,-3.33928571428571,338.796428571429,168.507142857143,224.846428571429,266.85,63.5357142857143,1297.56428571429,137.210714285714,75.5428571428571,18.1821428571429,389.253571428571,251.110714285714,262.789285714286,349.660714285714,0.12098837818465,0.0607280290281461
5520,7011,0,0,"LASP",34.6176687,-92.7855459,0,15,161.073529411765,169.470588235294,113.117647058824,0.829180373333333,161.070422535211,132.345070422535,36.6549295774648,7873.87676056338,335.852112676056,-20.5352112676056,356.387323943662,161.235915492958,249.05985915493,259.042253521127,55.080985915493,1362.83450704225,144.211267605634,81.8380281690141,17.6654929577465,414.580985915493,289.419014084507,290.922535211268,309.397887323944,0.110352053364187,0.0545079617364795
5520,7012,0,0,"LASP",34.3401497,-92.6636599,0,15,163.885964912281,114.578947368421,112.741228070175,0.83269558,163.86170212766,132.801418439716,37.2730496453901,7775.28723404255,335.943262411348,-16.1099290780142,352.053191489362,165.159574468085,245.81914893617,260.528368794326,59.3723404255319,1355.32269503546,140.645390070922,82.4893617021277,16.4468085106383,406.053191489362,287.783687943262,289.198581560284,320.890070921986,0.112397485556823,0.0555693779658405
5520,7013,0,0,"LASP",34.0344927,-93.2513959,0,15,163.412037037037,110.166666666667,114.606481481481,0.82688514,163.387900355872,134.4128113879,37.644128113879,7788.8256227758,336.135231316726,-16.270462633452,352.405693950178,163.900355871886,232.797153024911,260.4128113879,59.085409252669,1376.22775800712,145.697508896797,84.8754448398576,16.1387900355872,407.35231316726,294.982206405694,303.590747330961,319.594306049822,0.108508409282143,0.0540477312511989
5520,7014,0,0,"LASP",34.6972007,-93.0827549,0,15,156.592592592593,212.388888888889,113.847222222222,0.825102253333333,156.548042704626,134.306049822064,36.5409252669039,7975.67971530249,334.519572953737,-27.8113879003559,362.330960854093,156.053380782918,191.814946619217,255.708185053381,48.9750889679715,1366.90747330961,148.829181494662,78.914590747331,18.3772241992883,418.654804270463,292.960854092527,297.604982206406,299.814946619217,0.107436425515336,0.0528223372950459
5520,7015,0,0,"LASP",34.9704407,-94.0440279,0,15,154.926470588235,259.352941176471,91.6764705882353,0.810334246666667,154.725352112676,137.31338028169,37.0387323943662,8033.92253521127,335.348591549296,-30.5633802816901,365.911971830986,180.503521126761,47.8908450704225,255.362676056338,47.8908450704225,1111.07042253521,140.06338028169,54.862676056338,22.4683098591549,348.316901408451,208.545774647887,274.665492957746,208.545774647887,0.138499630845834,0.0682527602455802
5520,7016,0,0,"LASP",35.4848667,-90.6809479,0,15,159.157894736842,70.5263157894737,103.574561403509,0.794500933333333,159.288194444444,118.625,32.7083333333333,8449.26041666667,335.135416666667,-22.09375,357.229166666667,160.819444444444,260.381944444444,263.996527777778,44.6805555555556,1243.3125,131.513888888889,78.3090277777778,19.6805555555556,385.760416666667,246.625,246.857638888889,311.545138888889,0.116074211795487,0.0591811687726736
5520,7017,0,0,"LASP",35.5182337,-90.2869869,0,15,157.921568627451,69.7058823529412,104.666666666667,0.771142926666667,157.891986062718,114.763066202091,31.9825783972125,8498.48083623693,331.473867595819,-22.8222996515679,354.296167247387,159.418118466899,239.052264808362,263.177700348432,42.7665505226481,1255.66898954704,132.390243902439,74.9895470383275,19.6620209059233,388.533101045296,247.386759581882,252.989547038328,320.783972125436,0.109656722315596,0.0574493935354796
5520,7018,0,0,"LASP",35.3146747,-91.3577789,0,15,158.62962962963,80.0555555555556,105.365740740741,0.7889558,159,123.623693379791,33.9233449477352,8357.24041811847,336.878048780488,-23.2020905923345,360.080139372822,160.090592334495,261.303135888502,263.160278745645,46.1184668989547,1264.81881533101,133.442508710801,81.5644599303136,19.0174216027875,392.128919860627,258.216027874564,258.285714285714,305.202090592335,0.112437746198819,0.0577723143953445
5520,7020,0,0,"LASP",35.6330837,-92.7182699,0,15,144.612745098039,348.470588235294,102.730392156863,0.83017342,145.065743944637,132.290657439446,35.439446366782,8193.46366782007,325.833910034602,-42.0034602076125,367.837370242215,143.629757785467,97.4671280276817,247.273356401384,34.6124567474048,1234.25951557093,140.702422145329,65.4740484429066,19.401384083045,380.491349480969,256.550173010381,269.262975778547,258.695501730104,0.12083228285807,0.0571392139345176
5520,7021,0,0,"LASP",35.5702167,-92.1956399,0,15,147.787037037037,242.333333333333,106.143518518519,0.812319433333333,147.701388888889,131.385416666667,35.1145833333333,8298.54861111111,328.774305555556,-40.2604166666667,369.034722222222,147.045138888889,207.569444444444,250.96875,35.4201388888889,1277.55555555556,139.392361111111,72.9756944444444,18.9166666666667,393.15625,268.871527777778,269.975694444444,278.850694444444,0.111547479456904,0.0543322363631839
5520,7022,0,0,"LASP",35.4263985,-93.6640897,0,15,150.671296296296,258.111111111111,97.2962962962963,0.79167502,150.884210526316,134.333333333333,35.9649122807018,8207.29122807017,332.480701754386,-35.8385964912281,368.319298245614,149.635087719298,41.4631578947368,253.343859649123,41.4631578947368,1165.14385964912,139.543859649123,61.8736842105263,19.5087719298246,359.2,233.056140350877,268.414035087719,233.056140350877,0.124569419389451,0.0623971653999487
5520,7025,0,0,"LASP",36.4436877,-90.9236529,0,15,140.949074074074,136.222222222222,100.009259259259,0.807418726666667,141.866438356164,134.654109589041,35.1301369863014,8645.70205479452,330.068493150685,-47.3732876712329,377.441780821918,141.770547945205,202.359589041096,250.291095890411,26.1232876712329,1199.76712328767,125.828767123288,74.8527397260274,16.3493150684932,363.102739726027,256.904109589041,262.626712328767,283.366438356164,0.114717643301789,0.055129721902451
5520,7026,0,0,"LASP",36.0989147,-91.7354059,0,15,142.80701754386,193.789473684211,98.3070175438596,0.822351426666667,143.427083333333,140.482638888889,36.1388888888889,8458.83680555555,333.34375,-49.59375,382.9375,143.270833333333,146.822916666667,249.107638888889,29.46875,1181.84722222222,125.420138888889,70.6006944444444,17.2881944444444,359.270833333333,254.222222222222,258.350694444444,259.684027777778,0.121905470441162,0.0577034666935231
5520,7028,0,0,"LASP",36.1206137,-93.2802279,0,15,139.194444444444,436.722222222222,96.9074074074074,0.83946126,139.151724137931,126.848275862069,34.5655172413793,8197.28620689655,318.106896551724,-43.6379310344828,361.744827586207,156.493103448276,29.8724137931034,242.158620689655,29.8724137931034,1166.67931034483,137.410344827586,59.7827586206897,20.3965517241379,360.165517241379,221.120689655172,282.796551724138,221.120689655172,0.129890806374628,0.0597587609617597
5520,7029,0,0,"LASP",36.4053037,-94.1100149,0,15,136.776315789474,392.894736842105,94.7368421052632,0.81961324,136.647058823529,129.806228373702,34.2249134948097,8461.8339100346,319.141868512111,-54.5259515570934,373.667820069204,183.307958477509,23.083044982699,242.266435986159,23.083044982699,1135.83737024221,132.055363321799,51.4878892733564,23.9031141868512,361.480968858131,191.076124567474,296.290657439446,191.076124567474,0.127652662440067,0.0597148699078165
5520,7030,0,0,"LASP",36.329802,-94.303299,0,15,139.050925925926,370.166666666667,94.962962962963,0.804910506666667,139.232876712329,129.719178082192,34.222602739726,8444.62328767123,321.578767123288,-51.8527397260274,373.431506849315,185.688356164384,25.8356164383562,244.568493150685,25.8356164383562,1140.1198630137,134.294520547945,51.9554794520548,24.5068493150685,363.904109589041,190.020547945205,295.359589041096,190.020547945205,0.125430483361639,0.060127380570415
5520,7031,0,0,"LASP",36.394077,-93.472462,0,15,137.245614035088,402.315789473684,94.6447368421053,0.825716446666667,137.172413793103,130.5,34.7,8370.48965517241,319.489655172414,-51.1827586206897,370.672413793103,179.337931034483,25.1275862068966,242.058620689655,25.1275862068966,1132.46206896552,129.813793103448,54.4,21.4103448275862,351.78275862069,203.393103448276,289.310344827586,203.393103448276,0.129868683926488,0.0603692922614489
5520,7033,0,0,"LASP",36.313763,-91.22905,0,15,141.68137254902,151.117647058824,99.0441176470588,0.811435146666667,141.934482758621,137.451724137931,35.6862068965517,8593.82413793103,331.168965517241,-48.1551724137931,379.324137931034,142.096551724138,192.965517241379,249.924137931034,26.9793103448276,1189.57586206897,124.837931034483,75.4137931034483,16.5344827586207,359.386206896552,255.455172413793,258.306896551724,276.289655172414,0.117072205504826,0.0559674494996826
5520,7035,0,0,"LASP",35.901224,-90.000225,0,15,153.236111111111,73.9444444444444,104.759259259259,0.733689366666667,153.503448275862,115.362068965517,31.8,8623.27931034483,329.658620689655,-28.5068965517241,358.165517241379,154.658620689655,222.88275862069,260.262068965517,36.7758620689655,1258.82068965517,131.21724137931,71.2275862068965,18.2793103448276,384.944827586207,251.196551724138,264.168965517241,318.48275862069,0.100831674720691,0.0548846791688471
5520,7036,0,0,"LASP",35.396663,-90.966633,0,15,159.74537037037,70.3333333333333,104.143518518519,0.79704468,159.739583333333,121.378472222222,33.4861111111111,8391.73958333333,336.809027777778,-21.2638888888889,358.072916666667,161.072916666667,264.09375,264.09375,46.2708333333333,1247.57291666667,131.5625,79.8159722222222,19.3298611111111,386.034722222222,249.951388888889,249.951388888889,309.392361111111,0.116255257763454,0.0591595856315691
5520,7037,0,0,"LASP",35.373736,-91.658032,0,15,156.324074074074,116.944444444444,106.564814814815,0.79244686,155.955017301038,126.484429065744,34.2664359861592,8347.3321799308,335.058823529412,-28.9307958477509,363.989619377163,156.557093425606,259.899653979239,259.899653979239,43.0795847750865,1277.69204152249,135.965397923875,81.3079584775086,18.7889273356401,395.927335640138,264.588235294118,264.588235294118,296.391003460208,0.110424980287445,0.0561543389286995
5520,7038,0,0,"LASP",35.939336,-92.442323,0,15,142.359649122807,292.263157894737,99.4517543859649,0.84791508,142.322916666667,135.982638888889,35.7291666666667,8320.15972222222,326.90625,-48.6215277777778,375.527777777778,141.40625,53.7986111111111,246.055555555556,29.7465277777778,1194.71180555556,133.458333333333,63.2916666666667,19.1666666666667,366.642361111111,248.760416666667,263.399305555556,249.149305555556,0.126460257347858,0.0579424336695347
5520,7039,0,0,"LASP",35.075027,-93.68179,0,15,153.685185185185,221.666666666667,98.3703703703704,0.81452464,153.858156028369,136.514184397163,36.5248226950355,8139.27304964539,335.443262411348,-32.9822695035461,368.425531914894,160.812056737589,45.2340425531915,255.524822695035,45.2340425531915,1177.93262411348,141.336879432624,61.3581560283688,20.145390070922,365.095744680851,236.886524822695,274.858156028369,236.886524822695,0.128311524072088,0.0629089849631053
5520,7041,0,0,"LASP",34.65949,-93.689266,0,15,151.439814814815,285.055555555556,112.046296296296,0.826559906666667,151.442508710801,136.731707317073,37.0174216027875,7978.05923344948,330.463414634146,-33.6480836236934,364.11149825784,150.19512195122,76.8536585365854,251.15331010453,44.7700348432056,1353.08710801394,155.11149825784,73.8118466898955,19.2648083623693,418.853658536585,283.895470383275,305.724738675958,284.519163763066,0.107845594353193,0.0522995697158385
5520,7042,0,0,"LASP",34.559183,-92.001796,0,15,166.739583333333,76.125,105.786458333333,0.801915813333333,166.585106382979,119.705673758865,34.5957446808511,7958.6524822695,333.900709219858,-8.03900709219858,341.939716312057,167.72695035461,249.602836879433,265.510638297872,59.5354609929078,1268.5,133.13829787234,77.8085106382979,17.9397163120567,392.315602836879,257.177304964539,258.028368794326,320.563829787234,0.118760285563006,0.0611176123591414
5520,7043,0,0,"LASP",34.13829,-91.573969,0,15,169.156862745098,57.4705882352941,107.18137254902,0.832707106666667,169.255319148936,120.464539007092,35.0780141843972,7867.03546099291,335.358156028369,-3.08156028368794,338.439716312057,170.489361702128,225.102836879433,266.985815602837,63.2943262411348,1287.44680851064,135.882978723404,75.8971631205674,18.2056737588652,389.602836879433,251.893617021277,260.205673758865,343.847517730496,0.123210234561416,0.0614265320527145
5520,7045,0,0,"LASP",33.782848,-94.006856,0,15,167.426470588235,117.176470588235,108.519607843137,0.782878073333333,168.279569892473,130.849462365591,37.1039426523297,7743.80286738351,336.695340501792,-10.9856630824373,347.681003584229,167.831541218638,232.831541218638,264.566308243728,64.2365591397849,1293.89247311828,142.229390681004,77.9032258064516,17.078853046595,390.093189964158,279.383512544803,290.268817204301,287.519713261649,0.114032748558255,0.060480707342545
5520,7046,0,0,"LASP",33.026092,-93.493628,0,15,173.710784313725,81.7058823529412,105.745098039216,0.826620953333333,173.655913978495,130.494623655914,38.2724014336918,7436.00358422939,337.602150537634,1.46594982078853,336.136200716846,171.096774193548,231.455197132616,266.491039426523,74.5340501792115,1268.17921146953,122.863799283154,78.84229390681,12.1935483870968,351.63082437276,265.017921146953,287.358422939068,324.26523297491,0.12806352056688,0.0649768278849043
5520,7047,0,0,"LASP",33.454572,-92.967494,0,15,168.460784313725,73.7647058823529,109.044117647059,0.8278784,168.840425531915,133.503546099291,38.386524822695,7580.92907801418,336.173758865248,-7.39007092198582,343.563829787234,169.758865248227,227.40780141844,263.351063829787,67.3014184397163,1307.82978723404,130.872340425532,83.9255319148936,12.7269503546099,372.960992907801,279.081560283688,289.585106382979,331.663120567376,0.119723300649664,0.0600699061160131
5520,7048,0,0,"LASP",33.796907,-91.220963,0,15,169.720588235294,47.1764705882353,110.18137254902,0.81908032,169.853146853147,120.937062937063,35.2692307692308,7838.27622377622,334.86013986014,-3.13986013986014,338,151.493006993007,225.034965034965,267.052447552448,64.1293706293706,1324.63986013986,140.185314685315,72.1713286713287,19.3916083916084,391.552447552448,241.583916083916,268.122377622378,370.353146853147,0.116038615565215,0.0590449707495713
5520,7049,0,0,"LASP",35.615095,-94.344402,0,15,150.768518518519,303.5,97.7638888888889,0.788208793333333,151.160839160839,130.622377622378,35.1748251748252,8216.55944055944,331.087412587413,-34.9545454545455,366.041958041958,154.961538461538,41.3181818181818,253.671328671329,41.3181818181818,1170.23776223776,145.772727272727,57.5314685314685,22.5769230769231,366.559440559441,211.234265734266,273.681818181818,211.234265734266,0.124414578695438,0.0626915034408684
5520,7103,0,0,"LASP",33.9394687,-92.5894309,0,15,165.254385964912,82.2105263157895,111.210526315789,0.83123146,165.254480286738,132.913978494624,37.6451612903226,7725.95340501792,335.279569892473,-13.7706093189964,349.05017921147,167.129032258065,235.838709677419,261.272401433692,61.3763440860215,1333.85304659498,135.250896057348,81.7168458781362,14.5125448028674,386.921146953405,283.659498207885,285.555555555556,333.609318996416,0.114979738369624,0.0570454171112913
5520,7109,0,0,"LASP",34.7008083,-91.7077371,0,15,165.323529411765,66.3529411764706,105.455882352941,0.798619253333333,165.117021276596,118.258865248227,33.8687943262411,8074.07092198582,333.489361702128,-11.7304964539007,345.219858156028,166.776595744681,241.507092198582,265.09219858156,55.7375886524823,1266.29787234043,133.060283687943,76.5141843971631,19.1879432624113,394.918439716312,253.641843971631,255.035460992908,318.578014184397,0.117340171158778,0.0604135521052435
5520,7112,0,0,"LASP",34.35,-92.633333,0,15,164.111111111111,111.166666666667,112.435185185185,0.832400946666667,163.989361702128,132.375886524823,37.1950354609929,7778.20921985816,335.836879432624,-15.758865248227,351.595744680851,165.276595744681,247.248226950355,260.698581560284,59.468085106383,1352.17375886525,140.124113475177,82.3936170212766,16.4432624113475,405.425531914894,286.602836879433,287.801418439716,321.251773049645,0.112741143562379,0.0557644341660218
5520,7114,0,0,"LASP",34.8282537,-93.2368089,0,15,154.490196078431,218.764705882353,110.705882352941,0.823060773333333,154.486111111111,135.475694444444,36.4027777777778,8072.70138888889,334.461805555556,-32.0729166666667,366.534722222222,153.888888888889,140.298611111111,254.895833333333,45.6840277777778,1325.17708333333,147.961805555556,73.7777777777778,18.9791666666667,408.711805555556,282.246527777778,290.642361111111,285.232638888889,0.111052334766344,0.0543489834881147
5520,7117,0,0,"LASP",35.5182227,-90.2867129,0,15,157.921568627451,69.7058823529412,104.666666666667,0.771142926666667,157.891986062718,114.763066202091,31.9825783972125,8498.48083623693,331.473867595819,-22.8222996515679,354.296167247387,159.418118466899,239.052264808362,263.177700348432,42.7665505226481,1255.66898954704,132.390243902439,74.9895470383275,19.6620209059233,388.533101045296,247.386759581882,252.989547038328,320.783972125436,0.109656722315596,0.0574493935354796
5520,7118,0,0,"LASP",35.3146835,-91.3577331,0,15,158.62962962963,80.0555555555556,105.365740740741,0.7889558,159,123.623693379791,33.9233449477352,8357.24041811847,336.878048780488,-23.2020905923345,360.080139372822,160.090592334495,261.303135888502,263.160278745645,46.1184668989547,1264.81881533101,133.442508710801,81.5644599303136,19.0174216027875,392.128919860627,258.216027874564,258.285714285714,305.202090592335,0.112437746198819,0.0577723143953445
5520,14002,0,0,"LASP",41.1419727,-122.5264669,0,15,83.1833333333333,1321,87.1291666666667,0.843565558441558,84.5987261146497,152.226114649682,45.9108280254777,6163.12101910828,279.417197452229,-48.5477707006369,327.964968152866,17.968152866242,166.076433121019,166.713375796178,12.9713375796178,1056.08917197452,177.649681528662,8.54458598726115,69.6082802547771,506.356687898089,48.6910828025478,49.7770700636943,486.063694267516,0.130093375614404,0.0526612710648103
5520,14003,0,0,"LASP",41.1014068,-121.2571315,0,15,82.3464912280702,1346,46.3552631578947,0.685583760683761,82.3794212218649,168.932475884244,45.9003215434084,6642.30546623794,292.75884244373,-71.3504823151125,364.109324758842,7.98713826366559,167.774919614148,169.800643086817,1.07073954983923,569.488745980707,82.3569131832797,6.72025723472669,52.8070739549839,238.450160771704,42.4790996784566,45.9807073954984,230.003215434084,0.170755428641439,0.0823740313984227
5520,14005,0,0,"LASP",40.2431947,-124.1233439,0,15,110.53431372549,356.411764705882,145.607843137255,0.820319443675427,111.225961538462,112.740384615385,51.5432692307692,3744.97115384615,239.043269230769,20.9807692307692,218.0625,71.7019230769231,158.706730769231,161.576923076923,67.3894230769231,1743.05288461538,312.548076923077,3.49038461538462,81.3653846153846,899.697115384615,33.3557692307692,52.7307692307692,870.769230769231,0.0558034339557756,0.0256411196188195
5520,14007,0,0,"LASP",40.3520163,-122.3059647,0,15,158.195833333333,313.75,74.5291666666667,0.549068888888889,159.834415584416,146.461038961039,42.4675324675325,6863.84090909091,358.201298701299,17.2727272727273,340.928571428571,80.9448051948052,249.724025974026,249.724025974026,77.487012987013,907.142857142857,166.730519480519,4.07142857142857,76.6168831168831,448.11038961039,28.0519480519481,28.0844155844156,442.584415584416,0.120595471960873,0.0824399551996022
5520,14010,0,0,"LASP",39.2648927,-123.2246019,0,15,120.175438596491,549.526315789474,97.8728070175439,0.82785,120.290429042904,152.749174917492,52.4356435643564,4846.36633663366,291.683168316832,1.10561056105611,290.577557755776,67.9273927392739,183.633663366337,185.072607260726,64.2739273927393,1164.41914191419,225.858085808581,2.34983498349835,85.5181518151815,614.633663366337,17.3696369636964,29.1419141914191,602.679867986799,0.118407676427695,0.0528891277255248
5520,14011,0,0,"LASP",39.5232837,-122.9409709,0,15,115.180555555556,887.111111111111,91.2453703703704,0.786887280701754,114.232786885246,158.422950819672,49.2229508196721,5680.29508196721,304.55737704918,-14.3672131147541,318.924590163934,54.5311475409836,189.685245901639,190.6,50.2327868852459,1115.06557377049,210.304918032787,2.66229508196721,83.7803278688525,581.393442622951,21.1049180327869,30.9540983606557,564.773770491803,0.120836101168549,0.0561794330603446
5520,14012,0,0,"LASP",39.2754327,-121.7340849,0,15,162.070175438596,52.6315789473684,48.7149122807018,0.777608762740184,161.90099009901,147.960396039604,44.4488448844885,6396.3201320132,351.125412541254,21.8976897689769,329.227722772277,82.2739273927393,243.092409240924,243.092409240924,81.3894389438944,591.871287128713,122.052805280528,1,84.003300330033,309.633663366337,11.2442244224422,11.2442244224422,308.798679867987,0.223986139069876,0.115483171796243
5520,14014,0,0,"LASP",38.8035918,-123.5854569,0,15,118.041666666667,281.833333333333,96.6597222222222,0.730013394256423,118.87074829932,125.52380952381,56.4761904761905,3443.40136054422,244.272108843537,22.4353741496599,221.836734693878,82.2448979591837,161.489795918367,164.734693877551,78.2517006802721,1169.73469387755,228.462585034014,2.79591836734694,85.421768707483,616.687074829932,17.1292517006803,30.0068027210884,602.061224489796,0.0956609367312802,0.0481065330122917
5520,14015,0,0,"LASP",38.9787297,-122.2402499,0,15,150.023148148148,261.444444444444,51.537037037037,0.667822593646278,150.056291390728,160.745033112583,47.2980132450331,6205.74503311258,345.456953642384,9.29801324503311,336.158940397351,74.1092715231788,230.115894039735,230.115894039735,74.0728476821192,616.933774834437,130.407284768212,1.08940397350993,87.4635761589404,335.026490066225,9.53311258278146,9.53311258278146,335.026490066225,0.183773022500729,0.104664735547378
5520,14016,0,0,"LASP",38.0878897,-121.7519384,0,15,154.320175438596,50.3157894736842,36.4429824561403,0.589611574074074,154.020134228188,138.426174496644,47.8892617449664,5321.60067114094,315.651006711409,28.7013422818792,286.94966442953,85.013422818792,217.536912751678,218.996644295302,84.3825503355705,434.738255033557,94.248322147651,1,86.7651006711409,235.043624161074,5.91610738255034,8.54362416107383,235.043624161074,0.194534850761658,0.121405170209665
5520,14019,0,0,"LASP",37.6849387,-122.4709619,0,15,138,114,56.5357142857143,0.504611615618635,139.595238095238,98.9404761904762,52.8869047619048,3114.875,236.309523809524,50.7440476190476,185.565476190476,100.464285714286,173.35119047619,178.011904761905,99.1011904761905,667.136904761905,139.880952380952,1.30952380952381,87.9285714285714,355.720238095238,8.54761904761905,14.5119047619048,354.577380952381,0.127049337965611,0.0861221401956037
5520,14020,0,0,"LASP",37.9248767,-121.1660539,0,15,160.222222222222,36.8333333333333,30.3240740740741,0.619083333333333,160.158249158249,147.49494949495,46.3164983164983,5990.47474747475,341.767676767677,26.6531986531987,315.114478114478,85.2626262626263,234.313131313131,234.333333333333,82.8989898989899,368.474747474747,71.4377104377104,1.03703703703704,81.4444444444444,185.983164983165,6.06060606060606,6.25925925925926,185.936026936027,0.221935330696127,0.135717728474028
5520,14024,0,0,"LASP",36.5471497,-119.8358759,0,15,169.828703703704,81.1666666666667,18.9583333333333,0.639963513513514,169.59385665529,155.877133105802,44.839590443686,6776.61774744027,365.204778156997,21.5972696245734,343.607508532423,101.392491467577,255.119453924915,255.119453924915,82.9658703071672,235.075085324232,44.8156996587031,0.0341296928327645,81.9078498293515,125.880546075085,2.72696245733788,2.72696245733788,118.866894197952,0.271166691543139,0.166117209484012
5520,14025,0,0,"LASP",36.7623647,-121.1750259,0,15,145.416666666667,408.888888888889,32.4953703703704,0.472168571428571,145.337931034483,162.179310344828,52.1103448275862,5179.18965517241,322.889655172414,12.5448275862069,310.344827586207,88.2827586206896,210.931034482759,212.986206896552,82.6241379310345,394.006896551724,74.1724137931034,1.32758620689655,83.9758620689655,205.051724137931,5.71724137931034,11.6862068965517,202.444827586207,0.174796996245088,0.123144724689991
5520,14026,0,0,"LASP",36.3127167,-120.3048859,0,15,161.143518518519,285.277777777778,22.5277777777778,0.544989954337899,159.085910652921,169.766323024055,47.8041237113402,6480.96907216495,360.525773195876,9.20274914089347,351.323024054983,93.6735395189003,242.529209621993,242.701030927835,79.2783505154639,293.048109965636,55.6288659793814,0.697594501718213,82.0790378006873,155.357388316151,3.94845360824742,5.63230240549828,151.137457044674,0.22352997206222,0.148521516652432
5520,14032,0,0,"LASP",35.8086777,-120.5305939,0,15,146.25,447.722222222222,32.4166666666667,0.410575111111111,146.269896193772,181.273356401384,52.9480968858132,5513.95847750865,340.010380622837,-0.505190311418685,340.515570934256,90.4186851211073,217.833910034602,218.525951557093,80.0588235294118,396.114186851211,79.3217993079585,0.892733564013841,88.6712802768166,218.799307958477,3.3356401384083,7.4878892733564,214.871972318339,0.161404554110962,0.12271713517643
5520,14033,0,0,"LASP",35.1800607,-119.1639019,0,15,166.979166666667,416.65,22.9291666666667,0.494164734299517,169.916083916084,145.814685314685,43.4825174825175,6595.52097902098,352.311188811189,20.8041958041958,331.506993006993,102.636363636364,254.283216783217,254.933566433566,88.027972027972,257.807692307692,47.7832167832168,0.195804195804196,80.8531468531469,138.391608391608,3.76573426573427,5.72027972027972,126.13986013986,0.231659494391532,0.166973059254312
5520,14039,0,0,"LASP",34.3571317,-119.3142549,0,15,144.877450980392,491.058823529412,40.3382352941176,0.537040124183006,140.712871287129,124.792079207921,51.8465346534653,4188.4603960396,273.574257425743,31.9653465346535,241.608910891089,95.4752475247525,192.69801980198,198.856435643564,93.4356435643564,516.133663366337,108.712871287129,0.346534653465347,95.3415841584158,295.668316831683,3.78217821782178,10.6039603960396,289.514851485149,0.1678132627753,0.109123760638814
5520,14040,0,0,"LASP",34.8404587,-118.5635609,0,15,142.583333333333,1036.41176470588,28.0833333333333,0.478695774647887,143.05574912892,134.114982578397,42.1637630662021,6459.22648083624,319.435540069686,5.38327526132404,314.052264808362,75.8919860627178,225.466898954704,229.867595818815,67.7735191637631,334.919860627178,62.9721254355401,1.32404181184669,82.4773519163763,177.320557491289,8.03484320557491,13.1045296167247,169.278745644599,0.205315322595532,0.143695466809444
5520,14042,0,0,"LASP",34.8339497,-119.3320309,0,15,131.220833333333,1053.95,43.25,0.535235784313726,131.028070175439,127.389473684211,43.9649122807018,5680.95087719298,295.259649122807,8.80701754385965,286.452631578947,71.4140350877193,204.424561403509,208.473684210526,66.4982456140351,519.252631578947,98.7929824561404,0.76140350877193,86.6631578947368,279.382456140351,6.09122807017544,14.5894736842105,270.571929824561,0.174978549457148,0.112496795871462
5520,14045,0,0,"LASP",33.7909207,-118.2918089,0,15,176.722222222222,77.4166666666667,29.0833333333333,0.327635879745924,177.213793103448,114.468965517241,53.8896551724138,3356.13103448276,285.462068965517,74.7793103448276,210.68275862069,140.88275862069,215.751724137931,223.4,137.537931034483,349.489655172414,76.8413793103448,0.0137931034482759,95.2827586206896,209.468965517241,4.04137931034483,10.0137931034483,198.096551724138,0.164310400706876,0.1460558053676
5520,14046,0,0,"LASP",33.9285177,-117.1214679,0,15,153.706140350877,870.157894736842,37.6271929824561,0.460469014084507,155.389285714286,157.9,49.9821428571429,5526.77142857143,331.071428571429,17.8928571428571,313.178571428571,96.875,221.575,230.789285714286,91.1214285714286,443.417857142857,83.3535714285714,2.59285714285714,79.3357142857143,232.328571428571,17.7821428571429,28.6214285714286,223.435714285714,0.185416669953786,0.13652112822319
5520,14047,0,0,"LASP",33.3988807,-116.8011859,0,15,151.308823529412,902.352941176471,38.6421568627451,0.539839906103286,150.222222222222,151.222222222222,49.1792114695341,5561.27598566308,322.032258064516,16.8279569892473,305.204301075269,92.0358422939068,207.903225806452,226.164874551971,85.9534050179211,466.21146953405,82.9283154121864,2.61290322580645,75.921146953405,239.637992831541,22.573476702509,38.1362007168459,225.982078853047,0.198642869700103,0.132107422465847
5520,14049,0,0,"LASP",33.4048617,-114.7292329,0,15,221.627192982456,233.105263157895,7.60087719298246,0.199985410803189,221.687943262411,157.801418439716,42.4290780141844,7752.54609929078,413.847517730496,45.9539007092199,367.893617021277,316.443262411348,253.549645390071,322.173758865248,125.464539007092,92.0957446808511,16.9716312056738,0.556737588652482,55.9432624113475,35.8049645390071,4.56382978723404,25.2695035460993,30.2978723404255,0.225279036585712,0.244616427254482
5520,14052,0,0,"LASP",36.8242987,-121.2813029,0,15,144.99537037037,371.944444444444,34.9027777777778,0.503077027027027,144.996563573883,156.625429553265,52.5704467353952,4941.39175257732,314.202749140893,16.2749140893471,297.927835051546,88.9209621993127,206.896907216495,209.33676975945,84.8006872852234,412.26116838488,78.8350515463918,1.43298969072165,84.6116838487973,214.969072164948,6,11.8247422680412,213.006872852234,0.177906155005212,0.120802759453383
5520,14053,0,0,"LASP",36.2251687,-120.5194684,0,15,148.152777777778,490.5,30.9537037037037,0.467862557077626,148.487889273356,178.36678200692,50.2768166089965,6114.71280276817,351.186851211073,-0.193771626297578,351.38062283737,86.3529411764706,228.173010380623,228.557093425606,75.1764705882353,374.318339100346,71.2629757785467,0.958477508650519,83.8961937716263,198.543252595156,4.42906574394464,8.42560553633218,194.671280276817,0.182437708450925,0.130077433198152
5520,14057,0,0,"LASP",35.2565319,-120.8880009,0,15,138.560606060606,229.727272727273,39.25,0.493746865173444,138.732824427481,142.931297709924,61.381679389313,3123.68702290076,264.511450381679,31.2290076335878,233.282442748092,104.961832061069,175.137404580153,179.847328244275,101.160305343511,492.450381679389,100.267175572519,0.656488549618321,90.4351145038168,274.167938931298,3.19083969465649,12.0916030534351,270.687022900763,0.152934283138368,0.1038095822278
5520,14073,0,0,"LASP",41.6796987,-120.7128219,0,15,73.7375,1526.3,33.1958333333333,0.524817843843844,73.6784565916399,165.35691318328,44.5305466237942,6821.5498392283,286.488745980707,-81.1800643086817,367.668810289389,-2.45016077170418,161.938906752412,163.540192926045,-9.40514469453376,398.192926045016,51.379421221865,8.61093247588424,40.1575562700965,148.073954983923,40.8681672025723,49.8971061093248,137.765273311897,0.159556843788638,0.091163208062397
5520,14075,0,0,"LASP",40.5280727,-124.1636509,0,15,109.303921568627,345.705882352941,135.828431372549,0.821728159548785,109.340707964602,105.37610619469,52.2610619469027,3410.76548672566,224.495575221239,23.5884955752212,200.907079646018,73.8716814159292,151.911504424779,155.132743362832,69.5486725663717,1607.01327433628,285.20796460177,3.84070796460177,79.3008849557522,818.212389380531,35.4513274336283,52.1592920353982,790.606194690266,0.0646908245236019,0.0291778427897775
5520,14076,0,0,"LASP",40.7999549,-120.3646258,0,15,66.7791666666667,1728.65,30.825,0.41660253164557,67.5227272727273,167.50974025974,43.8084415584416,7015.32142857143,286.548701298701,-91.5746753246753,378.123376623377,-10.5194805194805,157.931818181818,160.571428571429,-17.9383116883117,370.788961038961,47.8149350649351,9.58766233766234,39.1493506493507,137.672077922078,40.8896103896104,48.25,131.191558441558,0.140624228153328,0.0905194391695539
5520,14077,0,0,"LASP",40.8737513,-122.2919583,0,15,123.561403508772,763.842105263158,106.767543859649,0.80644316872428,122.996753246753,154.970779220779,44.8214285714286,6578.68506493507,324.376623376623,-17.6331168831169,342.00974025974,49.6883116883117,209.779220779221,209.814935064935,44.8344155844156,1289.38636363636,225.162337662338,6.68831168831169,75.1720779220779,631.837662337662,42.2824675324675,42.3409090909091,615.753246753247,0.105319418274521,0.0491349152506245
5520,14081,0,0,"LASP",39.1612277,-123.5822599,0,15,118.005555555556,309.133333333333,98.0166666666667,0.801269657258065,118.786666666667,133.831111111111,55.8,3753.52444444444,256.262222222222,16.6444444444444,239.617777777778,77.9644444444444,166.146666666667,168.586666666667,74.1644444444444,1180.20888888889,226.453333333333,2.72444444444444,84.56,618.253333333333,18.0933333333333,31.4488888888889,607.022222222222,0.106126110646703,0.0487183674581575
5520,14090,0,0,"LASP",33.6171807,-114.6230009,0,15,222.112745098039,215.235294117647,8.28921568627451,0.233696203029865,222.138790035587,157.5871886121,41.9501779359431,7852.94306049822,415.67615658363,44.373665480427,371.302491103203,310.053380782918,255.384341637011,323.818505338078,124.437722419929,98.2597864768683,17.3985765124555,0.690391459074733,54.3594306049822,37.0427046263345,5.19572953736655,26.1992882562278,32.8825622775801,0.234081486460565,0.245087790168798
5520,14091,0,0,"LASP",32.9696237,-117.0157469,0,15,165.186274509804,350.647058823529,31.3970588235294,0.434186750073164,164.108,131.276,51.852,4249.292,299.668,48.38,251.288,118.684,214.14,222.988,114.596,390.564,74.54,2.048,83.952,211.536,11.476,18.224,195.1,0.18026447560442,0.138167153607511
5520,14097,0,0,"LASP",40.5164906,-122.3819302,0,15,151.640350877193,411.578947368421,89.1929824561404,0.618376576576577,150.837133550489,148.99674267101,43.071661237785,6813.42671009772,351.228013029316,9.10097719869707,342.127035830619,73.3778501628665,240.361563517915,240.377850162866,69.4983713355049,1080.05537459283,196.439739413681,5.06840390879479,76.9413680781759,535.156351791531,32.9120521172638,33.2312703583062,525.973941368078,0.107772002970429,0.0670393912513156
5520,14103,0,0,"LASP",34.5675322,-118.55729,0,15,148.824561403509,827.315789473684,33.7456140350877,0.480932863849765,149.741258741259,135.559440559441,44.8146853146853,5892.63636363636,316.937062937063,16.534965034965,300.402097902098,87.9475524475525,225.216783216783,229.818181818182,81.1223776223776,390.688811188811,76.9055944055944,0.881118881118881,87.3951048951049,216.111888111888,6.86713286713287,13.6328671328671,205.657342657343,0.194418512480543,0.137638515183084
5520,14104,0,0,"LASP",34.2581397,-118.1049598,0,15,155.3375,718.1,37.6833333333333,0.49882270531401,154.272084805654,139.229681978799,48.6183745583039,5240.33568904594,311.897526501767,25.0671378091873,286.83038869258,99.0388692579505,219.78445229682,226.035335689046,93.339222614841,473.43109540636,95.1060070671378,1.01413427561837,89.6713780918728,268.657243816254,8.50530035335689,18.3816254416961,252.996466431095,0.184173166605545,0.129290451669522
5520,14105,0,0,"LASP",33.6408199,-117.579092,0,15,167.21568627451,306.705882352941,30.3088235294118,0.464741996298255,167.2375,135.958333333333,52.8041666666667,4265.8875,304.725,48.5375,256.1875,121.683333333333,218.754166666667,226.35,117.679166666667,370.983333333333,72.2916666666667,2.0875,84.1375,203.666666666667,9.89166666666667,17.5791666666667,193.229166666667,0.193419112266723,0.143764057471779
5520,14111,0,0,"LASP",34.3863889,-117.69055,0,15,144.759803921569,1026.05882352941,40.2058823529412,0.449890740740741,144.722807017544,153.431578947368,46.2491228070175,6279.6350877193,328.775438596491,-0.684210526315789,329.459649122807,79.2245614035088,219.582456140351,229.333333333333,71.0947368421053,456.449122807018,88.0701754385965,1.64561403508772,83.1473684210526,248.252631578947,11.3017543859649,21.6491228070175,237.571929824561,0.175707468894131,0.128360248494978
5520,14112,0,0,"LASP",34.5208799,-117.9406162,0,15,144.401960784314,1052.17647058824,32.0196078431373,0.420635211267606,144.377622377622,151.426573426573,44.3566433566434,6632.58391608392,331.968531468531,-6.10489510489511,338.073426573427,75.4125874125874,220.447552447552,233.374125874126,66.2167832167832,377.503496503496,73.0244755244755,1.35314685314685,83.0384615384615,204.937062937063,9.62587412587413,17.7832167832168,195.769230769231,0.183096550682846,0.137748445981856
5520,14114,0,0,"LASP",34.7375727,-120.2354279,0,15,141.473684210526,343.421052631579,39.4649122807018,0.542423476748214,140.624521072797,126.873563218391,57.6360153256705,3287.38697318008,257.83908045977,36.9348659003831,220.904214559387,104.969348659004,179.164750957854,185.015325670498,102.448275862069,486.570881226054,97.0421455938697,0.0459770114942529,91.6781609195402,275.842911877395,2.61685823754789,11.455938697318,261.065134099617,0.169956600326123,0.109403921605224
5520,14118,0,0,"LASP",34.7383427,-119.0450209,0,15,133.425438596491,1054.36842105263,39.8114035087719,0.551762910798122,131.968309859155,124.855633802817,43.362676056338,5739.42253521127,295.031690140845,10.2323943661972,284.799295774648,71.443661971831,206.242957746479,210.630281690141,67.0352112676056,482.105633802817,92.0985915492958,0.961267605633803,86.330985915493,258.095070422535,6.73591549295775,14.7957746478873,249.943661971831,0.186851542523381,0.117917355803196
5520,14119,0,0,"LASP",33.6484217,-117.4101409,0,15,167.375,395.125,30.8645833333333,0.46130128587667,167.522388059701,140.764925373134,52.0634328358209,4549.31343283582,313.257462686567,44.3768656716418,268.880597014925,119.097014925373,223.440298507463,230.507462686567,114.652985074627,367.253731343284,71.0223880597015,2.24253731343284,82.7761194029851,199.917910447761,10.5932835820896,18.7723880597015,189.466417910448,0.196295886332888,0.14670552919755
5520,14120,0,0,"LASP",33.2380367,-117.3928679,0,15,166.205128205128,219.384615384615,28.2371794871795,0.440039495774893,166.892857142857,125.02380952381,52.2857142857143,3992.94642857143,290.821428571429,53.1964285714286,237.625,123.869047619048,215.279761904762,222.053571428571,119.863095238095,343.321428571429,66.5535714285714,1.86309523809524,84.5952380952381,188,8.47023809523809,15.2380952380952,176.422619047619,0.189028891713936,0.144107181983215
5520,14123,0,0,"LASP",35.6378262,-120.8547697,0,15,138.888888888889,316.777777777778,29.5231481481481,0.482266171839665,140.113360323887,166.271255060729,58.1295546558704,4174.43319838057,298.48987854251,11.7327935222672,286.757085020243,96.3481781376518,192.121457489879,194.740890688259,89.7368421052632,381.226720647773,77.753036437247,0.753036437246964,89.6234817813765,211.655870445344,2.77732793522267,8.60728744939271,209.526315789474,0.172455215245224,0.118450235326457
5520,14125,0,0,"LASP",35.0586291,-119.3492988,0,15,151.941176470588,650.764705882353,32.3970588235294,0.471592488262911,152.505226480836,140.428571428571,44.0801393728223,6182.40766550523,328.777003484321,13.7665505226481,315.010452961672,88.8257839721254,232.031358885017,233.909407665505,78.1219512195122,376.264808362369,70.7247386759582,0.348432055749129,83.8954703832753,203.637630662021,4.53310104529617,9.69686411149826,191.498257839721,0.191618959785492,0.137532588118953
5520,14126,0,0,"LASP",33.5004607,-116.7989429,0,15,150.439814814815,950.611111111111,37.9444444444444,0.534753990610329,148.971631205674,153.393617021277,48.9468085106383,5690.59219858156,324.36524822695,13.5815602836879,310.783687943262,89.2943262411348,207.989361702128,226.464539007092,83.2446808510638,464.035460992908,82.0070921985816,2.60283687943262,74.7730496453901,236.63829787234,23.645390070922,40.0248226950355,224.237588652482,0.198059152092551,0.132206808738176
5520,14127,0,0,"LASP",36.6992615,-119.5118359,0,15,165.714912280702,234.052631578947,31.4473684210526,0.563763513513514,165.979381443299,150.683848797251,43.9037800687285,6797.21305841924,359.831615120275,20.8006872852234,339.030927835052,96.7491408934708,252.745704467354,252.838487972509,80.7182130584192,391.570446735395,74.9587628865979,0.288659793814433,82.7938144329897,206.621993127148,4.25085910652921,5.72852233676976,198.19587628866,0.213458222639054,0.14129428465416
5520,14129,0,0,"LASP",34.1748887,-117.6766129,0,15,154.027777777778,777.611111111111,41.4675925925926,0.512175980392157,153.390681003584,150.05376344086,49.6523297491039,5365.57347670251,320.394265232975,19.1541218637993,301.240143369176,96.8172043010753,220.960573476703,226.706093189964,90.9426523297491,501.942652329749,98.0071684587814,1.97491039426523,85.3225806451613,277.197132616487,11.910394265233,23.1756272401434,263.537634408602,0.183392242358362,0.126778510076498
5520,14133,0,0,"LASP",34.6685951,-118.3953543,0,15,151.053921568627,887.235294117647,26.4558823529412,0.43457922705314,150.247386759582,141.407665505226,43.411149825784,6441.3275261324,328.80487804878,6.54355400696864,322.261324041812,83.4808362369338,228.98606271777,236.836236933798,74.4494773519164,325.216027874564,63.212543554007,1.13937282229965,84.4703832752613,177.749128919861,7.50174216027875,12.9407665505226,168.878048780488,0.196914569049039,0.14686577749219
5520,14134,0,0,"LASP",34.8187907,-119.5569949,0,15,129.441176470588,1025.47058823529,48.5637254901961,0.541204166666667,130.262237762238,129.765734265734,46.0804195804196,5318.44755244755,290.328671328671,11.2132867132867,279.115384615385,74.1993006993007,198.828671328671,203.213286713287,70.3986013986014,578.234265734266,111.667832167832,0.517482517482518,89.0769230769231,317.63986013986,5.22027972027972,14.8041958041958,306.902097902098,0.164706175755906,0.105190123569604
5520,14136,0,0,"LASP",34.6739607,-119.6685329,0,15,132.679166666667,853.95,49.2916666666667,0.573270652680653,132.115671641791,126.944029850746,48.6828358208955,4726.17910447761,279.048507462687,19.4328358208955,259.615671641791,81.7574626865672,192.190298507463,197.455223880597,79.294776119403,598.261194029851,118.80223880597,0.369402985074627,92.0634328358209,336.029850746269,4.33582089552239,13.6753731343284,324.608208955224,0.165640474339621,0.102069503726047
5520,14140,0,0,"LASP",35.0931687,-119.7298739,0,15,144.855263157895,676.263157894737,38.8991228070175,0.427074178403756,145.227272727273,146.926573426573,47.1783216783217,5702.79370629371,319.951048951049,10.9160839160839,309.034965034965,86.1923076923077,218.909090909091,221.083916083916,77.7517482517483,468.125874125874,88.965034965035,0.199300699300699,86.8216783216783,257.884615384615,4.08041958041958,11.5034965034965,243.91958041958,0.158708632970319,0.118899122726705
5520,14142,0,0,"LASP",34.8339402,-119.3299456,0,15,131.220833333333,1053.95,43.25,0.535235784313726,131.136363636364,127.353146853147,43.9335664335664,5686.34265734266,295.405594405594,8.84615384615385,286.559440559441,71.465034965035,204.597902097902,208.636363636364,66.520979020979,517.667832167832,98.4685314685315,0.762237762237762,86.6083916083916,278.447552447552,6.09090909090909,14.5559440559441,269.671328671329,0.175353863951371,0.112758451620591
5520,14145,0,0,"LASP",35.4417537,-119.2871779,0,15,176.328703703704,162.666666666667,16.0092592592593,0.508830666666667,176.489583333333,153.670138888889,43.8298611111111,6860.68402777778,366.211805555556,19.4826388888889,346.729166666667,107.461805555556,263.482638888889,263.486111111111,89.1631944444444,187.597222222222,34.7604166666667,0,79.1666666666667,100.756944444444,3.05555555555556,3.08333333333333,89.9513888888889,0.249791399328498,0.1786853092098
5520,14147,0,0,"LASP",35.2233697,-118.8782429,0,15,163.700980392157,568.647058823529,22.8529411764706,0.538962666666667,165.748251748252,144.482517482517,43.1398601398601,6660.44405594406,348.800699300699,17.958041958042,330.842657342657,97.4370629370629,251.842657342657,252.283216783217,84.3706293706294,266.828671328671,48.4055944055944,0.63986013986014,79.3916083916084,139.328671328671,5.60489510489511,7.35314685314685,127.685314685315,0.24485834063408,0.167021785389782
5520,14148,0,0,"LASP",39.5508277,-122.0649918,0,15,159.805555555556,83.1666666666667,44.9907407407407,0.73285338029417,160.335526315789,151.539473684211,45.5032894736842,6385.8552631579,348.151315789474,18.8256578947368,329.325657894737,80.5296052631579,241.098684210526,241.098684210526,80.5131578947368,548.723684210526,113.815789473684,1.34210526315789,82.8388157894737,289.375,13.9901315789474,13.9901315789474,289.371710526316,0.21929858863939,0.118452154255414
5520,14149,0,0,"LASP",37.2442817,-120.6701509,0,15,164.416666666667,53.1111111111111,23.5046296296296,0.626823188405797,164.47619047619,152.78231292517,45.4591836734694,6389.77210884354,355.183673469388,22.9115646258503,332.272108843537,84.8503401360544,244.792517006803,244.792517006803,82.7482993197279,280.56462585034,54.3333333333333,0.180272108843537,82.1768707482993,144.071428571429,2.85034013605442,2.89455782312925,144.047619047619,0.249067833337291,0.152621550056443
5520,14151,0,0,"LASP",41.2351468,-120.3368295,0,15,67.8708333333333,1712.9,32.7166666666667,0.529925641025641,68.1129032258064,163.703225806452,43.6806451612903,6921.66129032258,282.609677419355,-87.7645161290323,370.374193548387,-7.65806451612903,158.2,160.058064516129,-15.1548387096774,391.403225806452,48.6516129032258,9.81935483870968,36.8,139.516129032258,43.3935483870968,52.3451612903226,128.648387096774,0.162579646142706,0.0913777713288905
5520,14152,0,0,"LASP",38.4960307,-121.4588469,0,15,159.439814814815,25.8888888888889,39.3842592592593,0.589927865497076,159.493288590604,142.785234899329,45.6375838926174,5917.13422818792,339.379194630872,29.8020134228188,309.577181208054,84.2013422818792,232.244966442953,232.634228187919,83.3389261744966,474.48322147651,102.55033557047,1.00335570469799,86.5402684563758,253.218120805369,6.86577181208054,8.75167785234899,253.114093959732,0.191229236370739,0.120910481905789
5520,14159,0,0,"LASP",39.4978958,-121.6093062,0,15,154.240740740741,245.166666666667,70.2916666666667,0.765156027027027,153.294117647059,145.37908496732,44.2058823529412,6352.28431372549,340.937908496732,15.5686274509804,325.369281045752,76.1013071895425,234.826797385621,234.830065359477,74.9901960784314,858.732026143791,174.16339869281,1.27124183006536,83.2320261437908,446.673202614379,15.7091503267974,15.7549019607843,445.650326797386,0.167211831179085,0.0860431950983574
5520,14162,0,0,"LASP",40.4932903,-120.1080006,0,15,85.4953703703704,1472.88888888889,25.6805555555556,0.289132996996997,86.7928802588997,169.983818770227,43.5533980582524,7292.80582524272,310.857605177994,-74.9902912621359,385.847896440129,3.31715210355987,179.867313915858,183.692556634304,-2.89967637540453,305.31067961165,43.7152103559871,8.45307443365696,43.7734627831715,121.747572815534,32.9708737864078,38.1423948220065,118.996763754045,0.131453655612851,0.10263576597965
5520,14163,0,0,"LASP",40.6724857,-122.3224869,0,15,139.833333333333,567.45,101.070833333333,0.718930508088403,140.771986970684,151.514657980456,43.8013029315961,6725.72638436482,341.745928338762,-0.478827361563518,342.224755700326,65.0260586319218,229.345276872964,229.351791530945,60.6775244299674,1226.78827361564,218.420195439739,5.84364820846906,76.2508143322476,604.557003257329,37.8338762214984,38.0228013029316,591.332247557003,0.104457062314052,0.0564874152969241
5520,14165,0,0,"LASP",41.7332787,-120.3753129,0,15,72.2833333333333,1600.25,33.4708333333333,0.525728063680118,72.2300319488818,159.904153354633,43.2779552715655,6942.1661341853,283.900958466454,-81.2268370607029,365.127795527157,-4.75718849840256,162.460063897764,164.031948881789,-11.8274760383387,402.485623003195,51.6517571884984,9.62939297124601,39.6421725239617,150.02875399361,42.3929712460064,51.5846645367412,139.143769968051,0.159929615518133,0.0910904787251157
5520,14166,0,0,"LASP",41.9998861,-121.8916067,0,15,73.6203703703704,1366.27777777778,34.4907407407407,0.693537179487179,73.8562300319489,155.198083067093,43.6773162939297,6721.97124600639,278.108626198083,-73.3961661341853,351.504792332268,-2.79552715654952,160.693290734824,162.178913738019,-8.08945686900958,419.929712460064,67.6453674121406,7.78913738019169,50.5047923322684,183.833865814696,39.1405750798722,46.7955271565495,166.303514376997,0.193429162381974,0.0904600644074501
5520,14168,0,0,"LASP",41.8224004,-122.0111142,0,15,74,1371.8,38.6583333333333,0.690091025641026,73.150159744409,155.511182108626,44.2460063897764,6597.03194888179,275.198083067093,-72.3578274760383,347.555910543131,-1.33546325878594,158.843450479233,160.140575079872,-6.4185303514377,473.699680511182,74.6581469648562,8.46645367412141,52.0063897763578,206.980830670927,41.8178913738019,47.8785942492013,189.361022364217,0.181928655439687,0.0852729609423389
5520,14169,0,0,"LASP",41.2323207,-122.1355519,0,15,83.2291666666667,1307.35,85.2625,0.860645333333333,81.7266881028939,154.996784565916,45.6012861736334,6296.56591639871,278.864951768489,-57.0900321543408,335.95498392283,13.0546623794212,164.765273311897,165.270096463022,7.52411575562701,1008.79421221865,165.070739549839,8.45659163987138,66.475884244373,472.890675241158,48.8553054662379,49.8456591639871,455.385852090032,0.138017212073585,0.0542245308015259
5520,14171,0,0,"LASP",36.6541134,-120.2610649,0,15,164.549019607843,139.058823529412,19.4852941176471,0.625280281690141,165.707903780069,162.109965635739,46.4570446735395,6573.21305841924,362.316151202749,17.1340206185567,345.182130584192,99.1099656357388,248.886597938144,248.886597938144,82.3161512027491,222.323024054983,40.9828178694158,0.206185567010309,80.2542955326461,115.463917525773,3.02405498281787,3.09278350515464,112.247422680412,0.267073879511686,0.16481933584339
5520,14172,0,0,"LASP",37.8183531,-122.1464708,0,15,145.25,106.052631578947,45.9429824561403,0.462509181094103,145.900763358779,113.751908396947,50.969465648855,3909.30534351145,265.480916030534,43.1488549618321,222.332061068702,95.3473282442748,190.064885496183,194.080152671756,94.8320610687023,541.641221374046,114.908396946565,1.04580152671756,87.2290076335878,289.492366412214,6.83587786259542,11.4580152671756,289.278625954198,0.140698925596055,0.100989839714278
5520,14173,0,0,"LASP",35.9222607,-121.0644229,0,15,135.680555555556,406.222222222222,30.2222222222222,0.508035585299235,136.59706959707,168.758241758242,58.981684981685,4151.53113553114,294.25641025641,8.53846153846154,285.717948717949,92.6227106227106,188.296703296703,190.974358974359,86.8827838827839,358.285714285714,70.2673992673993,0.728937728937729,87.7765567765568,193.117216117216,3.20512820512821,8.7948717948718,191.318681318681,0.182736484542015,0.120829529548676
5520,14176,0,0,"LASP",41.8190067,-121.0692617,0,15,74.6008771929825,1461.15789473684,32.7236842105263,0.497580341880342,75.1086261980831,163.520766773163,44.779552715655,6745.62619808307,285.121405750799,-76.591054313099,361.712460063898,-0.725239616613419,162.210862619808,163.859424920128,-7.11182108626198,388.680511182109,51.258785942492,8.58785942492013,40.0990415335463,144.990415335463,40.4632587859425,50.073482428115,135.479233226837,0.154238005481343,0.091242841237433
5520,14177,0,0,"LASP",41.5295757,-120.1718519,0,15,71.825,1668.9,31.9333333333333,0.499455,71.7942122186495,159.183279742765,42.8585209003215,7021.62379421222,284.430868167203,-82.3633440514469,366.79421221865,-5.52090032154341,163.257234726688,165.135048231511,-12.6559485530547,387.131832797428,48.6688102893891,9.97106109324759,37.6237942122186,140.909967845659,42.7781350482315,51.8842443729904,129.729903536978,0.157911450319149,0.0927809288413342
5520,14178,0,0,"LASP",40.1732694,-123.6037721,0,15,108.412037037037,677.611111111111,127.986111111111,0.862194666666667,107.352941176471,143.434640522876,50.0490196078431,4999.35947712418,279.40522875817,-4.54575163398693,283.950980392157,53.4771241830065,172.915032679739,174.535947712418,49.5490196078431,1529.29411764706,273.415032679739,3.69281045751634,81.7156862745098,792.009803921569,31.8267973856209,50.5424836601307,763.532679738562,0.0794875453526954,0.0337205261797582
5520,14179,0,0,"LASP",40.0279597,-122.6387259,0,15,126.804166666667,763.2,77.6583333333333,0.632478787878788,130.12091503268,150.238562091503,45.2124183006536,6357.91830065359,324.47385620915,-4.74183006535948,329.21568627451,60.0686274509804,213.705882352941,214.300653594771,56.1437908496732,912.522875816994,165.43137254902,3.60457516339869,79.1928104575163,458.258169934641,25.8692810457516,30.8006535947712,446.656862745098,0.126423426924429,0.0731752783351117
5520,14182,0,0,"LASP",39.6878368,-123.484892,0,15,113.877192982456,562.894736842105,112.478070175439,0.838289375375375,113.583038869258,151.102473498233,52.3674911660777,4809.12367491166,285.003533568905,-1.99293286219081,286.996466431095,61.1872791519435,176.39222614841,177.710247349823,57.4381625441696,1350.71378091873,250.053003533569,2.98586572438163,83.8445229681979,706.975265017668,23.7279151943463,39.0212014134276,687.911660777385,0.0947808532102465,0.0415352605434085
5520,14183,0,0,"LASP",39.1844218,-122.7090796,0,15,129.305555555556,650.722222222222,74.7453703703704,0.699811261261261,129.352159468439,161.179401993355,48.2790697674419,5949.58803986711,324.196013289037,-6.32890365448505,330.524916943522,62.8571428571429,208.106312292359,208.431893687708,60.4784053156146,892.730897009967,179.544850498339,1.74086378737542,86.4750830564784,475.677740863787,14.3222591362126,18.4617940199336,470.056478405316,0.139506902948377,0.0739357132677516
5520,14187,0,0,"LASP",38.7939347,-121.8400349,0,15,159.9625,79.05,43.4666666666667,0.686556891922681,160.029801324503,152.523178807947,46.0132450331126,6188.49006622517,350.774834437086,22.9602649006623,327.814569536424,82.3443708609272,238.069536423841,238.086092715232,81.7317880794702,519.195364238411,110.443708609272,0.996688741721854,87.1059602649007,278.622516556291,7.62913907284768,7.77483443708609,278.215231788079,0.211476633780454,0.120165888083806
5520,14194,0,0,"LASP",37.2115267,-122.1565019,0,15,137.073529411765,198.705882352941,57.8725490196078,0.665063584968168,139,120.948598130841,55.0841121495327,3570.01401869159,256.705607476636,37.9906542056075,218.714953271028,96.0093457943925,181.42523364486,185.135514018692,94.981308411215,664.682242990654,137.439252336449,1.75233644859813,87.5560747663551,353.88785046729,8.42056074766355,12.9252336448598,353.789719626168,0.163446141371772,0.0909727777934799
5520,14195,0,0,"LASP",36.257393,-121.4234494,0,15,130.69298245614,488.578947368421,44.4254385964912,0.590688895569087,130.915384615385,156.103846153846,59.3538461538462,3815.33076923077,276.526923076923,14.6153846153846,261.911538461538,90.1576923076923,177.838461538462,181.642307692308,86.4384615384615,525.111538461538,100.007692307692,1.29615384615385,87.4384615384615,278.742307692308,5.70384615384615,11.9307692307692,274.95,0.171110951964855,0.102101131470041
5520,14196,0,0,"LASP",36.8794687,-120.7850119,0,15,157.740740740741,238.888888888889,22.7777777777778,0.533484931506849,157.496598639456,162.149659863946,47.5476190476191,6171.79591836735,350.918367346939,13.8571428571429,337.061224489796,88.7278911564626,235.931972789116,236.265306122449,80.4353741496599,278.506802721088,51.3673469387755,0.585034013605442,81.0918367346939,142.574829931973,3.62585034013605,6.28231292517007,141.602040816327,0.219945600860846,0.147315723091254
5520,14197,0,0,"LASP",36.0799797,-119.3040849,0,15,172.385964912281,140.631578947368,21.3377192982456,0.60382037037037,172.900343642612,157.264604810997,44.786941580756,6814.46735395189,367.051546391753,19.6735395189003,347.378006872852,104.570446735395,259.209621993127,259.209621993127,85.6426116838488,240.910652920962,44.7800687285223,0.00687285223367698,80.319587628866,126.776632302406,2.60481099656357,2.60481099656357,119.756013745704,0.263693402722432,0.169244402227932
5520,14199,0,0,"LASP",41.2528113,-121.8238479,0,15,82.3916666666667,1303.35,69.0375,0.835597046413502,80.187898089172,159.544585987261,45.6178343949045,6423.98089171975,281.213375796178,-64.1242038216561,345.337579617834,9.35350318471338,164.315286624204,165.114649681529,3.4171974522293,849.745222929936,134.251592356688,7.78025477707006,61.843949044586,386.828025477707,46.8566878980892,48.5828025477707,371.984076433121,0.155964432876873,0.0627449944457274
5520,14202,0,0,"LASP",38.3795127,-122.5143889,0,15,141.157407407407,176.111111111111,74.087962962963,0.641683845978583,141.832764505119,142.965870307167,53.2116040955631,4541.77133105802,294.40614334471,26.6757679180887,267.730375426621,85.3993174061433,197.027303754266,199.023890784983,85.0580204778157,880.290102389078,193.092150170648,1.40955631399317,90.9692832764505,488.539249146758,9.70648464163822,14.8668941979522,488.39590443686,0.127017338508476,0.0739406410227513
5520,14203,0,0,"LASP",37.6650327,-121.7328649,0,15,149.833333333333,274.944444444444,37.1435185185185,0.51349537037037,150.02027027027,135.709459459459,48.4898648648649,5095.5,308.358108108108,29.7297297297297,278.628378378378,88.9054054054054,212.381756756757,214.891891891892,86.097972972973,442.60472972973,88.0945945945946,1.16891891891892,83.8716216216216,227.908783783784,6.5472972972973,10.0777027027027,227.824324324324,0.176512399404176,0.11973679515061
5520,14204,0,0,"LASP",37.1416897,-120.4009629,0,15,164.490740740741,73.3333333333333,24.1342592592593,0.601816216216216,164.494880546075,156.399317406143,45.5494880546075,6529.49146757679,359.450511945392,20.382252559727,339.068259385666,86.259385665529,247.098976109215,247.098976109215,81.5563139931741,294.737201365188,55.2184300341297,0.0273037542662116,81.5563139931741,149.941979522184,2.93174061433447,2.93174061433447,149.706484641638,0.238637946925736,0.150275355048495
5520,14210,0,0,"LASP",39.1634647,-123.2270969,0,15,122.722222222222,508.777777777778,95.2916666666667,0.817461333333333,122.514754098361,150.560655737705,52.7213114754098,4726.87540983607,289.983606557377,4.7672131147541,285.216393442623,71.0983606557377,184.045901639344,185.6,67.6,1144.91147540984,224.659016393443,2.25573770491803,85.9967213114754,606.167213114754,16.2622950819672,27.4360655737705,595.767213114754,0.119556325270987,0.0543144998881883
5520,14220,0,0,"LASP",33.3068648,-117.342142,0,15,166.60119047619,280.714285714286,29.0833333333333,0.469130695615301,165.757425742574,129.925742574257,51.9306930693069,4230.37128712871,297.485148514851,48.5742574257426,248.910891089109,120.465346534653,217.787128712871,224.222772277228,116.173267326733,363.331683168317,69.8861386138614,2.0049504950495,84.0544554455445,198,9.5990099009901,17.1089108910891,186.386138613861,0.193891276606025,0.142826670101527
5520,14225,0,0,"LASP",36.7497605,-121.1582986,0,15,145.416666666667,408.888888888889,32.4953703703704,0.469967149758454,145.470989761092,163.167235494881,52.0716723549488,5215.45392491468,324.327645051195,11.962457337884,312.365187713311,88.4027303754266,211.62457337884,213.600682593857,82.3515358361775,389.703071672355,73.1399317406143,1.30034129692833,83.8668941979522,202.778156996587,5.62798634812287,11.5563139931741,200.023890784983,0.175128043103467,0.123707220893583
5520,14226,0,0,"LASP",33.5014318,-116.7979649,0,15,150.439814814815,950.611111111111,37.9444444444444,0.534753990610329,148.971631205674,153.393617021277,48.9468085106383,5690.59219858156,324.36524822695,13.5815602836879,310.783687943262,89.2943262411348,207.989361702128,226.464539007092,83.2446808510638,464.035460992908,82.0070921985816,2.60283687943262,74.7730496453901,236.63829787234,23.645390070922,40.0248226950355,224.237588652482,0.198059152092551,0.132206808738176
5520,14245,0,0,"LASP",35.4779437,-119.2962109,0,15,176.294117647059,162.058823529412,15.9313725490196,0.510495945945946,176.122377622378,154.503496503497,43.9265734265734,6875.14335664336,366.625874125874,18.7552447552448,347.870629370629,107.041958041958,263.244755244755,263.244755244755,88.506993006993,185.751748251748,34.3951048951049,0,79.0314685314685,99.6783216783217,3.05244755244755,3.05244755244755,89.1503496503497,0.250329938686339,0.178599260047033
5520,14252,0,0,"LASP",36.8242987,-121.2813,0,15,144.99537037037,371.944444444444,34.9027777777778,0.503077027027027,144.996563573883,156.625429553265,52.5704467353952,4941.39175257732,314.202749140893,16.2749140893471,297.927835051546,88.9209621993127,206.896907216495,209.33676975945,84.8006872852234,412.26116838488,78.8350515463918,1.43298969072165,84.6116838487973,214.969072164948,6,11.8247422680412,213.006872852234,0.177906155005212,0.120802759453383
5520,14302,0,0,"LASP",38.3796305,-122.5109615,0,15,141.157407407407,176.111111111111,74.087962962963,0.641683845978583,141.93537414966,143.115646258503,53.1632653061224,4553.57482993197,294.829931972789,26.5952380952381,268.234693877551,85.3401360544218,197.299319727891,199.278911564626,85.0170068027211,878.625850340136,192.744897959184,1.4047619047619,90.9659863945578,487.646258503401,9.68707482993197,14.8265306122449,487.503401360544,0.127312834935386,0.0741229727797146
5520,14303,0,0,"LASP",37.6649984,-121.7329536,0,15,149.833333333333,274.944444444444,37.1435185185185,0.51349537037037,150.02027027027,135.709459459459,48.4898648648649,5095.5,308.358108108108,29.7297297297297,278.628378378378,88.9054054054054,212.381756756757,214.891891891892,86.097972972973,442.60472972973,88.0945945945946,1.16891891891892,83.8716216216216,227.908783783784,6.5472972972973,10.0777027027027,227.824324324324,0.176512399404176,0.11973679515061
5520,14319,0,0,"LASP",37.1650627,-122.2276839,0,15,135.977777777778,186.933333333333,58.8055555555556,0.68800092506938,137.125714285714,119.508571428571,55.8057142857143,3436.19428571429,251.548571428571,38.3428571428571,213.205714285714,96.28,177.897142857143,181.742857142857,95.08,700.165714285714,144.817142857143,1.85142857142857,87.6514285714286,373.205714285714,8.93142857142857,13.48,373.085714285714,0.161053083681682,0.086904080548641
5520,14320,0,0,"LASP",37.9333136,-121.1662987,0,15,159.80701754386,54.7894736842105,31.5877192982456,0.614736574074074,160.08,147.436666666667,46.33,5985.51,341.553333333333,26.6466666666667,314.906666666667,85.2133333333333,234.15,234.17,82.8733333333333,369.556666666667,71.7166666666667,1.04,81.48,186.62,6.07666666666667,6.3,186.573333333333,0.220958302570155,0.135796661209181
5520,14345,0,0,"LASP",33.7909207,-118.2918,0,15,176.722222222222,77.4166666666667,29.0833333333333,0.327635879745924,177.213793103448,114.468965517241,53.8896551724138,3356.13103448276,285.462068965517,74.7793103448276,210.68275862069,140.88275862069,215.751724137931,223.4,137.537931034483,349.489655172414,76.8413793103448,0.0137931034482759,95.2827586206896,209.468965517241,4.04137931034483,10.0137931034483,198.096551724138,0.164310400706876,0.1460558053676
5520,14352,0,0,"LASP",38.1231944,-121.525076,0,15,156.550925925926,14.3333333333333,33.5277777777778,0.611774458874459,156.598662207358,143.033444816054,47.0133779264214,5663.81605351171,328.387959866221,27.1070234113712,301.280936454849,83.7157190635452,225.060200668896,225.632107023411,82.6086956521739,397.85618729097,84.0234113712375,1,85.2240802675585,211.270903010033,5.97658862876254,7.89297658862876,211.264214046823,0.209328968140042,0.127968396593413
5520,14403,0,0,"LASP",41.0054247,-122.6175379,0,15,92.6064814814815,1207.77777777778,93.1712962962963,0.851266038406828,91.4692556634304,152.174757281553,45.9967637540453,6176.72815533981,286.741100323625,-40.673139158576,327.414239482201,24.9126213592233,173.181229773463,173.754045307443,19.9255663430421,1125.70873786408,192.080906148867,8.06796116504854,71.7702265372168,546.466019417476,47.3818770226537,48.6504854368932,524.94498381877,0.123972948716749,0.0505776331143696
5520,14404,0,0,"LASP",41.1491686,-122.3173197,0,15,86.1625,1273.5,89.9,0.859870062977958,89.2250803858521,154.305466237942,45.6977491961415,6278.25080385852,286.286173633441,-47.572347266881,333.858520900322,20.8135048231511,172.218649517685,172.59807073955,15.5466237942122,1106.41479099678,185.610932475884,8.29260450160772,69.8360128617363,529.08038585209,48.1350482315113,48.6463022508039,510.469453376206,0.128256386509464,0.0515046445369139
5520,14405,0,0,"LASP",41.6091794,-121.050248,0,15,77.4298245614035,1434.52631578947,33.3289473684211,0.542908974358974,77.1050955414013,164.815286624204,44.8662420382166,6763.02866242038,287.65923566879,-76.3025477707006,363.96178343949,1.45541401273885,164.391719745223,166.270700636943,-5.3375796178344,404.694267515924,53.0828025477707,7.92675159235669,41.703821656051,152.363057324841,40,47.9108280254777,143.009554140127,0.162913630454477,0.0917065590489867
5520,14406,0,0,"LASP",41.6708967,-121.2574609,0,15,77.2280701754386,1432.21052631579,34.109649122807,0.570444725738397,76.6847133757962,160.789808917197,44.5031847133758,6734.69108280255,284.022292993631,-73.640127388535,357.662420382166,1.38216560509554,163.767515923567,165.573248407643,-5.04458598726115,407.850318471338,54.6337579617834,8.15286624203822,42.2738853503185,155.493630573248,40.140127388535,48.0859872611465,146.076433121019,0.168555749387688,0.0917343891969172
5520,14407,0,0,"LASP",41.8699632,-120.5011538,0,15,70.7666666666667,1598.85,34.3416666666667,0.54880302742616,70.4745222929936,159.40127388535,43.5127388535032,6865.16560509554,280.872611464968,-81.2866242038217,362.15923566879,-5.63057324840764,159.786624203822,161.057324840764,-12.6687898089172,413.872611464968,53.671974522293,9.88853503184713,40.0764331210191,155.18152866242,43.2579617834395,53.1433121019108,144.547770700637,0.161985363761894,0.0894039783362632
5520,14408,0,0,"LASP",41.0534621,-120.4745547,0,15,64.5745614035088,1749.21052631579,33.3552631578947,0.5204,64.5112540192926,165.662379421222,44.0932475884244,6858.46945337621,279.469453376206,-92,371.469453376206,-10.491961414791,153.472668810289,155.418006430868,-18.3247588424437,406.340836012862,50.7073954983923,9.7556270096463,37.7942122186495,146.646302250804,44.1639871382637,52.4694533762058,136.807073954984,0.156042695047639,0.0880601250874506
5520,14410,0,0,"LASP",40.7168927,-122.6362459,0,15,127.004385964912,724.052631578947,97.030701754386,0.771121345883371,122.352750809061,155.488673139159,45.294498381877,6512.0355987055,324.491909385113,-15.1003236245955,339.592233009709,50.0453074433657,208.15857605178,208.304207119741,45.5275080906149,1157.84466019417,207.10355987055,6.24919093851133,76.5663430420712,576.042071197411,38.5339805825243,39.7508090614887,561.614886731392,0.114056579586036,0.0551405690651562
5520,14411,0,0,"LASP",40.1803227,-122.8597869,0,15,116.033333333333,911.75,89.1541666666667,0.732706666666667,112.192810457516,152.875816993464,46.7058823529412,6110.13071895425,306.761437908497,-17.7941176470588,324.555555555556,47.1830065359477,193.013071895425,193.869281045752,42.4019607843137,1096.6862745098,194.156862745098,4.34313725490196,79.016339869281,551.454248366013,31.2156862745098,39.375816993464,534.457516339869,0.112782227765888,0.0558514277346899
5520,14427,0,0,"LASP",34.7072417,-119.6177289,0,15,129.990196078431,946.058823529412,50.6274509803922,0.565345647216633,130.702508960573,127.100358422939,47.7885304659498,4897.10752688172,281.290322580645,16.7706093189964,264.519713261649,78.6487455197133,193.268817204301,198.372759856631,76.0358422939068,598.136200716846,118.064516129032,0.422939068100358,91.3727598566308,333.827956989247,4.67383512544803,14.2258064516129,322.982078853047,0.165205380220153,0.102580011276718
5520,14430,0,0,"LASP",41.534114,-121.58434,0,15,75.3148148148148,1453.88888888889,42.2268518518519,0.70378375,75.2829581993569,157.546623794212,44.5016077170418,6621.09003215434,278.135048231511,-71.9292604501608,350.064308681672,1.78135048231511,161.282958199357,162.887459807074,-4.33762057877814,507.453376205788,72.6527331189711,8.19614147909968,48.9710610932476,208.572347266881,42.4147909967846,48.1543408360129,197.443729903537,0.183615356482905,0.0853323043605173
5520,14431,0,0,"LASP",40.4903837,-123.0732879,0,15,103.552631578947,1007.15789473684,94.5921052631579,0.817161471861472,102.863636363636,158.597402597403,48.1688311688312,5980.22727272727,300.444805194805,-25.8701298701299,326.314935064935,38.3441558441558,181.821428571429,182.519480519481,33.8831168831169,1146.93506493506,202.314935064935,5.06168831168831,78.2564935064935,580.340909090909,35.6363636363636,44.2694805194805,560.876623376623,0.117721691782221,0.0514240344751767
5520,14432,0,0,"LASP",39.1628167,-122.6130599,0,15,132.527777777778,598.722222222222,68.8518518518518,0.689196444444444,133.172757475083,161.169435215947,47.9202657807309,6046.68438538206,328.617940199336,-4.26910299003322,332.887043189369,64.3156146179402,212.890365448505,213.116279069767,62.4750830564784,821.372093023256,166.906976744186,1.578073089701,86.671096345515,439.345514950166,13.4451827242525,16.0398671096346,435.176079734219,0.149615665802874,0.0807604660582862
5520,14437,0,0,"LASP",39.382586,-122.551903,0,15,131.564814814815,631.555555555556,67.125,0.696360256410256,134.610561056106,157.643564356436,47.2541254125413,6139.31683168317,327.191419141914,-2.89438943894389,330.085808580858,64.6105610561056,214.884488448845,215.240924092409,62.4719471947195,769.188118811881,152.60396039604,1.83828382838284,84.6798679867987,406.115511551155,15.8250825082508,18.9372937293729,400.402640264026,0.161709844857578,0.0867308831756407
5520,14503,0,0,"LASP",37.665124,-121.73284,0,15,149.833333333333,274.944444444444,37.1435185185185,0.51349537037037,150.02027027027,135.709459459459,48.4898648648649,5095.5,308.358108108108,29.7297297297297,278.628378378378,88.9054054054054,212.381756756757,214.891891891892,86.097972972973,442.60472972973,88.0945945945946,1.16891891891892,83.8716216216216,227.908783783784,6.5472972972973,10.0777027027027,227.824324324324,0.176512399404176,0.11973679515061
5520,17001,0,0,"LASP",40.7402199,-108.0883263,0,15,51.4342105263158,1988.57894736842,27.5394736842105,0.333277192982456,51.4754098360656,178.577049180328,39.2918032786885,9168.75081967213,291.491803278689,-157.632786885246,449.124590163934,66.5147540983607,-67.7475409836066,169.606557377049,-68.5049180327869,327.396721311475,34.1868852459016,18.7180327868852,17.6196721311475,94.6295081967213,62.6918032786885,82.944262295082,62.6918032786885,0.125370707185864,0.0864043254254366
5520,17002,0,0,"LASP",40.8403233,-107.6901017,0,15,46.7708333333333,2108.45,30.9,0.473233777777778,47.4,170.51935483871,38.6161290322581,9078.72903225806,282.958064516129,-152.829032258065,435.787096774194,57.6612903225806,-61.7,164.5,-70.458064516129,364.441935483871,37.1193548387097,22.7806451612903,14.7612903225806,103.509677419355,75.7129032258065,90.8129032258065,76.0129032258065,0.148590402057322,0.0856273568638031
5520,17003,0,0,"LASP",40.1531859,-106.874918,0,15,22.4122807017544,2633.21052631579,41.6184210526316,0.766961986986987,22.1940789473684,162.5625,39.9967105263158,8342.67434210526,237.924342105263,-163.276315789474,401.200657894737,65.5789473684211,1.625,129.328947368421,-83.6217105263158,501.638157894737,49.7302631578947,33.8125,10.5394736842105,139.009868421053,115.003289473684,131.282894736842,120.621710526316,0.190192219809663,0.0736303660596684
5520,17005,0,0,"LASP",40.5963537,-104.2027819,0,15,89.3214285714286,1486.7619047619,29.5992063492063,0.490403111111111,89.413680781759,172.612377850163,39.1758957654723,9036.9348534202,318.579804560261,-117.260586319218,435.840390879479,181.983713355049,-24.5895765472313,208.179153094463,-24.5895765472313,354.442996742671,63.071661237785,5.49511400651466,67.3485342019544,177.755700325733,20.5439739413681,155.537459283388,20.5439739413681,0.170483605735858,0.105050892689955
5520,17006,0,0,"LASP",40.2096396,-103.440258,0,15,95.0694444444444,1364.05555555556,31.662037037037,0.46865974025974,95.301948051948,164.136363636364,37.5,9240.86363636364,320.665584415584,-111.873376623377,432.538961038961,189.753246753247,-21.3246753246753,216.678571428571,-21.3246753246753,378.373376623377,71.788961038961,6.62987012987013,70.9448051948052,197.691558441558,21.5714285714286,171.405844155844,21.5714285714286,0.162514368291689,0.104084919466489
5520,17007,0,0,"LASP",40.6569477,-102.9337159,0,15,94.0219298245614,1260.68421052632,35.4473684210526,0.515315555555556,94.1768488745981,161.009646302251,37.0578778135048,9291.90675241158,318.508038585209,-110.04501607717,428.553054662379,188.945337620579,-23.3086816720257,216.270096463022,-23.3086816720257,425.27652733119,80.871382636656,8.28295819935691,71.508038585209,225.475884244373,26.572347266881,190.697749196141,26.572347266881,0.161849921773849,0.0978186479966571
5520,17008,0,0,"LASP",39.4003427,-108.8123629,0,15,76.925,1984.75,29.6833333333333,0.454759555555555,78.7873754152824,155.02657807309,36.1827242524917,9105.60465116279,303.308970099668,-119.388704318937,422.697674418605,130.116279069767,-34.6544850498339,196.514950166113,-38.843853820598,349.039867109635,36.0797342192691,21.1129568106312,15.6312292358804,100.641196013289,73.7275747508306,85.2923588039867,73.7408637873754,0.168183216571304,0.106299313135059
5520,17010,0,0,"LASP",39.2438073,-106.7610657,0,15,0.358333333333333,3105.25,46.4125,0.700961643835616,-1.47333333333333,154.843333333333,39.2766666666667,8057.7,200.44,-188.263333333333,388.703333333333,77.7666666666667,17.7566666666667,102.39,-101.45,565.86,58.1533333333333,34.8666666666667,14.76,159.756666666667,122.883333333333,149.063333333333,144.686666666667,0.156307677102025,0.0621191173793934
5520,17011,0,0,"LASP",39.2209796,-105.2791994,0,15,36.2777777777778,2566.27777777778,39.162037037037,0.605615789473684,36.1395348837209,167.940199335548,42.1063122923588,7801.42524916944,242.229235880399,-152.212624584718,394.441860465116,135.435215946844,-59.6810631229236,138.578073089701,-61.0365448504983,463.68438538206,71.7774086378737,14.5813953488372,48.1229235880399,189.491694352159,53.3554817275747,188.312292358804,53.4053156146179,0.166248762562786,0.0804048269191078
5520,17014,0,0,"LASP",39.8307687,-102.6325909,0,15,99.675,1282.8,34.9083333333333,0.552411842105263,100.062091503268,163.90522875817,38.0555555555556,9100.40522875817,321.313725490196,-102.480392156863,423.794117647059,193.21568627451,-14.4019607843137,219.460784313725,-14.4019607843137,419.869281045752,77.0947712418301,8.33006535947712,68.0032679738562,213.454248366013,26.1895424836601,186.313725490196,26.1895424836601,0.177351832424906,0.104011016476499
5520,17015,0,0,"LASP",38.694789,-108.1390507,0,15,79.0438596491228,2036.68421052632,30.4122807017544,0.577741777777778,78.1818181818182,161.343434343434,38.5757575757576,8555.05050505051,295.962962962963,-117.255892255892,413.218855218855,146.96632996633,7.87542087542088,188.878787878788,-31.8686868686869,370.498316498317,40.7171717171717,19.5151515151515,21.0909090909091,115.771043771044,73.5993265993266,94.1144781144781,77.8013468013468,0.196991749274582,0.107875393839044
5520,17016,0,0,"LASP",38.3057846,-107.9633117,0,15,56.7824074074074,2365.66666666667,38.6111111111111,0.693125438596491,54.3853820598007,170.694352159468,41.093023255814,8130.34219269103,267.943521594684,-142.601328903654,410.544850498339,147.205980066445,39.0498338870432,159.212624584718,-49.4983388704319,477.990033222591,53.2956810631229,24.6611295681063,20.687707641196,151.774086378738,95.6810631229236,129.023255813953,104.707641196013,0.195950457418448,0.0892637673214719
5520,17018,0,0,"LASP",38.025678,-105.8127155,0,15,43.5,2588.63157894737,28.1885964912281,0.563688444444444,43.9830508474576,169.461016949153,40.9661016949153,8227.18644067797,249.915254237288,-158.915254237288,408.830508474576,141.450847457627,-61.6881355932203,148.44406779661,-63.4677966101695,338.752542372881,56.0745762711864,13.9186440677966,49.135593220339,141.762711864407,48.264406779661,134.471186440678,48.2949152542373,0.185459222490131,0.0959435431783456
5520,17019,0,0,"LASP",38.8398807,-104.0920409,0,15,85.1960784313725,1790.11764705882,30.2107843137255,0.393026851851852,85.8859060402685,169.859060402685,40.1476510067114,8598.18456375839,302.48322147651,-114.627516778523,417.110738255034,192.630872483221,-22.241610738255,199.087248322148,-22.241610738255,360.879194630872,68.2382550335571,6.85570469798658,70.0973154362416,177.429530201342,23.3422818791946,177.097315436242,23.3422818791946,0.1521587058158,0.105047927426462
5520,17020,0,0,"LASP",38.6410567,-103.2279359,0,15,99.6712962962963,1411.83333333333,28.5046296296296,0.360825333333333,99.7905405405405,177.891891891892,39.5067567567568,9313.64864864865,327.14527027027,-117.790540540541,444.935810810811,196.097972972973,-18.7297297297297,221.597972972973,-18.7297297297297,343.489864864865,65.4527027027027,6.95608108108108,68.0641891891892,168.314189189189,22.9256756756757,159.415540540541,22.9256756756757,0.148430854455489,0.109267039785855
5520,17021,0,0,"LASP",38.1437717,-102.5212329,0,15,112.026315789474,1171.78947368421,30.4210526315789,0.418725675675676,112.293515358362,177.453924914676,39.3071672354949,9368.69965870307,336.918088737201,-108.890784982935,445.808873720137,209.60409556314,-7.66552901023891,233.798634812287,-7.66552901023891,365.232081911263,62.2116040955631,7.21843003412969,66.1467576791809,178.546075085324,23.2764505119454,167.638225255973,23.2764505119454,0.161287582172947,0.113558862503452
5520,17022,0,0,"LASP",37.5181967,-108.5355759,0,15,70.6388888888889,2256.27777777778,39.0138888888889,0.609824774774775,68.4324324324324,158.746621621622,39.3243243243243,8182.63175675676,280.486486486487,-118.658783783784,399.14527027027,149.875,104.172297297297,175.243243243243,-35.1689189189189,479.023648648649,53.8006756756757,18.0506756756757,24.2837837837838,150.334459459459,79.929054054054,120.378378378378,115.256756756757,0.182930325086584,0.0947954921849627
5520,17023,0,0,"LASP",37.2149507,-107.7918089,0,15,64.0490196078431,2276.29411764706,41.75,0.565377927927928,60.2263513513514,171.949324324324,41.3648648648649,8083.02702702703,273.594594594595,-137.625,411.219594594595,139.037162162162,96.2533783783784,164.486486486486,-43.6047297297297,520.97972972973,63.2533783783784,20.8310810810811,26.0168918918919,167.263513513514,84.1621621621622,138.560810810811,127.918918918919,0.158455739846898,0.0849422717799962
5520,17024,0,0,"LASP",37.2877307,-106.8369449,0,15,21.1458333333333,2910.45,58.6208333333333,0.712809009009009,23.7050847457627,168.667796610169,42.4542372881356,7656.7186440678,223.715254237288,-168.128813559322,391.84406779661,109.213559322034,56.4203389830508,122.183050847458,-73.0949152542373,695.227118644068,82.5016949152542,31.3796610169492,24.6610169491525,213.430508474576,114.389830508475,182.335593220339,174.383050847458,0.152340705694937,0.0634972068449899
5520,17025,0,0,"LASP",37.2873497,-105.5524979,0,15,43.537037037037,2564.61111111111,28.412037037037,0.487979111111111,42.8047138047138,176.447811447811,41.3939393939394,8381.93939393939,252.646464646465,-168.720538720539,421.367003367003,141.265993265993,-65.9225589225589,148.814814814815,-67.7912457912458,352.198653198653,58.1649831649832,14.8855218855219,48.7205387205387,147.59595959596,50.4511784511784,140.848484848485,50.4848484848485,0.162560525389635,0.0916630899001916
5520,17026,0,0,"LASP",37.6204777,-104.3145749,0,15,107.041666666667,1691,29.6296296296296,0.331130735930736,106.834459459459,174.496621621622,42.1385135135135,8297.38851351351,318.591216216216,-90.6148648648649,409.206081081081,215.77027027027,2.34797297297297,215.77027027027,2.34797297297297,358.040540540541,57.8513513513514,10.8547297297297,50.6824324324324,149.510135135135,38.7668918918919,149.510135135135,38.7668918918919,0.152138541546035,0.11834582296766
5520,17027,0,0,"LASP",37.9979687,-103.1977919,0,15,115.138888888889,1272.11111111111,27.0277777777778,0.353883111111111,115.176666666667,179.093333333333,39.9133333333333,9291.38,339.636666666667,-104.213333333333,443.85,211.61,-3.49333333333333,236.113333333333,-3.49333333333333,325.426666666667,59.3066666666667,7.31333333333333,62.8166666666667,152.95,23.4766666666667,144.26,23.4766666666667,0.157853920878657,0.120767004777761
5520,17028,0,0,"LASP",37.6879837,-102.2921829,0,15,117.037037037037,1182.72222222222,32.3564814814815,0.410390666666667,116.835570469799,173.476510067114,39.4463087248322,9166.58724832215,336.194630872483,-98.7651006711409,434.959731543624,211.818791946309,-0.674496644295302,235.909395973154,-0.674496644295302,387.697986577181,64.3422818791946,7.90604026845638,64.489932885906,186.409395973154,25.0469798657718,174.312080536913,25.0469798657718,0.159516228126836,0.11474953824395
5520,17032,0,0,"LASP",40.1380256,-107.9697719,0,15,48.7719298245614,2134.84210526316,35.1710526315789,0.616198268398268,48.2605863192182,177.586319218241,40.2736156351792,8707.77198697068,278.934853420195,-156.452768729642,435.387622149837,38.3387622149837,-38.2019543973941,160.677524429967,-64.0749185667752,427.156351791531,42.0553745928339,27.5048859934853,13.1172638436482,120.452768729642,91.8729641693811,104.908794788274,92.3029315960912,0.172889606861372,0.0843169406414945
5520,17033,0,0,"LASP",40.8796847,-106.4591899,0,15,20.2368421052632,2665,47.2368421052632,0.711598333333333,20.084142394822,152.954692556634,40.0194174757282,7958.32038834951,231.113268608414,-146.245954692557,377.359223300971,53.0582524271845,-61.0097087378641,124.148867313916,-78.0679611650485,565.747572815534,55.3300970873786,37.2006472491909,11.3559870550162,159.754045307443,123.242718446602,151.113268608414,124.300970873786,0.16385814205501,0.0673139944871464
5520,17034,0,0,"LASP",40.8716166,-105.9079302,0,15,21.7314814814815,2674.27777777778,44.7268518518518,0.643138461538461,23.9134615384615,151.073717948718,40.099358974359,7788.77564102564,231.644230769231,-140.50641025641,372.150641025641,88.2467948717949,-61.0032051282051,126.605769230769,-71.1858974358974,527.480769230769,58.0096153846154,30.2083333333333,22.7788461538462,166.826923076923,98.7179487179487,158.099358974359,99.400641025641,0.157557396157975,0.0709051371072163
5520,17035,0,0,"LASP",40.3052417,-104.6963429,0,15,94.8666666666667,1481.6,29.8583333333333,0.581039826839827,95.3668831168831,164.178571428571,38.4318181818182,8816.24025974026,315.042207792208,-106.246753246753,421.288961038961,174.415584415584,-16.0941558441558,211.175324675325,-16.0941558441558,359.474025974026,63.3831168831169,8.5,56.3116883116883,161.051948051948,28.7305194805195,133.022727272727,28.7305194805195,0.198221667558511,0.111480094514906
5520,17036,0,0,"LASP",40.8478437,-103.3439259,0,15,89.7333333333333,1332.9,33.8958333333333,0.49691038961039,89.5,165.035483870968,37.8387096774194,9194.72258064516,315.838709677419,-114.512903225806,430.351612903226,183.722580645161,-25.8322580645161,210.98064516129,-25.8322580645161,406.793548387097,75.5,6.98709677419355,71.3516129032258,214.567741935484,24.3064516129032,183.829032258065,24.3064516129032,0.158898253499356,0.097155443838607
5520,17038,0,0,"LASP",39.1643935,-108.7012441,0,15,90.5601851851852,1810.44444444444,26.9074074074074,0.413710526315789,90.0529801324503,154.327814569536,35.9801324503311,9137.94039735099,313.927152317881,-109.046357615894,422.973509933775,155.069536423841,-10.1754966887417,208.03642384106,-28.3245033112583,325.546357615894,34.158940397351,18.5728476821192,17.3344370860927,95.9867549668874,66.8907284768212,79.4271523178808,68.2185430463576,0.166648401114106,0.113055375934488
5520,17039,0,0,"LASP",39.6640362,-107.1232134,0,15,23.6388888888889,2663.27777777778,40.0185185185185,0.738846929824562,24.8039215686275,164.924836601307,40.0196078431373,8287.14705882353,240.02614379085,-166.781045751634,406.807189542484,89.6143790849673,3.77777777777778,131.535947712418,-79.8986928104575,478.232026143791,47.7745098039216,31.0261437908497,11.6960784313725,133.705882352941,109.565359477124,123.496732026144,115.140522875817,0.190467417296033,0.0767717435791479
5520,17040,0,0,"LASP",39.5442667,-106.2206124,0,15,-3.51388888888889,3224.05555555556,48.5092592592593,0.681304273504274,-3.40594059405941,145.689768976898,38.8151815181518,7838.55445544554,193.339933993399,-176.50495049505,369.844884488449,53.3927392739274,-5.29372937293729,99,-99.0957095709571,583.214521452145,61.009900990099,36.3828382838284,15.7920792079208,167.927392739274,125.211221122112,159.234323432343,140.93399339934,0.15076009369045,0.0612141217891232
5520,17041,0,0,"LASP",39.0800627,-105.4160009,0,15,26.4083333333333,2701.4,36.9,0.534680888888889,24.4304635761589,166.735099337748,41.3278145695364,7971.00331125828,230.480132450331,-168.539735099338,399.019867549669,128.013245033113,-75.2019867549669,128.013245033113,-76.2152317880795,447.158940397351,72.5132450331126,14.3774834437086,50.523178807947,188.529801324503,52.3344370860927,188.529801324503,52.3609271523179,0.147239718197441,0.0755183524785604
5520,17042,0,0,"LASP",39.8407587,-104.1886679,0,15,94.125,1558.6,31.0541666666667,0.400896396396396,94.2084690553746,166.977198697068,38.8078175895765,8857.33876221498,316.28990228013,-108.537459283388,424.827361563518,184.504885993485,-17.042345276873,210.706840390879,-17.042345276873,372.651465798046,66.2833876221498,8.35504885993485,61.771986970684,176.899022801303,27.1205211726384,155.895765472313,27.1205211726384,0.152295946814014,0.105847721966316
5520,17043,0,0,"LASP",39.6105587,-103.1230999,0,15,94.3026315789474,1454,33.2105263157895,0.442805194805195,94.1217105263158,165.529605263158,38.5197368421053,9019.44736842105,316.141447368421,-107.733552631579,423.875,185.907894736842,-19.0296052631579,212.819078947368,-19.0296052631579,397.572368421053,71.4901315789474,7.91776315789474,68.4605263157895,201.016447368421,24.4572368421053,181.5625,24.4572368421053,0.154887689528331,0.102299228911718
5520,17045,0,0,"LASP",38.7397289,-108.623622,0,15,79.3026315789474,2079.05263157895,32.1052631578947,0.543177333333333,77.8637873754153,150.820598006645,36.797342192691,8621.53156146179,293.02657807309,-111.674418604651,404.700996677741,155.591362126246,55.5049833887043,190.239202657807,-31.9169435215947,393.544850498339,41.6943521594684,19.8803986710963,19.4651162790698,118.900332225914,79.3056478405316,98.4518272425249,85.2358803986711,0.184408158871099,0.105131391276494
5520,17046,0,0,"LASP",38.5920517,-106.9174979,0,15,7.62280701754386,2902.26315789474,41.4824561403509,0.640094366197183,8.83666666666667,176.753333333333,40.0433333333333,8782.89333333333,224.64,-210.903333333333,435.543333333333,105.346666666667,44.8233333333333,118.643333333333,-106.963333333333,488.703333333333,55.85,27.91,20.5433333333333,151.31,96.6,136.053333333333,123.93,0.157567100319861,0.0687922118893499
5520,17048,0,0,"LASP",38.982811,-105.5746738,0,15,20.0648148148148,2798.44444444444,34.5462962962963,0.490035111111111,20.6336633663366,167.059405940594,40.6930693069307,8171.07590759076,228.26402640264,-177.716171617162,405.980198019802,125.013201320132,-83.5874587458746,125.993399339934,-83.5874587458746,414.70297029703,69.2376237623762,14.1782178217822,51,177.805280528053,50.3267326732673,177.50495049505,50.3267326732673,0.142309251266074,0.0764136180820178
5520,17049,0,0,"LASP",38.6945177,-104.0715939,0,15,92.0185185185185,1685,28.337962962963,0.366577631578947,92.1040268456376,173.258389261745,40.1912751677852,8743.02013422819,311.322147651007,-113.436241610738,424.758389261745,201.684563758389,-18.3624161073826,206.892617449664,-18.3624161073826,339.684563758389,65.6073825503356,6.53020134228188,70.2751677852349,167.597315436242,22.0838926174497,167.335570469799,22.0838926174497,0.151606318077812,0.109292602909924
5520,17050,0,0,"LASP",38.1746667,-103.9489359,0,15,112.217592592593,1395.61111111111,24.1388888888889,0.376676576576577,112.212837837838,182.5,40.8141891891892,9079.23648648649,337.043918918919,-104.777027027027,441.820945945946,221.324324324324,-3.48986486486486,230.439189189189,-3.48986486486486,288.85472972973,54.597972972973,6.52027027027027,64.0067567567568,134.797297297297,20.9425675675676,133.885135135135,20.9425675675676,0.170514352178898,0.125985401013399
5520,17051,0,0,"LASP",38.6933497,-102.5906749,0,15,101.606481481481,1295.83333333333,31.4537037037037,0.400526222222222,101.556291390728,172.208609271523,38.7417218543046,9315.3940397351,326.559602649007,-111.298013245033,437.85761589404,197.837748344371,-16.4238410596026,223.701986754967,-16.4238410596026,377.827814569536,66.8576158940397,6.67880794701987,68.9801324503311,188.705298013245,22.1688741721854,175.53642384106,22.1688741721854,0.150093260781946,0.105766892391358
5520,17052,0,0,"LASP",37.7907487,-108.0204389,0,15,22.1296296296296,2955.66666666667,58.5972222222222,0.749001731601731,20.2398648648649,163.435810810811,42.3716216216216,7417.02702702703,219.155405405405,-161.733108108108,380.888513513513,111.628378378378,50.4189189189189,116.375,-71.5777027027027,713.885135135135,78.8445945945946,32.1554054054054,21.277027027027,219.300675675676,127.043918918919,186.591216216216,178.601351351351,0.156036775132001,0.0617917796570939
5520,17053,0,0,"LASP",37.9857447,-107.2239599,0,15,-3.90740740740741,3268,60.0185185185185,0.623244594594595,-4.92857142857143,163.646258503401,41.4523809523809,7766.60204081633,191.78231292517,-197.928571428571,389.710884353742,88.5374149659864,27.0680272108844,93.9795918367347,-102.506802721088,735.465986394558,82.5068027210884,35.4965986394558,22.0102040816327,222.904761904762,131.622448979592,193.656462585034,184.962585034014,0.117394941093469,0.0513050939667407
5520,17054,0,0,"LASP",37.4798557,-106.4522789,0,15,23.8657407407407,2881.05555555556,46.7916666666667,0.668496396396396,23.6983050847458,165.813559322034,41.7254237288136,7893.28474576271,221.230508474576,-171.810169491525,393.040677966102,112.840677966102,1.81016949152542,123.979661016949,-77.7457627118644,567.952542372881,71.271186440678,26.6101694915254,32.4338983050847,185.31186440678,93.6135593220339,161.932203389831,131.11186440678,0.162219399722244,0.0711318035997884
5520,17055,0,0,"LASP",37.1810849,-105.7459646,0,15,52.3796296296296,2395.88888888889,22.7731481481481,0.444098122065728,51.8791946308725,183.741610738255,41.6711409395973,8624.0067114094,267.077181208054,-168.929530201342,436.006711409396,152.60067114094,-61.4597315436242,160.305369127517,-62.9798657718121,279.181208053691,49.1812080536913,10.7751677852349,50.744966442953,123.590604026846,36.4463087248322,115.231543624161,36.4530201342282,0.167171229453361,0.10092188012747
5520,17056,0,0,"LASP",37.0446817,-104.0585169,0,15,95.1759259259259,1946,34.2824074074074,0.466088596491228,96.3457627118644,168.074576271186,42.2305084745763,7936.86779661017,296.108474576271,-95.9898305084746,392.098305084746,200.135593220339,-3.68813559322034,200.135593220339,-3.68813559322034,408.15593220339,72.8101694915254,10.935593220339,60.1898305084746,186.871186440678,37.3796610169492,186.871186440678,37.3796610169492,0.174185670700298,0.113283537300053
5520,17057,0,0,"LASP",37.2182707,-103.5204699,0,15,108.083333333333,1689.66666666667,32.3055555555556,0.39367027027027,109.112627986348,170.307167235495,41.6006825938567,8299.79180887372,315.692832764505,-88.7098976109215,404.402730375427,206.549488054608,4.35836177474403,217.686006825939,4.35836177474403,383.064846416382,68.2832764505119,9.18088737201365,61,173.508532423208,30.1774744027304,172.402730375427,30.1774744027304,0.164183801885625,0.119177069524562
5520,17058,0,0,"LASP",37.1052137,-102.5796589,0,15,121.298245614035,1300.68421052632,33.3114035087719,0.405549099099099,121.569491525424,169.664406779661,40.5559322033898,8635.14576271187,331.447457627119,-81.9932203389831,413.440677966102,210.623728813559,11.9932203389831,234.332203389831,11.9932203389831,400.210169491525,67.7796610169491,8.33220338983051,63.4474576271186,187.620338983051,26.4542372881356,179.722033898305,26.4542372881356,0.16332214652543,0.119647960590856
5520,17122,0,0,"LASP",37.5166544,-108.4645163,0,15,62.125,2390.38888888889,42.9953703703704,0.639934234234234,62.7878787878788,158.585858585859,39.6734006734007,8061.0202020202,272.56228956229,-122.737373737374,395.299663299663,146.006734006734,97.6161616161616,167.996632996633,-38.9292929292929,511.255892255892,57.2491582491582,19.7003367003367,23.9461279461279,159.666666666667,85.5690235690236,129.430976430976,124.191919191919,0.183869759145036,0.0910121789934439
5520,17124,0,0,"LASP",37.2881745,-106.8377022,0,15,21.8991228070175,2892.94736842105,58.390350877193,0.712809009009009,23.5510204081633,168.585034013605,42.4489795918367,7655.2380952381,223.479591836735,-168.221088435374,391.700680272109,109.017006802721,56.2448979591837,122.010204081633,-73.2176870748299,696.438775510204,82.5612244897959,31.4285714285714,24.6428571428571,213.670068027211,114.585034013605,182.527210884354,174.741496598639,0.151571356063855,0.0631301962272605
5520,17125,0,0,"LASP",37.2872957,-105.5525819,0,15,43.537037037037,2564.61111111111,28.412037037037,0.487979111111111,42.8047138047138,176.447811447811,41.3939393939394,8381.93939393939,252.646464646465,-168.720538720539,421.367003367003,141.265993265993,-65.9225589225589,148.814814814815,-67.7912457912458,352.198653198653,58.1649831649832,14.8855218855219,48.7205387205387,147.59595959596,50.4511784511784,140.848484848485,50.4848484848485,0.162560525389635,0.0916630899001916
5520,17126,0,0,"LASP",37.6256667,-104.3100659,0,15,107.041666666667,1691,29.6296296296296,0.331130735930736,106.973063973064,174.609427609428,42.1346801346801,8304.90572390572,318.885521885522,-90.6599326599327,409.545454545455,216.003367003367,2.38047138047138,216.003367003367,2.38047138047138,357.296296296296,57.7676767676768,10.8148148148148,50.7575757575758,149.282828282828,38.6026936026936,149.282828282828,38.6026936026936,0.152362845521013,0.11854800886039
5520,17138,0,0,"LASP",39.0521056,-108.5755774,0,15,86.5138888888889,1916.55555555556,29.0972222222222,0.482588744588745,86.0066666666667,152.683333333333,36.2466666666667,8944.44,306.453333333333,-109.353333333333,415.806666666667,150.706666666667,5.38333333333333,201.896666666667,-29.0933333333333,350.583333333333,36.9666666666667,19.3766666666667,17.83,103.56,71.6933333333333,85.1733333333333,74.8333333333333,0.178936999923231,0.111156944323885
5520,17153,0,0,"LASP",37.7792747,-107.0036239,0,15,-2.12745098039216,3277.52941176471,63.3627450980392,0.651122072072072,-1.29530201342282,160.788590604027,41.6174496644295,7643.76174496644,192.328859060403,-189.355704697987,381.684563758389,87.8724832214765,29.6208053691275,96.5335570469799,-96.8624161073825,762.456375838926,85.8221476510067,35.8590604026846,22.7818791946309,229.58389261745,131.704697986577,198.224832214765,192.412751677852,0.121420450516124,0.051758359039017
5520,17154,0,0,"LASP",37.6329865,-106.4250933,0,15,26.3842592592593,2821,41.7916666666667,0.663974222222222,25.1486486486486,167.013513513514,41.4054054054054,8051.92905405405,224.439189189189,-174.766891891892,399.206081081081,116.222972972973,-7.24662162162162,126.922297297297,-79.1722972972973,516.631756756757,66.2027027027027,24.2871621621622,34.7736486486486,172.976351351351,85.2432432432432,151.851351351351,115.25,0.169400682466392,0.0748219888817055
5520,17201,0,0,"LASP",40.6165527,-108.6736679,0,15,54.7666666666667,2046.35,25.4583333333333,0.364067932489452,55.8327868852459,172.236065573771,38.7475409836066,9014.6,291.55737704918,-147.12131147541,438.67868852459,73.744262295082,-60.6065573770492,172.852459016393,-60.6065573770492,307.954098360656,32.7967213114754,16.2327868852459,20.2098360655738,90.6065573770492,54.6459016393443,79.8590163934426,54.6459016393443,0.138510105174948,0.0926813699654419
5520,17202,0,0,"LASP",40.2101727,-107.0331404,0,15,23.9078947368421,2621.26315789474,43.2368421052632,0.782944017094017,24.4902597402597,161.896103896104,39.7402597402597,8385.45779220779,241.243506493506,-161.045454545455,402.288961038961,33.9902597402597,44.6201298701299,132.275974025974,-81.7954545454545,518.25974025974,50.6818181818182,35.6558441558442,9.43181818181818,141.035714285714,120.366883116883,129.788961038961,127.831168831169,0.193018177415979,0.0737789202755373
5520,17204,0,0,"LASP",40.7597487,-105.4722069,0,15,42.5791666666667,2391.3,37.9416666666667,0.606671111111111,41.4258064516129,148.961290322581,39.958064516129,7703.03548387097,244.996774193548,-123.332258064516,368.329032258065,108.622580645161,-42.3903225806452,144.045161290323,-51.6129032258064,459.703225806452,61.1935483870968,20.3161290322581,38.4322580645161,169.106451612903,65.1774193548387,154.41935483871,65.9096774193548,0.166571249405516,0.0812327207198752
5520,17205,0,0,"LASP",40.8566157,-104.5420149,0,15,83.2543859649123,1626.26315789474,30.5438596491228,0.474425541125541,82.7694805194805,163.730519480519,39.1818181818182,8631.63961038961,304.00974025974,-109.402597402597,413.412337662338,170.951298701299,-24.3409090909091,197.344155844156,-24.3409090909091,366.993506493507,63.1915584415584,7.47077922077922,62.4318181818182,176.149350649351,24.9642857142857,152.886363636364,24.9642857142857,0.162984734035519,0.101075912999732
5520,17206,0,0,"LASP",40.5807997,-103.6580889,0,15,91.7875,1366.9,31.15,0.501107894736842,91.8838709677419,169.606451612903,38.1903225806452,9250.82580645161,321.177419354839,-117.277419354839,438.454838709677,186.706451612903,-24.858064516129,213.467741935484,-24.858064516129,371.674193548387,69.3516129032258,5.38387096774194,71.7935483870968,195.370967741935,19.9064516129032,169.632258064516,19.9064516129032,0.168710948652253,0.10310768515141
5520,17207,0,0,"LASP",40.6141447,-102.0845649,0,15,96.8657407407407,1100.44444444444,37.2175925925926,0.639386057692308,97.1868852459016,160.826229508197,36.9147540983607,9456.12786885246,319.767213114754,-110.173770491803,429.940983606557,194.773770491803,-22.6393442622951,221.085245901639,-22.6393442622951,447.091803278689,83.5836065573771,8.89508196721311,70.0918032786885,231.888524590164,27.9573770491803,197.839344262295,27.9573770491803,0.186701667814256,0.0979707720127831
5520,17208,0,0,"LASP",39.5130367,-108.4622799,0,15,67.2412280701754,2097.26315789474,33.3070175438597,0.532126222222222,66.3828382838284,159.940594059406,37.6798679867987,8761.80858085809,289.135313531353,-130.039603960396,419.174917491749,90.039603960396,-33.1485148514851,180,-46.006600660066,402.937293729373,41.2475247524753,25.016501650165,14.1254125412541,114.227722772277,86.7524752475248,96.8646864686469,86.8349834983498,0.170574793586617,0.0959014617745661
5520,17210,0,0,"LASP",39.3789927,-106.8135989,0,15,9.19907407407407,2938.44444444444,43.3842592592593,0.717793506493506,10.8032786885246,161.095081967213,39.672131147541,8207.14426229508,220.009836065574,-180.390163934426,400.4,94.8590163934426,6.90491803278689,116.301639344262,-92.3508196721312,512.275409836066,52.1245901639344,32.1803278688525,13.7934426229508,145.367213114754,113.009836065574,136,127.819672131148,0.17478237262646,0.0700194643480354
5520,17211,0,0,"LASP",39.6666667,-105.85,0,15,1.6125,3135.15,50.7875,0.664005555555556,0.87012987012987,145.464285714286,39.3441558441558,7670.09090909091,195.918831168831,-168.487012987013,364.405844155844,35.6688311688312,-15.8149350649351,101.525974025974,-92.7305194805195,609.483766233766,65.9415584415584,36.4123376623377,18.6915584415584,181.948051948052,124.25974025974,170.314935064935,137.896103896104,0.143820092444775,0.0602068572632265
5520,17212,0,0,"LASP",39.9859827,-104.5104139,0,15,96.7041666666667,1535.4,30.9291666666667,0.449914414414414,96.6862745098039,162.996732026144,38.4281045751634,8771.02614379085,315.539215686275,-102.686274509804,418.225490196078,184.928104575163,-13.3333333333333,212.127450980392,-13.3333333333333,372.254901960784,65.5849673202614,9.29738562091503,57.2483660130719,169.156862745098,30.3725490196078,144.411764705882,30.3725490196078,0.16500265346079,0.108650113815596
5520,17213,0,0,"LASP",39.373985,-103.7867237,0,15,86.3287037037037,1672.94444444444,31.3194444444444,0.428198290598291,86.4026402640264,166.917491749175,39.3366336633663,8747.51155115512,306.112211221122,-113.082508250825,419.194719471947,175.808580858086,-23.3366336633663,201.679867986799,-23.3366336633663,376.445544554455,66.960396039604,7.9042904290429,67.7953795379538,184.653465346535,24.7722772277228,175.442244224422,24.7722772277228,0.15486634649618,0.102502703481924
5520,17214,0,0,"LASP",39.5341427,-102.5923459,0,15,98.7037037037037,1299.22222222222,34.662037037037,0.517019913419913,98.7142857142857,164.501661129568,38.1029900332226,9159.02657807309,321.033222591362,-104.667774086379,425.700996677741,192.498338870432,-16.5116279069767,219.172757475083,-16.5116279069767,415.671096345515,75.1362126245847,8.33554817275748,66.687707641196,207.059800664452,26.3421926910299,183.933554817276,26.3421926910299,0.168670628429159,0.102832711660767
5520,17215,0,0,"LASP",38.2657408,-108.3489798,0,15,64.030701754386,2288.42105263158,38.4561403508772,0.615736574074074,63.8406779661017,163.905084745763,39.8305084745763,8205.30508474576,277.972881355932,-128.796610169492,406.769491525424,154.681355932203,72.3966101694915,170.393220338983,-40.6610169491525,459.667796610169,50.5728813559322,22.3152542372881,21.3559322033898,145.718644067797,91.3559322033898,121.596610169492,100.132203389831,0.184970680054414,0.0941637107572729
5520,17216,0,0,"LASP",38.8387837,-107.6025079,0,15,44.7083333333333,2438.77777777778,36.7592592592593,0.718884474885845,42.8595317725753,169.351170568562,39.8494983277592,8452.20066889632,259.177257525084,-160.364548494983,419.541806020067,114.913043478261,30.304347826087,151.04347826087,-66.2107023411371,443.270903010033,47.8695652173913,24.9297658862876,17.1605351170569,132.28762541806,92.7290969899665,112.481605351171,103.066889632107,0.201417786395041,0.0866701300951123
5520,17217,0,0,"LASP",38.7474207,-106.431206,0,15,1.93333333333333,3128.75,44.1875,0.620449537037037,2.22516556291391,161.612582781457,39.6423841059603,8275.20529801324,205.576158940397,-196.503311258278,402.079470198675,102.17880794702,2.55960264900662,107.973509933775,-102.980132450331,525.983443708609,62.5364238410596,30.7417218543046,24.0927152317881,166.198675496689,105.701986754967,155.387417218543,125.850993377483,0.148119245520156,0.0654706623833396
5520,17218,0,0,"LASP",38.3674037,-105.2290729,0,15,65.2407407407407,2236.5,32.8287037037037,0.529498290598291,66.8203389830508,170.993220338983,42.135593220339,7939.41355932203,274.023728813559,-126.952542372881,400.976271186441,168.969491525424,-33.7118644067797,170.583050847458,-33.7118644067797,393.46779661017,66.6915254237288,11.7796610169492,51.8610169491525,167.75593220339,43.4237288135593,167.294915254237,43.4237288135593,0.176030649194265,0.0996020727459176
5520,17219,0,0,"LASP",38.0452637,-104.4505009,0,15,109.884259259259,1558.27777777778,27.4259259259259,0.354209777777778,109.307692307692,176.923076923077,41.5384615384615,8565.16387959866,326.317725752508,-94.9197324414716,421.23745819398,221.411371237458,1.03010033444816,221.411371237458,1.03010033444816,331.535117056856,55.5418060200669,9.47491638795987,54.7993311036789,142.966555183946,32.6789297658863,142.966555183946,32.6789297658863,0.160078159256132,0.121315384536542
5520,17220,0,0,"LASP",38.1719747,-103.2345199,0,15,112.351851851852,1274.94444444444,26.9259259259259,0.361899086757991,112.295302013423,179.775167785235,39.7718120805369,9371.56711409396,338.674496644295,-108.530201342282,447.204697986577,209.654362416107,-7.35906040268456,234.372483221477,-7.35906040268456,321.557046979866,60.0570469798658,7.05369127516779,64.258389261745,152.630872483221,22.7986577181208,144.41610738255,22.7986577181208,0.15815004799494,0.119064844254159
5520,17222,0,0,"LASP",37.7801857,-108.0888449,0,15,26.287037037037,2892.61111111111,56.8981481481481,0.755542105263158,25.0771812080537,163.11744966443,42.1510067114094,7465.27516778523,225.197986577181,-156.996644295302,382.194630872483,117.030201342282,55.6644295302013,121.953020134228,-67.5268456375839,691.345637583893,76.4194630872483,30.8489932885906,21.3959731543624,212.959731543624,122.852348993289,180.620805369128,172.191275167785,0.163402337207003,0.0649125187297902
5520,17223,0,0,"LASP",37.2329382,-107.183624,0,15,42.2894736842105,2508.89473684211,48.2982456140351,0.680129680365297,43.6130136986301,181.099315068493,42.6095890410959,8040.67465753425,256.551369863014,-163.212328767123,419.763698630137,133.609589041096,79.3424657534247,146.328767123288,-60.4417808219178,569.212328767123,70.8630136986301,24.486301369863,25.9554794520548,183.212328767123,92.6815068493151,153.260273972603,137.948630136986,0.170590662640675,0.0769891915910469
5520,17224,0,0,"LASP",37.0593545,-106.1915747,0,15,33.9956140350877,2738.15789473684,40.8464912280702,0.578966666666667,33.7938144329897,171.914089347079,42.2852233676976,7942.62542955326,236.432989690722,-165.714776632302,402.147766323024,128.79381443299,-1.46048109965636,134.982817869416,-68.9621993127148,485.80412371134,68.6460481099656,24.1546391752577,36.1030927835052,173.037800687285,80.9828178694158,155.701030927835,102.477663230241,0.159123561484291,0.0792873101279025
5520,17225,0,0,"LASP",37.6909727,-105.927905,0,15,51.1481481481481,2409.61111111111,21.1342592592593,0.589736486486486,52.6868686868687,179.575757575758,41.0808080808081,8675.94949494949,265.350168350168,-167.026936026936,432.377104377104,153.488215488216,-61.4208754208754,160.939393939394,-63.4444444444444,245.569023569024,43.9259259259259,8.24915824915825,54.5117845117845,112.16835016835,29.1111111111111,103.208754208754,29.1111111111111,0.213388037213573,0.109090370579048
5520,17226,0,0,"LASP",37.1141597,-104.6052929,0,15,79.3888888888889,2147.83333333333,35.4166666666667,0.592900900900901,77.53264604811,168.268041237113,42.6529209621993,7759.01374570447,276.044673539519,-113.611683848797,389.656357388316,178.422680412371,-21.0652920962199,178.422680412371,-21.0652920962199,425.714776632302,72.7972508591065,13.872852233677,54.1374570446735,187.116838487973,47.9690721649485,187.116838487973,47.9690721649485,0.193348159577159,0.104189907906522
5520,17227,0,0,"LASP",37.5201847,-103.1112899,0,15,113.328431372549,1455.47058823529,30.9656862745098,0.371764,113.186440677966,172.132203389831,40.5559322033898,8703.83728813559,326.549152542373,-92.4576271186441,419.006779661017,202.816949152542,2.62372881355932,226.650847457627,2.62372881355932,371.145762711864,65.1050847457627,8.90847457627119,60.8237288135593,170.75593220339,28.1966101694915,162.95593220339,28.1966101694915,0.157858837063638,0.118287481036799
5520,17302,0,0,"LASP",40.6681037,-107.8616029,0,15,50.0833333333333,2022.55,30.9458333333333,0.415005701754386,50.7741935483871,177.683870967742,39.1838709677419,9165.12258064516,289.864516129032,-157.954838709677,447.81935483871,53.3741935483871,-61.7096774193548,168.487096774194,-69.3387096774194,365.735483870968,36.9483870967742,22.5677419354839,14.8741935483871,103.745161290323,75.4225806451613,89.6516129032258,75.6451612903226,0.136383404160515,0.08498711729178
5520,17303,0,0,"LASP",40.6746076,-106.9331855,0,15,26.4429824561404,2536.73684210526,43.6622807017544,0.801447111111111,26.0838709677419,159.158064516129,39.4741935483871,8405.05483870968,245.183870967742,-153.209677419355,398.393548387097,3.63225806451613,12.5935483870968,134.51935483871,-80.258064516129,524.077419354839,49.9193548387097,36.9096774193548,8.33225806451613,142.793548387097,121.277419354839,129.916129032258,126.71935483871,0.195685565455715,0.0733793788076393
5520,17304,0,0,"LASP",40.5692247,-105.4284449,0,15,45.4166666666667,2364.84210526316,39.4561403508772,0.618261842105263,44.1132686084142,149.886731391586,40.0582524271845,7697.22977346278,246.352750809061,-123.333333333333,369.686084142395,99.7411003236246,-32.5954692556634,146.453074433657,-49.2880258899676,477.336569579288,63.546925566343,21.4174757281553,37.7281553398058,172.284789644013,70.0970873786408,154.94498381877,72.1003236245955,0.167789365869179,0.0812322873544871
5520,17306,0,0,"LASP",40.3492697,-103.7997669,0,15,94.6833333333333,1383.9,29.7,0.493562280701754,94.5296052631579,170.279605263158,38.2105263157895,9244.6677631579,323.542763157895,-116.427631578947,439.970394736842,189.342105263158,-22.2664473684211,215.835526315789,-22.2664473684211,357.786184210526,66.7105263157895,5.43421052631579,70.0855263157895,184.440789473684,19.5,160.536184210526,19.5,0.171986807536004,0.106676738575934
5520,17307,0,0,"LASP",40.9679121,-102.3257889,0,15,93.2458333333333,1140.75,37.3416666666667,0.52571476793249,93.5667752442997,160.788273615635,36.6547231270358,9503.8990228013,318.224755700326,-114.609120521173,432.833876221498,191.228013029316,-27.2508143322476,218.019543973941,-27.2508143322476,447.941368078176,85.3973941368078,9.64820846905537,68.1368078175896,229.693811074919,30.9120521172638,190.182410423453,30.9120521172638,0.156757464409222,0.0933467942478745
5520,17308,0,0,"LASP",39.4433277,-108.9548949,0,15,75.7587719298246,1993.84210526316,28.969298245614,0.444058008658009,77.8877887788779,154.082508250825,35.8448844884488,9188.68646864687,303.06600660066,-120.996699669967,424.062706270627,135.227722772277,-37.4620462046205,196.63696369637,-41.009900990099,341.095709570957,35.2739273927393,20.5874587458746,15.7854785478548,98.9372937293729,71.3993399339934,84.2310231023102,71.4125412541254,0.166488156705346,0.106337145826694
5520,17310,0,0,"LASP",39.1529607,-106.4087149,0,15,-7.64351851851852,3314.94444444444,48.3287037037037,0.61572602739726,-7.5016501650165,149.125412541254,38.9108910891089,7943.9900990099,188.920792079208,-188.759075907591,377.679867986799,78.6501650165016,-3.96369636963696,95.5511551155115,-104.990099009901,580.26402640264,63.3861386138614,35.5478547854785,18.6237623762376,170.996699669967,123.610561056106,162.551155115512,142.237623762376,0.136556733037516,0.0595540656158886
5520,17311,0,0,"LASP",39.4106807,-105.9687199,0,15,-2.8,3227.15,47.8333333333333,0.598427192982456,-2.91362126245847,146.063122923588,38.9700996677741,7802.39867109635,192.637873754153,-176.681063122924,369.318936877076,61.5049833887043,-29.1461794019934,99.2225913621263,-98.202657807309,572.644518272425,65.78073089701,33.734219269103,22.9734219269103,177.578073089701,114.528239202658,170.378737541528,126.102990033223,0.135227478607821,0.060821529240316
5520,17313,0,0,"LASP",39.5675297,-103.0237419,0,15,94.925,1440.75,33.3458333333333,0.454720888888889,95.0728476821192,165.880794701987,38.5132450331126,9045.48344370861,317.301324503311,-107.205298013245,424.506622516556,187.221854304636,-18.4503311258278,214.082781456954,-18.4503311258278,400.675496688742,71.8609271523179,7.91390728476821,68.1986754966887,201.996688741722,24.6192052980132,182.364238410596,24.6192052980132,0.157484883632837,0.1027436228981
5520,17314,0,0,"LASP",39.1718637,-102.1105579,0,15,102.824074074074,1222.38888888889,35.6157407407407,0.493837777777778,103.069536423841,161.423841059603,37.5993377483444,9219.54304635762,323.860927152318,-99.5430463576159,423.403973509934,197.953642384106,-12.6291390728477,224.496688741722,-12.6291390728477,428.354304635762,76.6324503311258,8.57284768211921,65.7185430463576,211.556291390728,28.2384105960265,188.890728476821,28.2384105960265,0.162354436364882,0.102721254934313
5520,17316,0,0,"LASP",38.4648048,-107.2632899,0,15,17.0231481481481,2787.66666666667,40.6944444444444,0.673424561403509,17.9230769230769,180.123745819398,40.8628762541806,8618.79598662207,234.979933110368,-200.200668896321,435.180602006689,118.284280936455,52.5217391304348,126.010033444816,-95.4046822742475,487.468227424749,56.2374581939799,26.8628762541806,20.5083612040134,154.200668896321,96.8494983277592,135.95652173913,116.157190635451,0.169817500019433,0.0727495441744989
5520,17317,0,0,"LASP",38.4480577,-106.1069649,0,15,20.8657407407407,2887.72222222222,36.1944444444444,0.592529437229437,22.5777027027027,165.841216216216,40.5506756756757,8190.99324324324,226.89527027027,-176.939189189189,403.834459459459,121.175675675676,-31.4594594594595,127.327702702703,-82.6486486486486,426.986486486487,61.3986486486486,22.6182432432432,36.3175675675676,157.756756756757,75.9121621621622,149.003378378378,82.5777027027027,0.167373336137707,0.0799535718640563
5520,17319,0,0,"LASP",38.5495769,-104.4588733,0,15,100.893518518519,1630.22222222222,28.3194444444444,0.385578222222222,98.99,170.37,40.5433333333333,8523.05666666667,313.83,-100.95,414.78,211.2,-7.97666666666667,211.2,-7.97666666666667,349.17,63.75,7.47,65.42,166.936666666667,25.5633333333333,166.936666666667,25.5633333333333,0.158237979021487,0.113148396801959
5520,17320,0,0,"LASP",38.7624107,-103.3489149,0,15,96.4780701754386,1470.21052631579,28.75,0.370525114155251,96.2809364548495,176.588628762542,39.5418060200669,9216.10367892977,322.702341137124,-118.531772575251,441.234113712375,191.317725752508,-20.8294314381271,216.936454849498,-20.8294314381271,345.481605351171,66.247491638796,7.00334448160535,68.8929765886288,170.086956521739,22.8996655518395,162.19397993311,22.8996655518395,0.149127082079082,0.107747210306083
5520,17321,0,0,"LASP",38.2460697,-102.2107619,0,15,110.513157894737,1150.78947368421,31.9429824561404,0.412445614035088,110.654362416107,174.570469798658,38.8154362416107,9423.24496644295,335.560402684564,-108.080536912752,443.640939597315,208.46644295302,-9.62080536912752,233.325503355705,-9.62080536912752,384.006711409396,65.1409395973154,7.33892617449664,67.1946308724832,189.395973154362,23.4295302013423,177.768456375839,23.4295302013423,0.154896635364711,0.109597065563511
5520,17322,0,0,"LASP",37.8399527,-108.7610769,0,15,73.3970588235294,2154.17647058824,34.8333333333333,0.505643518518519,73.3030303030303,159.841750841751,38.5993265993266,8427.59932659933,290.754208754209,-118.397306397306,409.151515151515,150.148148148148,111.181818181818,183,-34.5858585858586,419.407407407407,47.5454545454545,16.1919191919192,24.993265993266,135.622895622896,72.8080808080808,106.37037037037,95.1111111111111,0.168637260427561,0.0996025744237844
5520,17323,0,0,"LASP",37.2370827,-107.8701319,0,15,59.9342105263158,2365.47368421053,43.7280701754386,0.572134703196347,59.8552188552189,170.063973063973,41.2457912457912,8047.39057239057,272.127946127946,-135.6632996633,407.791245791246,139.885521885522,95.5420875420875,163.841750841751,-43.1717171717172,525.885521885522,63.2929292929293,20.9057239057239,25.8585858585859,168.191919191919,85.030303030303,139.430976430976,129.451178451178,0.16135722977592,0.0858716271110152
5520,17324,0,0,"LASP",37.6490053,-106.6533167,0,15,12.4791666666667,3059.55,54.5875,0.666057207207207,12.2142857142857,161.387755102041,41.5544217687075,7741.2619047619,206.47619047619,-177.482993197279,383.959183673469,98.8197278911565,18.6598639455782,111.15306122449,-85.7585034013605,666.397959183673,78.7755102040816,31.656462585034,26.812925170068,207.173469387755,113.02380952381,179.948979591837,161.792517006803,0.141957216090765,0.0609841809493281
5520,17325,0,0,"LASP",37.0987057,-105.5208509,0,15,41.2456140350877,2629.52631578947,32.8114035087719,0.475204566210046,40.6872852233677,174.762886597938,41.8453608247423,8163.87285223368,247.487972508591,-165.783505154639,413.27147766323,137.120274914089,-65.0068728522337,144.182130584192,-66.5223367697594,395.683848797251,64.4948453608247,18.020618556701,46.6116838487972,162.573883161512,59.893470790378,156.048109965636,59.9518900343643,0.152590117770815,0.0871760079949346
5520,17326,0,0,"LASP",37.6176717,-104.7749029,0,15,85.25,2037.72222222222,34.6851851851852,0.475642105263158,81.7201365187713,168.399317406143,42.1160409556314,7932.51535836177,286.607508532423,-108.225255972696,394.832764505119,184.870307167235,-18.5904436860068,185.337883959044,-18.7918088737201,421.511945392491,65.4641638225256,15.3720136518771,44.3617747440273,167.378839590444,55.8873720136519,167.279863481229,55.8873720136519,0.164671425517545,0.102609251354414
5520,17327,0,0,"LASP",37.95117,-103.8764488,0,15,114.5,1399.44444444444,24.7407407407407,0.357756888888889,114.972881355932,182.498305084746,41.1525423728814,9007.6813559322,338.237288135593,-100.24406779661,438.481355932203,220.738983050847,0.233898305084746,232.328813559322,0.233898305084746,297.474576271186,53.6033898305085,7.30508474576271,59.8983050847458,133.671186440678,23.528813559322,132.254237288136,23.528813559322,0.166822735252731,0.126897312130773
5520,17328,0,0,"LASP",37.2067937,-102.8682559,0,15,117,1440.17647058824,32.9803921568627,0.393605855855856,117.119047619048,169.081632653061,40.7755102040816,8508.41156462585,325.608843537415,-83.7721088435374,409.380952380952,205.013605442177,9.38775510204082,228.214285714286,9.38775510204082,394.646258503401,68.6530612244898,8.66666666666667,62.5272108843537,183.445578231293,27.6734693877551,176.278911564626,27.6734693877551,0.161734162927421,0.119200294330154
5520,17351,0,0,"LASP",40.2044442,-108.7539818,0,15,64.3842592592593,1938.33333333333,26.6111111111111,0.347526495726496,64.6111111111111,172.114379084967,37.4705882352941,9458.77450980392,303.477124183007,-150.081699346405,453.558823529412,100.062091503268,-59.8725490196078,185.993464052288,-59.8725490196078,317.375816993464,33.7908496732026,17.3300653594771,19.4575163398693,93.1764705882353,57.4705882352941,81.2941176470588,57.4705882352941,0.13726777204936,0.0955309036778308
5520,17352,0,0,"LASP",40.0522652,-107.8736167,0,15,43.4605263157895,2286.10526315789,37.9824561403509,0.690833766233766,43.1324503311258,172.923841059603,40.2781456953642,8507.8178807947,268.506622516556,-155.261589403974,423.76821192053,31,-13.1490066225166,153.307947019868,-65.387417218543,457.192052980132,45.0695364238411,30.0033112582781,12.0298013245033,127.758278145695,101.354304635762,111.596026490066,102.53642384106,0.186534680837043,0.082605880322955
5520,17353,0,0,"LASP",40.3126093,-105.9787229,0,15,8.60833333333333,2883,48.3625,0.70284025974026,7.30645161290323,152.306451612903,39.9645161290323,7848.17419354839,211.761290322581,-164.193548387097,375.954838709677,44.1838709677419,-24.8193548387097,109.303225806452,-90.2161290322581,586.370967741935,60.0709677419355,36.7032258064516,14.3612903225806,170.274193548387,124.954838709677,160.767741935484,132.909677419355,0.154271931142539,0.0622812276619265
5520,17354,0,0,"LASP",40.0205912,-105.2961672,0,15,58.2412280701754,2219.84210526316,40.1184210526316,0.606548245614035,59.996699669967,155.003300330033,40.3729372937294,7804.39603960396,262.871287128713,-116.778877887789,379.650165016502,109.6699669967,-18.7953795379538,163.46204620462,-35.6468646864686,478.079207920792,65.5445544554455,20.5775577557756,37.0759075907591,171.514851485149,69.4191419141914,150.405940594059,72.3465346534653,0.173885640871021,0.0885244418438144
5520,17358,0,0,"LASP",39.8228687,-108.1651539,0,15,49.4916666666667,2241.3,36.6791666666667,0.582190222222222,49.9139072847682,170.85761589404,39.8211920529801,8524.58609271523,274.543046357616,-149.152317880795,423.695364238411,39.8609271523179,-35.4735099337748,160.559602649007,-58.9668874172185,440.324503311258,44.158940397351,27.817880794702,13.1887417218543,124.205298013245,95.0165562913907,107.592715231788,95.4139072847682,0.166729001997916,0.0851941610695755
5520,17360,0,0,"LASP",39.9539677,-106.5583499,0,15,20.7777777777778,2662.77777777778,38.6712962962963,0.730955690508322,20.9869281045752,165.022875816993,40.1307189542484,8353.68300653595,236.66339869281,-168.709150326797,405.372549019608,115.934640522876,-43.5196078431373,127.964052287582,-85.7843137254902,460.117647058824,47.4607843137255,29.3398692810458,13.7516339869281,134.140522875817,101.235294117647,129.967320261438,104.87908496732,0.18833235857493,0.0758486207058748
5520,17361,0,0,"LASP",39.8235192,-105.5238079,0,15,30.7333333333333,2675.65,46.9125,0.651919369369369,26.7254901960784,150.483660130719,40.4607843137255,7556.73202614379,223.62091503268,-143.039215686275,366.660130718954,61.9248366013072,-20.0065359477124,126.702614379085,-65.1666666666667,572.117647058824,67.8529411764706,29.7320261437909,27.0588235294118,185.003267973856,101.745098039216,168.738562091503,110.584967320261,0.154517706145882,0.0693540547883757
5520,17365,0,0,"LASP",38.2700861,-108.5366804,0,15,72.3291666666667,2158.35,35.2,0.528862162162162,72.59,161.956666666667,38.8933333333333,8417.16,289.523333333333,-121.916666666667,411.44,157.563333333333,95.9933333333333,181.91,-35.1533333333333,422.083333333333,46.64,19.57,22.34,134.246666666667,82.88,109.903333333333,91.18,0.173389612577864,0.0994808293084647
5520,17366,0,0,"LASP",38.1738367,-107.7416909,0,15,26.9852941176471,2818.76470588235,50.171568627451,0.68902676056338,28.047138047138,170.141414141414,41.8383838383838,7873.45117845118,234.744107744108,-167.030303030303,401.774410774411,121.481481481481,38.6498316498316,129.175084175084,-71.5084175084175,600.424242424242,66.6666666666667,30.0572390572391,20.2323232323232,185.545454545455,115.811447811448,159.861952861953,142.023569023569,0.163363883192843,0.0706134040620234
5520,17367,0,0,"LASP",38.0540197,-106.8645557,0,15,1.4212962962963,3160.33333333333,53.8194444444444,0.622811111111111,2.27946127946128,167.548821548822,40.956228956229,8132.35016835017,203.986531986532,-200.158249158249,404.144781144781,100.262626262626,36.4410774410774,105.080808080808,-102.175084175084,627.531986531986,73.3670033670034,32.2222222222222,22.8114478114478,196.478114478114,114.367003367003,172.710437710438,153.622895622896,0.134228344359964,0.0593742177122671
5520,17368,0,0,"LASP",38.1502227,-105.5137559,0,15,47.25,2545.65,33.525,0.56616301369863,44.3333333333333,167.363636363636,41.4646464646465,7941.92592592593,248.626262626263,-149.619528619529,398.245791245791,141.707070707071,-57.1111111111111,146.875420875421,-57.4646464646465,406.774410774411,66.5319865319865,15.8013468013468,47.2558922558923,166.49494949495,56.1616161616162,162.808080808081,56.1616161616162,0.172752020713318,0.0892017301540365
5520,17373,0,0,"LASP",37.9427007,-107.8223959,0,15,11.9490740740741,3098.33333333333,60.3611111111111,0.694577477477477,12.0945945945946,163.800675675676,42.3412162162162,7454.3445945946,209.996621621622,-171.972972972973,381.969594594595,102.692567567568,40.25,108.371621621622,-80.0506756756757,733.456081081081,80.4358108108108,34.4425675675676,20.6047297297297,222.435810810811,134.060810810811,191.057432432432,183.182432432432,0.138782513717065,0.0576985023084588
5520,17374,0,0,"LASP",37.8392179,-106.2560823,0,15,37.7696078431373,2614.94117647059,29.3725490196078,0.629413333333333,38.2541806020067,172.578595317726,41.066889632107,8399.84949832776,243.996655518395,-172.117056856187,416.113712374582,137.063545150502,-33.2441471571906,143.434782608696,-72.7591973244147,354.100334448161,52.6521739130435,16.1137123745819,43.2709030100334,136.461538461538,55.4715719063545,122.591973244147,64.4515050167224,0.19569048360461,0.0925880475583449
5520,17375,0,0,"LASP",37.9410936,-105.232388,0,15,48.140350877193,2546.52631578947,36.9561403508772,0.572268493150685,47.9112627986348,165.040955631399,41.3071672354949,7917.63481228669,251.238907849829,-143.334470989761,394.57337883959,146.829351535836,-53.0750853242321,150.440273037543,-53.4300341296928,449.832764505119,71.3890784982935,17.7679180887372,44.518771331058,179.726962457338,63.3003412969283,177.57337883959,63.3003412969283,0.169723162339351,0.0878521371463829
5520,17376,0,0,"LASP",37.3389499,-104.5848671,0,15,87.0245098039216,2042.35294117647,34.2058823529412,0.536176470588235,87.3932203389831,168.301694915254,42.3694915254237,7885.34915254237,289.416949152542,-102.735593220339,392.152542372881,190.464406779661,-11.9830508474576,190.505084745763,-12.1322033898305,409.220338983051,66.4474576271186,13.6915254237288,49.4508474576271,171.176271186441,48.8745762711864,171.169491525424,48.8745762711864,0.187022612743485,0.109926087429156
5520,17377,0,0,"LASP",39.871749,-108.284991,0,15,51.4305555555556,2200.22222222222,35.6574074074074,0.556444725738397,51.8327868852459,171.495081967213,39.4950819672131,8656.62950819672,278.767213114754,-149.859016393443,428.626229508197,45.455737704918,-45.3967213114754,164.095081967213,-59.2360655737705,423.344262295082,42.5540983606557,26.3311475409836,14.0459016393443,120.095081967213,89.0786885245902,104.344262295082,89.2262295081967,0.163884324770809,0.0866476169565524
5520,17410,0,0,"LASP",39.1305537,-106.1788927,0,15,-2.1125,3221.95,44.4875,0.541211255411255,-1.51155115511551,152.300330033003,39.3069306930693,7970.75907590759,197.201320132013,-184.594059405941,381.795379537954,87.8844884488449,-33.4983498349835,102.026402640264,-99.8085808580858,529.452145214521,63.9207920792079,30.6105610561056,26.8481848184818,169.323432343234,105.528052805281,163.620462046205,117.026402640264,0.130794470532056,0.0632565680880343
5520,17419,0,0,"LASP",38.0641056,-104.4189177,0,15,109.828947368421,1555.52631578947,27.3464912280702,0.351379279279279,110.046822742475,177.464882943144,41.4749163879599,8612.24080267559,327.819397993311,-95.3779264214047,423.197324414716,222.725752508361,1.11371237458194,222.725752508361,1.11371237458194,325.886287625418,55.1605351170569,9.08026755852843,55.7993311036789,141.866220735786,31.1404682274247,141.866220735786,31.1404682274247,0.160870842686853,0.122473455286583
5520,17422,0,0,"LASP",37.5166544,-108.46451,0,15,62.125,2390.38888888889,42.9953703703704,0.639934234234234,62.7878787878788,158.585858585859,39.6734006734007,8061.0202020202,272.56228956229,-122.737373737374,395.299663299663,146.006734006734,97.6161616161616,167.996632996633,-38.9292929292929,511.255892255892,57.2491582491582,19.7003367003367,23.9461279461279,159.666666666667,85.5690235690236,129.430976430976,124.191919191919,0.183869759145036,0.0910121789934439
5520,17423,0,0,"LASP",37.2314334,-107.8695551,0,15,64.2236842105263,2306.31578947368,41.8421052631579,0.568331531531531,60.6542372881356,170.216949152542,41.2271186440678,8061.49152542373,273.206779661017,-135.132203389831,408.338983050847,140.440677966102,96.4610169491525,164.810169491525,-42.6135593220339,521.447457627119,62.8779661016949,20.6983050847458,25.9220338983051,166.969491525424,84.264406779661,138.342372881356,128.210169491525,0.160220172763318,0.0857189933669706
5520,17425,0,0,"LASP",37.0988956,-105.5210119,0,15,41.2456140350877,2629.52631578947,32.8114035087719,0.475204566210046,40.6872852233677,174.762886597938,41.8453608247423,8163.87285223368,247.487972508591,-165.783505154639,413.27147766323,137.120274914089,-65.0068728522337,144.182130584192,-66.5223367697594,395.683848797251,64.4948453608247,18.020618556701,46.6116838487972,162.573883161512,59.893470790378,156.048109965636,59.9518900343643,0.152590117770815,0.0871760079949346
5520,17453,0,0,"LASP",40.179928,-106.00812,0,15,8.85,2888.15,47.3375,0.712655555555555,8.47540983606557,154.245901639344,39.8786885245902,7942.33114754098,214.045901639344,-167.236065573771,381.281967213115,45.2491803278688,-18.3245901639344,111.314754098361,-91.0196721311475,569.780327868853,58.527868852459,35.5016393442623,14.4032786885246,165.350819672131,121.616393442623,154.95737704918,131.495081967213,0.160294149785701,0.0641458882488329
5520,27037,0,0,"LASP",34.6689717,-85.3463759,0,15,144.689814814815,329.555555555556,120.203703703704,0.816520588235294,144.937282229965,132.292682926829,38.6236933797909,7638.87804878049,311.742160278746,-26.8327526132404,338.574912891986,59.5540069686411,201.188153310105,240.794425087108,43.5574912891986,1438.96167247387,163.142857142857,86.3693379790941,16.7979094076655,430.731707317073,290.414634146341,319.595818815331,402.080139372822,0.0939975094150842,0.0457532626709185
5520,27336,0,0,"LASP",34.6117851,-85.497565,0,15,143.869791666667,351.125,121.411458333333,0.808635185185185,144.570422535211,132.454225352113,38.7535211267606,7607.16549295775,310.908450704225,-26.8697183098592,337.778169014084,59.4929577464789,200.661971830986,239.922535211268,43.5528169014084,1452.30281690141,164.992957746479,85.3450704225352,17.2042253521127,435.239436619718,289.922535211268,321.94014084507,406.471830985916,0.0916474775164414,0.0450857322677749
5520,27337,0,0,"LASP",34.7223756,-85.424102,0,15,144.402777777778,331.722222222222,120.587962962963,0.816742592592593,144.116197183099,131.862676056338,38.4718309859155,7650.16901408451,310.989436619718,-27.6760563380282,338.665492957746,58.556338028169,200.478873239437,240.077464788732,42.5633802816901,1448.70070422535,163.612676056338,86.7323943661972,16.7957746478873,432.75,291.62676056338,320.859154929577,405.528169014084,0.0926390147888247,0.0450239316426156
5520,33004,0,0,"LASP",46.4532553,-116.5560346,0,15,79.575,826.2,53.6958333333333,0.752314838121295,79.0207100591716,129.94674556213,37.4171597633136,7203.49704142012,281.559171597633,-61.414201183432,342.973372781065,11.5976331360947,169.825443786982,173.529585798817,-10.7662721893491,633.639053254438,73.7662721893491,24.9378698224852,28.2455621301775,212.221893491124,92.396449704142,107.204142011834,195.402366863905,0.158463467583048,0.0693360063050329
5520,33015,0,0,"LASP",44.2384571,-112.2561867,0,15,41.4791666666667,1818.8,25.8,0.599525514403292,40.3312883435583,152.656441717791,35.1717791411043,9309.43251533742,274.920245398773,-153.033742331288,427.953987730061,88.3865030674847,27.4846625766871,159.076687116564,-80.2546012269939,317.165644171779,43.0521472392638,18.4601226993865,30.6564417177914,109.024539877301,61.4325153374233,88.0030674846626,73.2668711656442,0.172305762339156,0.0833493594336805
5520,33016,0,0,"LASP",44.0271337,-111.2586979,0,15,30.2149122807018,1937.10526315789,44.1666666666667,0.808699598393574,29.0122324159021,153.65749235474,36.6330275229358,8920.94495412844,256.987767584098,-157.024464831804,414.012232415902,-25.6605504587156,131.048929663609,143.584097859327,-85.3119266055046,536.636085626911,62.7094801223242,31.4006116207951,21.4495412844037,168.715596330275,101.305810397554,115.929663608563,161.354740061162,0.179278244873465,0.0661187261259281
5520,33017,0,0,"LASP",43.455341,-116.0962005,0,15,90.2324561403509,1067.52631578947,31.5964912280702,0.44018,90.6172839506173,146.660493827161,37.1635802469136,8319.97222222222,315.283950617284,-73.8950617283951,389.179012345679,-5.00925925925926,193.675925925926,199.799382716049,-14.9938271604938,373.592592592593,52.212962962963,8.98148148148148,41.4382716049383,148.089506172839,40.3425925925926,48.1728395061728,137.166666666667,0.145411674149318,0.0949830452003255
5520,33018,0,0,"LASP",43.7258179,-115.951094,0,15,67.3041666666667,1333.75,42.0958333333333,0.603951028806584,66.3271604938272,154.885802469136,38.5432098765432,8222.68827160494,294.660493827161,-102.148148148148,396.808641975309,-28.2067901234568,167.858024691358,173.320987654321,-38.8302469135802,506.885802469136,74.0771604938272,12.9320987654321,45.3734567901235,209.296296296296,54.6018518518519,62.9104938271605,198.793209876543,0.149126604017211,0.0761285527294722
5520,33021,0,0,"LASP",43.1104288,-112.7317982,0,15,68.0043859649123,1450.73684210526,22.8728070175439,0.602636625514403,68.6320754716981,151.556603773585,35.7735849056604,9030.3427672956,301.600628930818,-117.578616352201,419.179245283019,107.993710691824,177.540880503145,185,-49.0314465408805,277.506289308176,34.4779874213836,14.8364779874214,22.6383647798742,89.0786163522013,50.9654088050314,61.1540880503145,70.9276729559748,0.194212966669711,0.0996489289607837
5520,33024,0,0,"LASP",42.9094597,-115.1851959,0,15,90.8333333333333,1110.19047619048,23.6944444444444,0.440290452234123,91.1352201257862,158.411949685535,38.4119496855346,8514.44025157233,326.443396226415,-80.7861635220126,407.229559748428,-7.33018867924528,196.037735849057,202.87106918239,-16.9213836477987,283.198113207547,40.3553459119497,7.4559748427673,43.5943396226415,115.440251572327,30.2232704402516,38.9150943396226,105.641509433962,0.161459097761149,0.105111908555056
5520,33026,0,0,"LASP",42.6770234,-113.5890998,0,15,79.0877192982456,1353.84210526316,22.9035087719298,0.600625416666667,79.3659305993691,148.094637223975,36.5425867507886,8604.1261829653,304.8738170347,-95.813880126183,400.687697160883,63.4574132492114,164.236593059937,191.747634069401,-31.2744479495268,274.296529968454,34.4227129337539,13.3123028391167,26.7034700315457,90.7444794952681,46.8580441640379,57.7381703470032,73.1041009463722,0.201210231756906,0.106054537271943
5520,33028,0,0,"LASP",42.9309637,-111.5524589,0,15,40.4291666666667,1986.2,36.0416666666667,0.778920722260196,40.4137931034483,146.727272727273,36.3918495297806,8561.58307210031,263.028213166144,-134.799373040752,397.827586206897,61.6833855799373,145.658307210031,151.094043887147,-68.6394984326019,433.25078369906,48.3479623824451,26.257053291536,15.5611285266458,127.191222570533,90.8683385579937,97.6112852664577,112.385579937304,0.202985848443705,0.0801480775331425
5520,33204,0,0,"LASP",46.4470219,-116.8391482,0,15,83.625,788.045454545455,47.5871212121212,0.682521037155841,83.8264705882353,127.982352941176,37.1588235294118,7179.77352941176,285.047058823529,-55.1705882352941,340.217647058824,7.45294117647059,174.711764705882,177.711764705882,-5.57647058823529,562.458823529412,64.6323529411765,22.1411764705882,28.3264705882353,188.782352941176,81.5970588235294,95.9205882352941,173.605882352941,0.15683696294897,0.0753589381507814
5520,33222,0,0,"LASP",43.8248162,-111.2006106,0,15,24.3416666666667,2077.35,44.5458333333333,0.795109282700422,25.7784615384615,151.424615384615,36.7076923076923,8759.91692307692,250.84,-156.646153846154,407.486153846154,-11.6646153846154,121.990769230769,138.6,-85.7753846153846,525.916923076923,60.9046153846154,31.9169230769231,19.6646153846154,161.855384615385,104.273846153846,116.615384615385,152.190769230769,0.179158764995082,0.0667961324245776
5520,33223,0,0,"LASP",42.6439302,-116.9936762,0,15,65.9625,1584.6,28.0291666666667,0.36240329218107,66.08125,169.4125,42.278125,7599.2,295.940625,-100.44375,396.384375,-18.253125,162.609375,168.15,-27.015625,334.88125,38.16875,11.859375,29.49375,112.1875,45.99375,58.590625,102.959375,0.130403726107162,0.0891378219762798
5520,33224,0,0,"LASP",42.7918728,-115.7179519,0,15,96.2938596491228,1043.89473684211,20.8859649122807,0.326230158730159,96.012539184953,159.711598746082,39.2351097178683,8293.4012539185,329.30407523511,-72.6614420062696,401.965517241379,0.80564263322884,198.510971786834,205.94670846395,-8.26645768025078,250.645768025078,32.5830721003135,6.77115987460815,37.4858934169279,93.1567398119122,29.576802507837,39.3322884012539,82.7962382445141,0.143155732494409,0.107935681174482
5520,33225,0,0,"LASP",42.431685,-114.0888322,0,15,76.8771929824561,1453.68421052632,24.0263157894737,0.632961666666667,76.5981012658228,147.51582278481,37.8449367088608,8124.93037974684,295.142405063291,-89.9588607594937,385.101265822785,48.9335443037975,176.420886075949,183.572784810127,-25.7405063291139,288.908227848101,35.7183544303797,13.6677215189873,27.5316455696203,93.5791139240506,47.1329113924051,58.0094936708861,81.5917721518987,0.20802981031461,0.105225999497682
5520,33226,0,0,"LASP",42.2100017,-113.8402099,0,15,63.4083333333333,1747.15,27.6625,0.557013333333333,64.9463722397476,149.731861198738,37.9716088328076,8091.31861198738,284.018927444795,-105.599369085174,389.618296529968,80.9779179810726,138.444794952681,171.552050473186,-36.4195583596214,326.993690851735,40.5741324921136,19.410094637224,23.0410094637224,103.665615141956,62.6246056782334,77.6687697160883,83.0157728706625,0.178815189850848,0.096488434696283
5520,33227,0,0,"LASP",42.4988307,-112.3918149,0,15,57.1018518518519,1745.33333333333,33.7962962962963,0.639018376068376,57.253164556962,149.088607594937,36.4651898734177,8650.18987341772,286.51582278481,-117.237341772152,403.753164556962,61.496835443038,164.148734177215,169.54746835443,-53.5474683544304,403.46835443038,45.0886075949367,24.0094936708861,17.5253164556962,117.95253164557,77.2594936708861,86.0981012658228,108.465189873418,0.179059150353271,0.0862272807163938
5520,33228,0,0,"LASP",42.0021387,-111.9538098,0,15,61.725,1705.8,36.9958333333333,0.676305274853801,59.9654088050314,149.056603773585,36.0031446540881,8829.54716981132,289.908805031447,-118.5,408.408805031447,45.2830188679245,169.169811320755,174.603773584906,-53.2893081761006,448.506289308176,49.0691823899371,23.4025157232704,18.4748427672956,134.654088050314,83.5345911949686,87.5345911949686,118.710691823899,0.181548874215956,0.0842368461894615
5520,34001,0,0,"LASP",42.2101956,-90.0603721,0,15,84.1184210526316,244.105263157895,74.3771929824561,0.874992916666667,83.7563291139241,116.224683544304,27.4651898734177,10456.7879746835,286.25,-129.522151898734,415.772151898734,211.471518987342,-59.7848101265823,211.471518987342,-59.7848101265823,892.028481012658,108.908227848101,29.8955696202532,36.5126582278481,313.860759493671,108.379746835443,313.860759493671,108.379746835443,0.133863400927949,0.0507205994383813
5520,34007,0,0,"LASP",41.3974197,-90.0300702,0,15,96.2291666666667,213.05,76.425,0.88935670995671,96.0865384615385,113.467948717949,27.3173076923077,10367.8878205128,294.903846153846,-112.798076923077,407.701923076923,218.836538461538,-46.0512820512821,222.676282051282,-46.0512820512821,917.105769230769,108.682692307692,31.1730769230769,33.7179487179487,313.820512820513,119.673076923077,313.564102564103,119.673076923077,0.141014387118367,0.0541627868000524
5520,34008,0,0,"LASP",41.4846401,-90.217325,0,15,96.0789473684211,206.947368421053,75.7850877192982,0.874620888888889,96.3833865814697,111.169329073482,26.8178913738019,10418.6837060703,294.533546325879,-112.316293929712,406.849840255591,223.450479233227,-46.2492012779553,223.70607028754,-46.2492012779553,909.121405750799,109.14696485623,30.4888178913738,34.6773162939297,316.172523961661,116.974440894569,316.172523961661,116.974440894569,0.139191608778355,0.0544616825025181
5520,34009,0,0,"LASP",41.1849333,-89.4568609,0,15,97.859649122807,207.315789473684,76.8464912280702,0.878648,97.6915584415584,118.100649350649,28.4837662337662,10231.4090909091,296.905844155844,-110.941558441558,407.847402597403,206.227272727273,-43.0811688311688,222.350649350649,-43.0811688311688,921.801948051948,104.353896103896,32.6753246753247,31.4123376623377,304.00974025974,125.837662337662,298.87012987013,125.837662337662,0.139083504690346,0.0543468741291178
5520,34010,0,0,"LASP",41.3504896,-89.7704347,0,15,95.530701754386,213.789473684211,76.5964912280702,0.88765974025974,95.6783439490446,116.257961783439,27.9299363057325,10310.872611465,295.127388535032,-113.576433121019,408.703821656051,214.006369426752,-46.0095541401274,221.353503184713,-46.0095541401274,918.863057324841,107.531847133758,31.3694267515924,33.0477707006369,309.646496815287,121.031847133758,308.646496815287,121.031847133758,0.140124289038123,0.0538794610431863
5520,34011,0,0,"LASP",41.3356226,-89.7085965,0,15,95.7291666666667,210.9,76.5291666666667,0.886968859649123,95.7564102564103,116.810897435897,28.0512820512821,10297.6474358974,295.278846153846,-113.554487179487,408.833333333333,212.567307692308,-45.8076923076923,221.233974358974,-45.8076923076923,918.586538461538,107.086538461538,31.4038461538462,32.875,308.439102564103,121.371794871795,307.102564102564,121.371794871795,0.140006053409442,0.0538868253104675
5520,34012,0,0,"LASP",41.6502254,-89.0175725,0,15,89.7291666666667,231.55,76.7958333333333,0.848019658119658,90.0702875399361,115.370607028754,27.8210862619808,10287.5623003195,288.335463258786,-118.607028753994,406.94249201278,206.063897763578,-50.9776357827476,215.664536741214,-50.9776357827476,921.354632587859,106.916932907348,31.3194888178914,32.6421725239617,309.4696485623,123.153354632588,307.987220447284,123.153354632588,0.128371169302393,0.0511289005615366
5520,34013,0,0,"LASP",41.0834818,-88.8325718,0,15,98.8712121212121,201.545454545455,76.4772727272727,0.847982456140351,98.8681672025724,116.733118971061,28.6688102893891,10111.0996784566,295.077170418006,-106.263665594855,401.340836012862,202.472668810289,-39.6559485530547,222.250803858521,-39.6559485530547,917.974276527331,102.327974276527,35.9003215434084,28.7170418006431,299.183279742765,135.524115755627,289.099678456592,135.524115755627,0.134062992689601,0.0545505454872212
5520,34019,0,0,"LASP",40.8036571,-91.0568488,0,15,103.217592592593,202.944444444444,76.4166666666667,0.887434863090126,103.209003215434,116.344051446945,27.9485530546624,10230.8488745981,302.379421221865,-106.260450160772,408.639871382637,210.167202572347,-36.6816720257235,228.131832797428,-36.6816720257235,917.88424437299,108.183279742765,31.7106109324759,34.1157556270096,310.054662379421,116.610932475884,305.623794212219,116.610932475884,0.145393862113024,0.0569910704058775
5520,34021,0,0,"LASP",40.0810774,-90.0013197,0,15,111.138888888889,169.666666666667,78.1587301587302,0.891675438596491,111.202614379085,117.238562091503,29.0849673202614,9927.65032679739,306.307189542484,-91.5653594771242,397.872549019608,212.647058823529,-24.8006535947712,232.267973856209,-24.8006535947712,936.66339869281,101.869281045752,39.2745098039216,25.9509803921569,298.513071895425,145.382352941176,284.12091503268,145.382352941176,0.148470010871596,0.0590690687464614
5520,34023,0,0,"LASP",40.9170762,-90.0331516,0,15,100.2125,215.75,77.7125,0.88454298245614,100.067524115756,114.697749196141,27.7427652733119,10242.2540192926,297.398713826367,-107.762057877814,405.16077170418,207.967845659164,-40.7684887459807,224.832797427653,-40.7684887459807,932.633440514469,106.533762057878,33.8102893890675,31.0032154340836,307.774919614148,128.260450160772,302.861736334405,128.260450160772,0.140594335388047,0.0548938154286256
5520,34024,0,0,"LASP",40.8602881,-90.5087794,0,15,102.2125,211.45,77.1208333333333,0.884975105485232,102.084142394822,115.559870550162,27.8996763754045,10211.6796116505,300.271844660194,-105.155339805825,405.427184466019,210.288025889968,-37.7411003236246,226.624595469256,-37.7411003236246,924.53074433657,108.514563106796,33.2686084142395,32.3171521035599,309.045307443366,123.495145631068,306.36569579288,123.495145631068,0.143247712683071,0.056173690537952
5520,34026,0,0,"LASP",40.9305488,-89.7938841,0,15,100.079166666667,211,77.5125,0.881345333333333,100.249180327869,115.92131147541,28.0819672131148,10214.8590163934,297.84262295082,-107.501639344262,405.344262295082,205.475409836066,-40.2852459016393,224.675409836066,-40.2852459016393,931.35737704918,104.668852459016,34.2196721311475,30.3540983606557,305.386885245902,130.091803278689,298.072131147541,130.091803278689,0.140129452572563,0.0549455739095572
5520,34028,0,0,"LASP",40.4972564,-89.4243639,0,15,106.925438596491,197.526315789474,78.390350877193,0.875594736842105,106.938511326861,116.857605177994,28.8511326860841,10041.5792880259,303.051779935275,-96.2265372168285,399.278317152104,209.851132686084,-30.3721682847896,229.744336569579,-30.3721682847896,940.313915857605,102.537216828479,39.1326860841424,26.8381877022654,301.877022653722,145.919093851133,287.077669902913,145.919093851133,0.142034364685385,0.0570403785789974
5520,34029,0,0,"LASP",40.9275498,-88.95069,0,15,100.8,208.05,76.8208333333333,0.857576888888889,101.10355987055,117.119741100324,28.8932038834951,10094.9158576052,297.62783171521,-103.333333333333,400.961165048544,204.637540453074,-37.1650485436893,224.37216828479,-37.1650485436893,922.521035598705,102.333333333333,36.7411003236246,28.1941747572816,299.388349514563,138.148867313916,287.637540453074,138.148867313916,0.137051935189828,0.0554347937944067
5520,34032,0,0,"LASP",40.8985328,-88.6754284,0,15,100.654166666667,211.85,76.2291666666667,0.839972916666667,100.641935483871,116.612903225806,28.9,10076.7258064516,296.322580645161,-103.261290322581,399.583870967742,204.074193548387,-37.3741935483871,223.638709677419,-37.3741935483871,914.454838709677,102.058064516129,36.941935483871,27.6516129032258,296.825806451613,139.451612903226,285.367741935484,139.451612903226,0.134417842109339,0.0554895015830804
5520,34033,0,0,"LASP",40.2509834,-87.9675978,0,15,105.6625,214.6,79.875,0.832787140350877,105.702614379085,113.68954248366,28.921568627451,9814.11764705882,296.424836601307,-90.6764705882353,387.101307189542,206.457516339869,-27.4477124183007,226.045751633987,-27.5065359477124,957.359477124183,109.552287581699,45.859477124183,24.8267973856209,309.702614379085,158.437908496732,300.630718954248,158.437908496732,0.130394544459195,0.0550753306005874
5520,34035,0,0,"LASP",39.9203767,-91.2963699,0,15,112.708333333333,194.2,80.0791666666667,0.843792543859649,112.764705882353,113.866013071895,27.9803921568627,10009.4901960784,308.56862745098,-91.1633986928105,399.732026143791,214.856209150327,-24.1666666666667,235.558823529412,-24.1666666666667,961.133986928105,113.382352941176,36.8333333333333,30.6862745098039,319.147058823529,132.718954248366,300.826797385621,132.718954248366,0.136395350903734,0.0578224619346083
5520,34036,0,0,"LASP",39.9897988,-90.3451209,0,15,111.391666666667,173.2,78.9416666666667,0.89304954954955,111.465798045603,118.130293159609,29.3094462540717,9841.50814332248,306.42345276873,-90.5830618892508,397.00651465798,212.384364820847,-22.9055374592834,231.671009771987,-22.9055374592834,947.99674267101,105.990228013029,38.5342019543974,27.3061889250814,307.169381107492,140.964169381107,289.065146579805,140.964169381107,0.147291326429634,0.0585569532628401
5520,34037,0,0,"LASP",39.4187241,-90.1660041,0,15,116.365740740741,183.777777777778,78.7407407407407,0.888771076664263,116.43606557377,118.4,29.927868852459,9603.96721311475,308.24262295082,-82.1967213114754,390.439344262295,203.47868852459,-14.4918032786885,234.167213114754,-14.4918032786885,943.72131147541,106.888524590164,41.9475409836066,24.2983606557377,298.459016393443,153.540983606557,276.075409836066,153.540983606557,0.151018356948164,0.0611298981584884
5520,34039,0,0,"LASP",39.3609974,-90.8395322,0,15,117.575,185,79.3458333333333,0.8681247265892,117.397350993377,122.801324503311,30.4271523178808,9598.52317880795,312.572847682119,-83.9635761589404,396.53642384106,215.344370860927,-13.3907284768212,235.639072847682,-13.3907284768212,951.629139072848,107.841059602649,39.9105960264901,25.7913907284768,302.254966887417,147.387417218543,280.937086092715,147.387417218543,0.146012726957129,0.0607596412153966
5520,34040,0,0,"LASP",39.5753678,-89.5158088,0,15,116.433333333333,187.8,78.8833333333333,0.868751193737769,116.66339869281,118.653594771242,29.7679738562091,9710.09150326797,310.205882352941,-81.6830065359477,391.888888888889,195.800653594771,-15.8660130718954,235.506535947712,-15.8660130718954,948.133986928105,102.049019607843,45.6339869281046,22.6176470588235,298,162.839869281046,279.748366013072,162.839869281046,0.146217498282135,0.0606849435930848
5520,34041,0,0,"LASP",39.4800841,-89.2690071,0,15,117.462962962963,190.555555555556,80.5833333333333,0.866443102843103,117.432786885246,120.222950819672,30.1311475409836,9667.72131147541,311.468852459016,-80.2196721311475,391.688524590164,198.865573770492,-14.3180327868852,235.980327868852,-14.3180327868852,965.859016393443,103.2,48.4196721311475,21.7704918032787,303.272131147541,170.281967213115,283.868852459016,170.281967213115,0.143640386022399,0.0599255075666887
5520,34042,0,0,"LASP",39.3998674,-89.2049844,0,15,118.1,189.9,80.8958333333333,0.862325555555556,118.032786885246,120.544262295082,30.2754098360656,9636.62295081967,312.07868852459,-79.1573770491803,391.23606557377,198.92131147541,-13.1409836065574,236.35737704918,-13.1409836065574,971.659016393443,103.64262295082,49.3934426229508,21.4032786885246,304.596721311475,173.596721311475,283.498360655738,173.596721311475,0.142306468933217,0.0597657938563421
5520,34043,0,0,"LASP",39.5535471,-89.4517437,0,15,116.991228070175,189.736842105263,79.5438596491228,0.86833855443403,116.904605263158,119.085526315789,29.8421052631579,9702.24671052631,310.654605263158,-81.2861842105263,391.940789473684,196.253289473684,-15.4638157894737,235.713815789474,-15.4638157894737,952.171052631579,102.243421052632,46.3453947368421,22.3848684210526,299.141447368421,164.694078947368,280.736842105263,164.694078947368,0.145733177753333,0.0605585689429324
5520,34044,0,0,"LASP",39.8947071,-88.103613,0,15,110.885964912281,206.368421052632,82.2280701754386,0.839901731601732,110.843648208469,115.42345276873,29.3322475570033,9745.11726384365,302.237785016287,-85.1596091205212,387.397394136808,211.14006514658,-21.4625407166124,230.325732899023,-21.5211726384365,986.045602605863,111.934853420195,49.9055374592834,22.6156351791531,312.684039087948,175.123778501629,302.14983713355,175.123778501629,0.131023588126231,0.055603231573654
5520,34045,0,0,"LASP",39.3671938,-88.2670255,0,15,115.555555555556,193.777777777778,84.2361111111111,0.841946581196581,115.605263157895,117.154605263158,29.8223684210526,9613.80592105263,307.398026315789,-80.3947368421053,387.792763157895,214.296052631579,-15.3355263157895,233.779605263158,-15.3355263157895,1010.07894736842,107.986842105263,53.2565789473684,20.2105263157895,311.148026315789,189.128289473684,292.144736842105,189.128289473684,0.130953400671686,0.0561229641916956
5520,34046,0,0,"LASP",39.3149204,-88.195176,0,15,115.8625,190.4,84.5708333333333,0.835056306306306,116,117.083612040134,29.8361204013378,9591.58862876254,307.57525083612,-79.6421404682274,387.217391304348,214.491638795987,-14.5819397993311,234.036789297659,-14.5819397993311,1014.9364548495,108.117056856187,53.7123745819398,20.0468227424749,311.471571906355,190.996655518395,291.876254180602,190.996655518395,0.129110992011801,0.0558698316490033
5520,34047,0,0,"LASP",39.6153298,-88.3865649,0,15,113.796296296296,204.222222222222,82.9444444444444,0.855750371850372,113.950657894737,117.381578947368,29.7072368421053,9700.71710526316,306.493421052632,-82.9736842105263,389.467105263158,213.690789473684,-18.1907894736842,232.743421052632,-18.1907894736842,997.328947368421,109.105263157895,51.6052631578947,21.2138157894737,311.299342105263,181.648026315789,296.322368421053,181.648026315789,0.13463938861404,0.056479976400407
5520,34048,0,0,"LASP",39.318607,-87.7777573,0,15,116.203703703704,178.944444444444,85.7175925925926,0.832751801801802,116.458471760797,117.063122923588,29.936877076412,9537.83056478405,307.166112956811,-77.8737541528239,385.039867109635,214.574750830565,-12.9335548172757,234.205980066445,-12.9335548172757,1029.86710963455,112.318936877076,56.3322259136213,20.3023255813953,318.358803986711,193.707641196013,298.461794019934,193.707641196013,0.126650152353255,0.0550442922643018
5520,34050,0,0,"LASP",38.5256201,-89.8193422,0,15,128.766666666667,145.65,81.8166666666667,0.788205777777778,128.727272727273,117.053872053872,30.2626262626263,9362.17171717172,316.767676767677,-64.0572390572391,380.824915824916,179.040404040404,2.62962962962963,245.020202020202,2.62962962962963,978.875420875421,104.548821548822,51.3939393939394,18.3198653198653,294.474747474747,186.454545454545,267.86531986532,186.454545454545,0.132462406015268,0.0625446079009862
5520,34053,0,0,"LASP",38.3511978,-89.2943026,0,15,127.277777777778,146,86.1296296296296,0.781952444444444,127.286666666667,118.253333333333,30.61,9249.58,315.033333333333,-64.68,379.713333333333,134.73,1.86666666666667,241.71,1.86666666666667,1029.53333333333,108.286666666667,55.2366666666667,18.0066666666667,309.683333333333,203.403333333333,270.57,203.403333333333,0.123335437134556,0.058614754592637
5520,34054,0,0,"LASP",38.248185,-88.233672,0,15,129.065789473684,126.368421052632,91.0964912280702,0.801993055555556,129.116666666667,119.453333333333,31.42,9087.43333333333,315.446666666667,-59.09,374.536666666667,127.926666666667,103.866666666667,241.406666666667,5.99,1092.62,120.073333333333,66.2966666666667,18.6766666666667,340.716666666667,224.52,276.093333333333,229.413333333333,0.119446511159051,0.055746333779264
5520,34055,0,0,"LASP",38.4401577,-88.9703208,0,15,125.329166666667,150.45,87.0708333333333,0.790541333333333,125.441471571906,119.387959866221,30.9063545150502,9233.01337792642,313.672240802676,-66.6254180602007,380.297658862876,131.889632107023,-0.0234113712374582,239.468227424749,-0.0234113712374582,1043.99665551839,109.953177257525,56.7123745819398,18.5518394648829,315.989966555184,208.391304347826,272.217391304348,208.391304347826,0.121937557918119,0.0571165280475773
5520,34056,0,0,"LASP",38.70688,-88.1676148,0,15,123.958333333333,141.6,89.0708333333333,0.796381140350877,123.451827242525,118.986710963455,30.7607973421927,9322.93355481727,312.41196013289,-68.9269102990033,381.338870431894,141.803986710963,-3.30564784053156,238.365448504983,-3.30564784053156,1064.7707641196,113.063122923588,59.4352159468439,18.8803986710963,323.016611295681,212.478405315615,284.212624584718,212.478405315615,0.118854987399078,0.055046416497838
5520,34057,0,0,"LASP",38.6772904,-88.4287356,0,15,123.147058823529,147.470588235294,87.7647058823529,0.796128767123288,123.177257525084,119.869565217391,30.876254180602,9309.90301003344,312.428093645485,-70.0735785953177,382.501672240803,147.90635451505,-3.75919732441472,237.775919732441,-3.75919732441472,1053.75585284281,110.90635451505,57.505016722408,19,319.528428093645,209.889632107023,280.454849498328,209.889632107023,0.120196708005083,0.0556247123178308
5520,34058,0,0,"LASP",38.8352107,-87.7451035,0,15,122.447368421053,146.105263157895,89.4561403508772,0.806871759259259,122.619205298013,118.102649006623,30.6092715231788,9345.77814569536,311.62582781457,-68.4105960264901,380.03642384106,165.317880794702,-3.69867549668874,238.417218543046,-3.69867549668874,1073.85761589404,116.784768211921,62.2384105960265,19,326.185430463576,211.937086092715,293.294701986755,211.937086092715,0.119162389366756,0.0543811662770206
5520,34059,0,0,"LASP",37.2325914,-89.2352685,0,15,138.25,122.684210526316,100.434210526316,0.789430136986301,138.122866894198,118.19795221843,31.4607508532423,8943.67576791809,320.351535836177,-49.8566552901024,370.20819112628,138.501706484642,200.0204778157,249.266211604096,16.9897610921502,1204.23549488055,126.703071672355,74.7883959044369,15.5119453924915,364.682593856655,253.525597269625,290.658703071672,279.856655290102,0.108617114960972,0.0529379042219904
5520,34061,0,0,"LASP",37.3198861,-88.9437782,0,15,136.157407407407,137.944444444444,100.342592592593,0.80357899543379,136.428571428571,118.823129251701,31.8061224489796,8852.86054421769,317.142857142857,-50.4353741496599,367.578231292517,136.517006802721,199.608843537415,246.166666666667,16.3367346938776,1206.89795918367,124.97619047619,74.8503401360544,15.2278911564626,363.887755102041,250.408163265306,293.571428571429,282.649659863946,0.110010035643332,0.0524642589766964
5520,34062,0,0,"LASP",37.5997248,-88.5063589,0,15,133.390350877193,141.526315789474,98.0350877192982,0.833684722222222,133.469594594595,121.466216216216,32.5608108108108,8786.9222972973,314.777027027027,-53.1790540540541,367.956081081081,133.206081081081,197.054054054054,241.851351351351,14.0135135135135,1174.78378378378,123.331081081081,73.0304054054054,16.3378378378378,358.074324324324,239.564189189189,290.141891891892,269.452702702703,0.117576848368513,0.0535013439213612
5520,34063,0,0,"LASP",37.0730417,-88.5193033,0,15,139.55701754386,130.105263157895,104.719298245614,0.799347488584475,139.748275862069,120.955172413793,32.7275862068966,8653.43793103448,318.013793103448,-45.7724137931034,363.786206896552,140.08275862069,201.813793103448,246.727586206897,21.9931034482759,1256.86206896552,127.241379310345,78.6827586206897,14.6206896551724,371.413793103448,257.665517241379,296.693103448276,307.906896551724,0.105108739054619,0.0509398960112499
5520,34064,0,0,"LASP",39.0052343,-87.7771751,0,15,120.449074074074,153.444444444444,87.9027777777778,0.807684234234234,120.360927152318,117.907284768212,30.317880794702,9427.43377483444,310.44701986755,-72.2913907284768,382.738410596026,188.887417218543,-7.26490066225166,237.08940397351,-7.26490066225166,1054.29470198675,113.652317880795,59.2880794701987,19.4437086092715,320.440397350993,203.728476821192,293.960264900662,203.728476821192,0.120612713926842,0.0546439864304058
5520,34065,0,0,"LASP",42.1401616,-89.7648861,0,15,84.0046296296296,248.555555555556,74.8518518518518,0.873072839506173,84.1079365079365,117.050793650794,27.847619047619,10378.4444444444,286.025396825397,-127.457142857143,413.48253968254,210.911111111111,-58.152380952381,210.911111111111,-58.152380952381,897.676190476191,109.355555555556,30.6380952380952,35.5746031746032,313.355555555556,111.898412698413,313.355555555556,111.898412698413,0.133016831082431,0.0505760916494922
5520,34068,0,0,"LASP",41.4844552,-89.0833869,0,15,92.8703703703704,215.5,76.6435185185185,0.857055128205128,92.7403846153846,116.314102564103,28.1217948717949,10243.4230769231,290.625,-115.592948717949,406.217948717949,204.195512820513,-47.8333333333333,217.63141025641,-47.8333333333333,919.913461538462,105.189102564103,32.0288461538462,32.0384615384615,306.067307692308,124.625,303.208333333333,124.625,0.131755652007449,0.05222175570953
5520,34069,0,0,"LASP",41.311436,-88.5903464,0,15,95.962962962963,191.722222222222,76.6064814814815,0.842352742616034,95.9093851132686,116.142394822006,28.2912621359223,10145.4498381877,292.343042071197,-110.349514563107,402.692556634304,199.582524271845,-43.1294498381877,219.666666666667,-43.1294498381877,919.456310679612,102.2071197411,34.915857605178,29.2588996763754,300.320388349515,133.757281553398,292.757281553398,133.757281553398,0.130500208116275,0.053070861516654
5520,34072,0,0,"LASP",40.0839936,-89.8249757,0,15,111.441666666667,169.3,77.5125,0.887719702579292,111.442996742671,116.885993485342,29.0097719869707,9936.42671009772,306.28990228013,-90.957654723127,397.247557003257,212.745928338762,-24.6644951140065,232.654723127036,-24.6644951140065,930.557003257329,100.361563517915,39.7068403908795,25.5211726384365,295.403908794788,147.107491856678,282.084690553746,147.107491856678,0.148728503384559,0.0594864340010448
5520,34073,0,0,"LASP",40.2822428,-88.7460735,0,15,107.018518518519,227.111111111111,79.5416666666667,0.855772954822955,107.335526315789,117.480263157895,29.3125,9948.62828947369,300.990131578947,-94.0526315789474,395.042763157895,209.453947368421,-28.5296052631579,228.753289473684,-28.5296052631579,957.105263157895,105.697368421053,42.3684210526316,25.2138157894737,303.480263157895,156.509868421053,291.355263157895,156.509868421053,0.136438864561231,0.0562539796585671
5520,34075,0,0,"LASP",39.3988002,-89.8313118,0,15,117.4125,189.45,79.1708333333333,0.873935374985375,117.457236842105,118.095394736842,29.8453947368421,9626.72368421053,309.828947368421,-80.2467105263158,390.075657894737,188.088815789474,-13.5986842105263,235.572368421053,-13.5986842105263,950.855263157895,105.585526315789,45.0493421052632,22.7105263157895,298.302631578947,162.384868421053,275.328947368421,162.384868421053,0.147549819790347,0.0609810404755211
5520,34076,0,0,"LASP",39.1055838,-88.0246848,0,15,117.99537037037,172.166666666667,85.8888888888889,0.814652888888889,118.573333333333,117.656666666667,30.0633333333333,9498.38333333333,309.426666666667,-75.7433333333333,385.17,199.516666666667,-10.4966666666667,235.863333333333,-10.4966666666667,1034.49666666667,109.363333333333,56.0133333333333,19.4933333333333,313.396666666667,198.116666666667,290.693333333333,198.116666666667,0.123808031783823,0.0553306954500197
5520,34077,0,0,"LASP",39.1467916,-87.6692368,0,15,118.329166666667,163.6,87.0958333333333,0.817351082251082,118.694352159468,117.720930232558,30.1993355481728,9465.80398671096,308.966777408638,-74.6943521594684,383.661129568106,208.235880398671,-9.53820598006645,235.800664451827,-9.53820598006645,1046.41528239203,114.199335548173,58.4053156146179,20.0199335548173,321.627906976744,199.152823920266,297.813953488372,199.152823920266,0.12261023582574,0.0546463200717706
5520,34078,0,0,"LASP",38.320123,-89.7037028,0,15,129.078703703704,144.388888888889,83.8796296296296,0.789646846846847,129.164429530201,118.815436241611,30.738255033557,9264.78523489933,317.006711409396,-63.0436241610738,380.05033557047,151.832214765101,4.14429530201342,244.167785234899,4.14429530201342,1008.65771812081,106.828859060403,53.4161073825503,17.8221476510067,300.909395973154,195.681208053691,271.006711409396,195.681208053691,0.128829786273553,0.0608574768209766
5520,34079,0,0,"LASP",38.0393916,-88.2081104,0,15,131.407407407407,121.833333333333,92.4398148148148,0.811013698630137,131.549152542373,120.04406779661,31.8271186440678,8967.0406779661,316.416949152542,-54.9152542372881,371.332203389831,130.440677966102,171.369491525424,242.396610169492,10.1932203389831,1108.56271186441,121.545762711864,69.3898305084746,18.1152542372881,345.427118644068,226.935593220339,276.694915254237,240.047457627119,0.120433212161861,0.0559367377093858
5520,34081,0,0,"LASP",37.4674888,-88.1644941,0,15,136.166666666667,137.1,99.3791666666667,0.836925675675676,136.456375838926,121.308724832215,32.8422818791946,8686.19798657718,315.694630872483,-49.1577181208054,364.852348993289,136.546979865772,199.288590604027,243.473154362416,18.1979865771812,1197.34899328859,124.55033557047,73.7785234899329,15.9127516778523,361.496644295302,242.879194630872,290.926174496644,282.013422818792,0.11700264577353,0.0534604956254664
5520,34135,0,0,"LASP",39.9258337,-91.3130559,0,15,112.708333333333,194.2,80.0791666666667,0.843250900900901,112.797385620915,113.918300653595,27.9771241830065,10011.9411764706,308.673202614379,-91.2058823529412,399.87908496732,214.90522875817,-24.1699346405229,235.630718954248,-24.1699346405229,961.506535947712,113.444444444444,36.8496732026144,30.7287581699346,319.37908496732,132.637254901961,301.12091503268,132.637254901961,0.136253471673793,0.0578062240337207
5520,34301,0,0,"LASP",42.3972257,-90.2808839,0,15,82.65,261.9,73.725,0.87411038961039,82.5440251572327,114.182389937107,26.8490566037736,10547.751572327,285.254716981132,-131.943396226415,417.198113207547,211.349056603774,-62.2295597484277,211.349056603774,-62.2295597484277,884.361635220126,108.528301886792,29.125786163522,37.7327044025157,314.418238993711,103.654088050314,314.418238993711,103.654088050314,0.13437597804211,0.050822134262296
5520,34304,0,0,"LASP",41.0847167,-90.9006359,0,15,101.395833333333,204.6,75.5541666666667,0.885069231560327,101.525806451613,115.538709677419,27.7806451612903,10297.3677419355,300.712903225806,-107.745161290323,408.458064516129,217.287096774194,-39.358064516129,227.109677419355,-39.358064516129,906.990322580645,107.71935483871,30.4161290322581,34.7612903225806,308.964516129032,113.964516129032,308.116129032258,113.964516129032,0.145365165267988,0.0568903089985503
5520,34305,0,0,"LASP",41.8306867,-89.6694319,0,15,88.7083333333333,225.25,75.9875,0.878912719298246,88.8006329113924,116.525316455696,27.9525316455696,10298.5,288.338607594937,-120.784810126582,409.123417721519,214.414556962025,-52.2246835443038,214.414556962025,-52.2246835443038,912.006329113924,110.943037974684,31.5727848101266,34.4620253164557,314.971518987342,117.518987341772,314.971518987342,117.518987341772,0.134797585846512,0.0514881366022862
5520,34307,0,0,"LASP",40.0179525,-90.9316336,0,15,110.314814814815,199,79.2083333333333,0.860470614035088,110.564935064935,115.029220779221,28.3019480519481,9965.72727272727,306.025974025974,-93.1720779220779,399.198051948052,212.503246753247,-25.6428571428571,232.50974025974,-25.6428571428571,950.746753246753,111.022727272727,36.3571428571429,30.4318181818182,315.405844155844,131.256493506494,297.038961038961,131.256493506494,0.139931347175088,0.0577876734396093
5520,34308,0,0,"LASP",40.2639127,-89.1297627,0,15,108.701754385965,210.631578947368,79.5701754385965,0.867989777777778,108.8,118.337704918033,29.4098360655738,9943.0393442623,303.832786885246,-92.7245901639344,396.55737704918,210.822950819672,-26.9180327868852,230.360655737705,-26.9180327868852,954.675409836066,104.137704918033,41.5016393442623,25.5737704918033,303.291803278689,154.649180327869,288.983606557377,154.649180327869,0.1399446491782,0.0570275131589308
5520,34309,0,0,"LASP",40.7542777,-88.8718234,0,15,102.804166666667,221.45,77.1833333333333,0.855549561403509,102.747540983607,116.855737704918,28.9803278688525,10064.1344262295,298.567213114754,-100.64262295082,399.209836065574,206.062295081967,-34.9770491803279,225.685245901639,-34.9770491803279,924.826229508197,102.393442622951,37.7311475409836,27.3606557377049,298.662295081967,142.311475409836,285.632786885246,142.311475409836,0.137771929147339,0.0561143896875718
5520,34310,0,0,"LASP",40.0813067,-87.5396719,0,15,106.658333333333,202.7,83.1291666666667,0.846968421052632,106.760655737705,116.508196721311,29.6524590163934,9635.56065573771,297.416393442623,-88.6983606557377,386.114754098361,205.547540983607,-23.7770491803279,224.95737704918,-24.255737704918,998.524590163934,111.511475409836,49.3377049180328,23.383606557377,319.898360655738,175.950819672131,310.475409836066,175.950819672131,0.127864328514308,0.0532655519938555
5520,34311,0,0,"LASP",39.9614287,-91.3007819,0,15,111.890350877193,193.315789473684,80.0043859649123,0.84275,112.248344370861,113.725165562914,27.8940397350993,10030.3675496689,308.245033112583,-92.0827814569536,400.327814569536,214.579470198675,-25.0066225165563,235.284768211921,-25.0066225165563,960.360927152318,113.629139072848,36.6655629139073,30.9735099337748,319.559602649007,131.837748344371,301.423841059603,131.837748344371,0.135915799876877,0.0576168181706351
5520,34313,0,0,"LASP",39.8529571,-89.0850451,0,15,113.212962962963,195.388888888889,80.4166666666667,0.861055605505606,113.388157894737,119.953947368421,29.9868421052632,9776.05592105263,307.210526315789,-85.9934210526316,393.203947368421,213.582236842105,-20.0098684210526,232.746710526316,-20.0098684210526,965.240131578947,103.766447368421,45.8651315789474,23.4276315789474,304.572368421053,163.911184210526,290.967105263158,163.911184210526,0.139814877251474,0.0581259010991153
5520,34314,0,0,"LASP",39.9526337,-88.6689458,0,15,110.504166666667,212.75,81.4375,0.853176825396825,111.144736842105,118.572368421053,29.7434210526316,9817.48355263158,304.154605263158,-88.2796052631579,392.434210526316,211.983552631579,-22.8092105263158,230.907894736842,-22.8092105263158,980.963815789474,108.019736842105,47.2401315789474,23.3486842105263,309.171052631579,168.325657894737,297.516447368421,168.325657894737,0.134749205362993,0.0562919908990738
5520,34315,0,0,"LASP",39.4014967,-87.706176,0,15,115.478070175439,181.578947368421,85.7017543859649,0.836111261261261,115.508250825083,117.105610561056,29.960396039604,9545.0495049505,306.036303630363,-78.9207920792079,384.957095709571,213.640264026403,-13.963696369637,233.23102310231,-13.963696369637,1028.33333333333,113.333333333333,56.2673267326733,20.6006600660066,320.366336633663,192.620462046205,301.607260726073,192.620462046205,0.126942209085136,0.0548114860786658
5520,34317,0,0,"LASP",38.4982149,-88.8800235,0,15,124.828703703704,152,87.0416666666667,0.793427631578947,124.833887043189,119.747508305648,30.9501661129568,9245.95681063123,313.431893687708,-67.5448504983389,380.976744186047,136.538205980066,-0.903654485049834,238.946843853821,-0.903654485049834,1044.58471760797,110.059800664452,56.5049833887043,18.8239202657807,316.524916943522,208.099667774086,273.461794019934,208.099667774086,0.122044500532282,0.0568790820726383
5520,34318,0,0,"LASP",37.8620527,-89.0775209,0,15,129.310185185185,142.555555555556,93.037037037037,0.804686222222222,129.367003367003,121.639730639731,31.8888888888889,9024.75420875421,314.737373737374,-61.2020202020202,375.939393939394,129.057239057239,94.020202020202,240.902356902357,6.75757575757576,1116.20875420875,116.538720538721,68.4074074074074,16.6329966329966,337.811447811448,234.070707070707,283.750841750842,239.319865319865,0.117388439985612,0.0547093119304534
5520,34319,0,0,"LASP",37.2950124,-88.9472487,0,15,136.685185185185,133.888888888889,100.643518518519,0.803013777777778,136.868686868687,118.693602693603,31.7878787878788,8850.95286195286,317.525252525253,-49.9057239057239,367.430976430976,136.976430976431,199.976430976431,246.602693602694,16.8114478114478,1209.28282828283,125.175084175084,74.9461279461279,15.1952861952862,364.424242424242,250.774410774411,293.548821548822,283.929292929293,0.109799390889963,0.0524604623672335
5520,35002,0,0,"LASP",41.3297597,-87.2001879,0,15,96.375,209.05,80.4916666666667,0.836868859649123,96.3974358974359,113.560897435897,28.7019230769231,9757.71153846154,289.625,-100.137820512821,389.76282051282,177.964743589744,-36.4583333333333,216.214743589744,-36.5096153846154,965.38141025641,106.74358974359,40.5096153846154,25.7083333333333,305.554487179487,153.195512820513,300.903846153846,153.195512820513,0.123859502599428,0.0508732703386823
5520,35003,0,0,"LASP",41.7272707,-86.2170269,0,15,94.5291666666667,237.3,80.7833333333333,0.845102073365231,94.4217252396166,108.348242811502,28.1182108626198,9592.99041533546,285.977635782748,-92.3099041533546,378.287539936102,198.281150159744,-23.8178913738019,213.178913738019,-34.8849840255591,969.607028753994,101.856230031949,46.4408945686901,20.4025559105431,288.041533546326,169.837060702875,286.309904153355,174.242811501597,0.124198350836066,0.0502757665301906
5520,35004,0,0,"LASP",41.2735266,-86.6205339,0,15,96.8416666666667,223.4,81.2125,0.848424675324675,96.8701298701299,114.571428571429,29.1590909090909,9664.21753246753,290.918831168831,-96.525974025974,387.444805194805,202.363636363636,-32.1103896103896,215.944805194805,-34.2077922077922,974.003246753247,107.844155844156,45.2954545454545,23.3993506493506,304.441558441558,164.275974025974,303.045454545455,164.392857142857,0.125503029223948,0.0508971016948966
5520,35005,0,0,"LASP",41.0254887,-86.2808379,0,15,96.640350877193,234.263157894737,80.9517543859649,0.834763247863248,96.7161290322581,116.196774193548,29.5225806451613,9644.54516129032,290.829032258065,-96.7032258064516,387.532258064516,191.077419354839,-32.1838709677419,215.4,-34.2290322580645,970.474193548387,106.496774193548,46.0225806451613,23.2064516129032,305.790322580645,165.167741935484,299.516129032258,165.225806451613,0.123542591179287,0.0509493638199299
5520,35006,0,0,"LASP",41.7259077,-85.6760109,0,15,90.3114035087719,264.263157894737,78.0745614035088,0.827573333333333,90.2088607594937,111.503164556962,28.7373417721519,9644.9335443038,284.753164556962,-98.1930379746835,382.946202531646,198.901898734177,-31.5759493670886,209.512658227848,-39.9145569620253,935.177215189873,98.8512658227848,43.6360759493671,22.3386075949367,285.231012658228,158.537974683544,284.477848101266,160.142405063291,0.123420316394643,0.0504991801015158
5520,35007,0,0,"LASP",41.0188097,-85.4900279,0,15,95.275,254.55,79.4791666666667,0.7819425,95.1322580645161,114.974193548387,29.3645161290323,9608.32903225807,289.541935483871,-94.7741935483871,384.316129032258,190.206451612903,-32.8516129032258,213.977419354839,-34.6903225806452,953.203225806452,102.687096774194,47.1645161290323,21.8096774193548,299.170967741935,167.71935483871,289.193548387097,167.783870967742,0.115617003799314,0.0507433302929683
5520,35008,0,0,"LASP",41.1015477,-85.8354799,0,15,94.4125,254.3,81.1041666666667,0.817760337552743,94.3725490196078,115.137254901961,29.3790849673203,9618.48692810458,288.225490196078,-96.9313725490196,385.156862745098,181.058823529412,-35.7712418300654,212.872549019608,-36.0359477124183,974.179738562092,106.369281045752,46.5326797385621,22.8398692810458,306.366013071895,165.346405228758,296.483660130719,165.346405228758,0.118881377373612,0.0498219653445428
5520,35009,0,0,"LASP",41.6024567,-84.9394079,0,15,88.3083333333333,287.4,75.1375,0.797177777777778,88.5031847133758,114.382165605096,29.4777070063694,9549.60191082803,282.942675159236,-98.7197452229299,381.662420382166,188.917197452229,-32.6974522292994,206.656050955414,-40.0987261146497,901.21974522293,95.9299363057325,43.9745222929936,22.1974522292994,280.407643312102,157.254777070064,275.863057324841,157.630573248408,0.121698955435861,0.0514653229983391
5520,35010,0,0,"LASP",40.6790779,-87.3633993,0,15,99.6458333333333,213.9,80,0.833978078078078,99.5097402597403,115.487012987013,29.0162337662338,9829.68831168831,292.964285714286,-99.6298701298701,392.594155844156,197.847402597403,-34.8214285714286,219.762987012987,-34.8214285714286,960.818181818182,105.814935064935,42.1103896103896,25.6071428571429,309.737012987013,154.834415584416,301.412337662338,154.834415584416,0.126045562333251,0.0523560242634403
5520,35011,0,0,"LASP",40.4076491,-87.0361216,0,15,101.9625,217.6,80.9666666666667,0.839571216374269,102.107843137255,116.349673202614,29.4607843137255,9658.66993464052,294.532679738562,-94.0718954248366,388.604575163399,201.09477124183,-29.6503267973856,220.300653594771,-29.6503267973856,971.411764705882,104.921568627451,45.5359477124183,23.859477124183,308.990196078431,166.980392156863,304.107843137255,166.980392156863,0.127448947447346,0.0529336651805157
5520,35012,0,0,"LASP",40.7078507,-86.8139639,0,15,100.35,211.65,79.575,0.828987878787879,100.045602605863,116.970684039088,29.6026058631922,9686.91205211726,294.058631921824,-96.1661237785016,390.224755700326,198.342019543974,-30.8110749185668,218.876221498371,-31.8045602605863,953.899022801303,103.869706840391,44.6123778501629,23.6644951140065,301.954397394137,162.560260586319,298.29315960912,162.579804560261,0.126334197005104,0.0528585527258022
5520,35013,0,0,"LASP",40.5842651,-86.1842198,0,15,99.4333333333333,241.15,80.9,0.810660888888889,99.3355048859935,115.612377850163,29.4755700325733,9633.41042345277,290.71009771987,-94.6840390879479,385.394136807818,198.016286644951,-25.2214983713355,217.410423452769,-31.8534201954397,970.335504885993,104.957654723127,49.3811074918567,21.3224755700326,301.097719869707,176.478827361564,294.899022801303,176.615635179153,0.120894508990771,0.0517264687932546
5520,35014,0,0,"LASP",40.1495187,-86.6959256,0,15,103.7125,252.25,83.7541666666667,0.830489473684211,103.912337662338,117.262987012987,30.0746753246753,9499.47077922078,295.165584415584,-88.3409090909091,383.506493506493,201.311688311688,-25.275974025974,220.353896103896,-25.275974025974,1007.92532467532,108.097402597403,52.1103896103896,21.4642857142857,315.746753246753,184.438311688312,308.454545454545,184.438311688312,0.122728644447507,0.0518875772560402
5520,35015,0,0,"LASP",40.2183267,-86.0561139,0,15,102.592592592593,264.444444444444,83.0601851851852,0.781366666666667,102.234527687296,114.319218241042,29.4039087947883,9552.27035830619,292.022801302932,-90.1107491856678,382.133550488599,200,-25.5667752442997,219.446254071661,-27.8599348534202,994.302931596091,108.540716612378,53.814332247557,20.1530944625407,305.325732899023,186.420195439739,296.817589576547,186.469055374593,0.114816927035679,0.0514132039395719
5520,35016,0,0,"LASP",40.0330447,-85.5449749,0,15,102.030701754386,289.368421052632,83.5087719298246,0.797264502164502,101.980263157895,113.661184210526,29.5953947368421,9422.90131578947,290.457236842105,-87.8717105263158,378.328947368421,198.453947368421,-26.0921052631579,218.052631578947,-26.0921052631579,1002.30592105263,109.059210526316,55.4177631578947,20.4144736842105,310.835526315789,188.029605263158,295.615131578947,188.029605263158,0.116989421570599,0.0513504264562582
5520,35017,0,0,"LASP",40.1346197,-85.3574209,0,15,99.5666666666667,299.95,81.525,0.796854545454545,99.8701298701299,113.461038961039,29.5097402597403,9439.51948051948,288.558441558442,-90.198051948052,378.756493506493,196.50974025974,-28.5324675324675,216.064935064935,-28.5324675324675,983.159090909091,105.737012987013,53.1720779220779,20.7564935064935,305.944805194805,182.071428571429,292.792207792208,182.071428571429,0.118302537077688,0.0516514722432038
5520,35018,0,0,"LASP",40.5079491,-85.84451,0,15,98.7416666666667,256.65,80.9458333333333,0.788986403508772,98.6732026143791,114.352941176471,29.3169934640523,9586.8660130719,289.395424836601,-93.5098039215686,382.90522875817,196.712418300654,-27.3758169934641,216.483660130719,-31.7679738562091,971.882352941176,105.225490196078,50.7516339869281,20.718954248366,300.444444444444,179.287581699346,293.186274509804,179.369281045752,0.116688633077588,0.051243946722208
5520,35019,0,0,"LASP",40.8532797,-85.9044039,0,15,96.1342592592593,246,80.9351851851852,0.807149367088608,96.1935483870968,115.687096774194,29.5935483870968,9607.32903225807,288.925806451613,-95.8741935483871,384.8,191.590322580645,-30.9258064516129,214.409677419355,-34.2193548387097,970.467741935484,105.18064516129,47.7129032258064,22.0774193548387,304.770967741935,170.874193548387,295.141935483871,170.948387096774,0.118387778089367,0.0504930847548655
5520,35020,0,0,"LASP",40.7030618,-84.8534885,0,15,99.3666666666667,258.7,75.6916666666667,0.761358974358974,99.3311688311688,114.516233766234,29.1525974025974,9618.06168831169,292.545454545455,-91.301948051948,383.847402597403,198.311688311688,-30.5909090909091,218.175324675325,-30.6396103896104,906.425324675325,95.775974025974,47.4772727272727,20.974025974026,283.581168831169,165.714285714286,273.152597402597,165.714285714286,0.120595805509606,0.0547626255441079
5520,35021,0,0,"LASP",39.3319867,-87.3743359,0,15,116.041666666667,172.333333333333,87.5416666666667,0.828855701754386,116.095709570957,118.455445544554,30.4455445544554,9443.15511551155,305.534653465347,-77.4785478547855,383.013201320132,212.940594059406,-12.03300330033,232.541254125413,-12.03300330033,1050.83498349835,117.504950495049,58.4191419141914,20.8712871287129,330.217821782178,197.792079207921,308.13201320132,197.792079207921,0.122706121739741,0.0535820830660607
5520,35022,0,0,"LASP",39.5330205,-87.1438756,0,15,113.179166666667,196.55,88.3875,0.854847619047619,112.769736842105,118.980263157895,30.7368421052632,9392.42105263158,301.934210526316,-79.2631578947368,381.197368421053,208.986842105263,-14.6513157894737,228.378289473684,-14.6513157894737,1061.02960526316,118.845394736842,58.7434210526316,20.9309210526316,335.677631578947,199.819078947368,316.819078947368,199.819078947368,0.124623211240619,0.0522897718159354
5520,35023,0,0,"LASP",39.0791429,-86.3429849,0,15,116.341666666667,219.5,91.9375,0.8618063771518,116.607973421927,120.607973421927,32.1760797342193,8966.16611295681,300.508305647841,-68.0897009966777,368.598006644518,208.664451827243,42.4518272425249,227.747508305648,-4.0265780730897,1102.43189368771,120.53488372093,67.9036544850498,17.7541528239203,334.940199335548,227.611295681063,308.78073089701,229.232558139535,0.123342794711654,0.051894217569804
5520,35024,0,0,"LASP",39.6400767,-86.2882699,0,15,109.893518518519,245.166666666667,86.5925925925926,0.795566648876238,110.221122112211,115.907590759076,30.4290429042904,9321.81518151815,297.293729372937,-78.5973597359736,375.891089108911,206.03300330033,-15.7524752475248,225.392739273927,-15.7524752475248,1041.75247524752,115.475247524752,61.2673267326733,19.3168316831683,322.382838283828,204.039603960396,303.059405940594,204.039603960396,0.115751307031988,0.0520039013372419
5520,35025,0,0,"LASP",39.9080857,-86.5765829,0,15,106.754385964912,260,86.5526315789474,0.805966228070175,106.496710526316,117.026315789474,30.3815789473684,9393.90460526316,296.0625,-83.2763157894737,379.338815789474,202.914473684211,-20.8684210526316,222.003289473684,-20.8684210526316,1036.17105263158,112.848684210526,57.1348684210526,20.1907894736842,323.671052631579,195.569078947368,311.131578947368,195.569078947368,0.116360054450907,0.0511288200296169
5520,35026,0,0,"LASP",39.2638847,-86.7031329,0,15,114.670634920635,215.190476190476,91.1785714285714,0.86140045045045,114.674418604651,119.106312292359,31.2524916943522,9171.57475083056,300.531561461794,-74.3787375415282,374.910299003322,208.541528239203,-9.72425249169435,227.803986710963,-9.72425249169435,1093.54817275748,121.172757475083,63.6112956810631,19.6345514950166,339.983388704319,214.066445182724,316.299003322259,214.066445182724,0.123125053773565,0.0515610321094682
5520,35027,0,0,"LASP",39.0836543,-85.9287299,0,15,117.574561403509,214.526315789474,90.6228070175439,0.852939392109501,117.740863787375,121.102990033223,32.421926910299,8938.59800664452,301.744186046512,-65.9468438538206,367.691029900332,185.554817275747,87.9501661129568,228.797342192691,-2.03654485049834,1087.58471760797,119.073089700997,68.063122923588,17.1063122923588,327.029900332226,229.601328903654,298.63122923588,233.079734219269,0.124283753040082,0.0529864975877221
5520,35028,0,0,"LASP",39.6847217,-85.4688349,0,15,105.899122807018,287.578947368421,86.7543859649123,0.809469844748859,105.597359735974,117.828382838284,30.8316831683168,9224.13531353135,293.613861386139,-82.5181518151815,376.13201320132,200.089108910891,-19.3894389438944,219.438943894389,-19.3894389438944,1039.52475247525,116.528052805281,60.4686468646865,20.2442244224422,324.534653465347,200.993399339934,299.772277227723,200.993399339934,0.116589185501805,0.050922078148254
5520,35029,0,0,"LASP",39.4677041,-85.4421615,0,15,108.99537037037,280.5,88.1435185185185,0.813768808080808,109.313531353135,119.749174917492,31.4455445544554,9119.16171617162,296.640264026403,-77.9372937293729,374.577557755776,197.188118811881,-10.2310231023102,222.112211221122,-13.9372937293729,1056.82508250825,118.686468646865,63.5643564356436,19.4059405940594,326.254125412541,210.742574257426,299.125412541254,210.808580858086,0.11726619152277,0.0514375621211594
5520,35030,0,0,"LASP",39.5621707,-85.7760939,0,15,110.201754385965,256.631578947368,87,0.802670666666667,110.153094462541,116.791530944625,30.6840390879479,9254.38436482085,296.931596091205,-77.9055374592834,374.837133550489,205.055374592834,-1.25407166123779,224.71335504886,-14.6677524429967,1042.82084690554,117.355048859935,61.9218241042345,19.5537459283388,322.530944625407,206.736156351792,297.358306188925,207.231270358306,0.117079145799355,0.0521333047989037
5520,35031,0,0,"LASP",39.493804,-84.9764184,0,15,107.870833333333,285,87.4916666666667,0.81658596651446,108.062295081967,121.72131147541,31.8459016393443,9067.4,296.891803278689,-78.927868852459,375.819672131148,192.337704918033,-14.6196721311475,220.318032786885,-14.6196721311475,1049.6,117.275409836066,63.7803278688525,18.7704918032787,321.593442622951,210.196721311475,294.855737704918,210.196721311475,0.118027623456404,0.0514177340933388
5520,35032,0,0,"LASP",38.6841567,-87.1287007,0,15,123.850877192982,154.210526315789,93.4210526315789,0.820307627627628,123.62582781457,120.827814569536,31.7384105960265,9137.0298013245,309.781456953642,-65.4337748344371,375.215231788079,188.281456953642,-0.0165562913907285,236.841059602649,-0.0165562913907285,1121.09271523179,124.937086092715,68.0099337748344,18.953642384106,342.572847682119,224.695364238411,309.711920529801,224.695364238411,0.116303733238212,0.0524347593652969
5520,35033,0,0,"LASP",38.5758877,-87.1850279,0,15,124.895833333333,149.2,93.6,0.814158929834716,124.993311036789,120.652173913043,31.7257525083612,9118.38461538462,310.722408026756,-63.7224080267559,374.444816053512,169.581939799331,2.2742474916388,238.060200668896,1.64548494983278,1125.27424749164,124.872909698997,69.4715719063545,18.5150501672241,342.822742474916,228.020066889632,306.615384615385,228.020066889632,0.115406578638449,0.0526169798306254
5520,35034,0,0,"LASP",38.0976637,-87.3919892,0,15,130.850877192982,132.631578947368,94.2412280701754,0.80688954954955,131.023648648649,119.986486486486,31.847972972973,8992.2804054054,314.253378378378,-56.3040540540541,370.557432432432,129.635135135135,139.385135135135,242.608108108108,9.40202702702703,1132.27702702703,121.915540540541,72.0912162162162,16.8817567567568,347.219594594595,237.179054054054,288.246621621622,244.689189189189,0.116532832559355,0.0544106900157298
5520,35036,0,0,"LASP",38.4150437,-86.8202889,0,15,124.548245614035,174.526315789474,96.3464912280702,0.842224496779388,124.464882943144,122.729096989967,32.6354515050167,8928.48494983278,307.71237458194,-62.6354515050167,370.347826086957,153.016722408027,24.4515050167224,235.220735785953,3.7056856187291,1156.04347826087,122.926421404682,73.0133779264214,17.1404682274247,347.224080267559,239.551839464883,314.872909698997,240.023411371237,0.116698474451164,0.0513797539178517
5520,35037,0,0,"LASP",38.9190517,-86.1929939,0,15,118.208333333333,212.45,92.9458333333333,0.850713877934272,118.392739273927,122.663366336634,32.970297029703,8860.68316831683,302.003300330033,-64.5610561056106,366.564356435644,192.178217821782,93.6831683168317,228.534653465347,-0.33003300330033,1114.26732673267,120.336633663366,69.6567656765677,16.9009900990099,334.937293729373,233.80198019802,307.745874587459,238.425742574257,0.120693961993981,0.0517366500020397
5520,35038,0,0,"LASP",38.6631267,-85.9410399,0,15,121.462962962963,210,94.4537037037037,0.833453257444209,121.665551839465,123.628762541806,33.4280936454849,8768.45819397993,304.56856187291,-59.7391304347826,364.307692307692,144.481605351171,165.257525083612,231.023411371237,4.55183946488294,1134.01337792642,119.698996655518,70.5752508361204,16.1003344481605,337.926421404682,238.94983277592,307.361204013378,249.682274247492,0.116981205571148,0.0517021311633241
5520,35039,0,0,"LASP",38.2672943,-86.1463592,0,15,125.552631578947,206.105263157895,96.7719298245614,0.82540706956957,125.391891891892,121.905405405405,33.125,8741.28378378378,306.02027027027,-55.9358108108108,361.956081081081,122.243243243243,182.408783783784,234.52027027027,8.60472972972973,1162.17905405405,118.260135135135,70.4324324324324,15.2128378378378,342.418918918919,244.307432432432,309.239864864865,262.756756756757,0.114167255702442,0.0515036841879336
5520,35040,0,0,"LASP",38.7795826,-85.0940693,0,15,120.060185185185,237.444444444444,92.9490740740741,0.844094298245614,120.388704318937,122.408637873754,32.953488372093,8776.70431893688,302.813953488372,-62.9169435215947,365.730897009967,117.225913621262,48.0265780730897,229.46511627907,2.38538205980066,1118.91362126246,118.604651162791,72.9900332225914,16.21926910299,335.538205980066,237.033222591362,303.578073089701,237.887043189369,0.120659027541484,0.0524414509697745
5520,35041,0,0,"LASP",38.6347156,-85.7471699,0,15,122.648148148148,210.444444444444,94.5277777777778,0.82154784984985,122.727574750831,123.322259136213,33.4086378737542,8753.35215946844,305.279069767442,-58.4485049833887,363.727574750831,131.770764119601,167.461794019934,231.90365448505,5.75083056478405,1134.3488372093,120.036544850498,70.953488372093,16.1627906976744,338.720930232558,239.186046511628,306.265780730897,249.355481727575,0.115475093631207,0.051945802456583
5520,35042,0,0,"LASP",37.9911389,-87.4410458,0,15,132.476851851852,128.277777777778,94.4583333333333,0.807832768899036,132.572390572391,120.030303030303,31.993265993266,8937.24579124579,314.949494949495,-54.1481481481481,369.097643097643,131.353535353535,174.969696969697,243.414141414141,11.6329966329966,1134.14478114478,121.228956228956,71.952861952862,16.5757575757576,347.885521885522,237.343434343434,284.316498316498,249.582491582492,0.117315480902857,0.0549162039722849
5520,35103,0,0,"LASP",41.6368887,-86.3655159,0,15,95.4083333333333,232.55,81.3708333333333,0.851742917420133,95.7813504823151,108.617363344051,28.1189710610932,9613.04180064309,287.093247588424,-92.2090032154341,379.302250803858,199.353697749196,-23.7909967845659,214.717041800643,-33.8971061093248,979.093247588424,103.72347266881,47.2057877813505,20.6527331189711,293.147909967846,171.64308681672,292.192926045016,174.749196141479,0.124943249940817,0.0503413861316454
5520,35108,0,0,"LASP",41.1013504,-85.8354611,0,15,94.4125,254.3,81.1041666666667,0.817760337552743,94.3725490196078,115.137254901961,29.3790849673203,9618.48692810458,288.225490196078,-96.9313725490196,385.156862745098,181.058823529412,-35.7712418300654,212.872549019608,-36.0359477124183,974.179738562092,106.369281045752,46.5326797385621,22.8398692810458,306.366013071895,165.346405228758,296.483660130719,165.346405228758,0.118881377373612,0.0498219653445428
5520,35115,0,0,"LASP",40.2178547,-86.0560979,0,15,102.592592592593,264.444444444444,83.0601851851852,0.781366666666667,102.234527687296,114.319218241042,29.4039087947883,9552.27035830619,292.022801302932,-90.1107491856678,382.133550488599,200,-25.5667752442997,219.446254071661,-27.8599348534202,994.302931596091,108.540716612378,53.814332247557,20.1530944625407,305.325732899023,186.420195439739,296.817589576547,186.469055374593,0.114816927035679,0.0514132039395719
5520,35117,0,0,"LASP",40.1346467,-85.3574289,0,15,99.5666666666667,299.95,81.525,0.796854545454545,99.8701298701299,113.461038961039,29.5097402597403,9439.51948051948,288.558441558442,-90.198051948052,378.756493506493,196.50974025974,-28.5324675324675,216.064935064935,-28.5324675324675,983.159090909091,105.737012987013,53.1720779220779,20.7564935064935,305.944805194805,182.071428571429,292.792207792208,182.071428571429,0.118302537077688,0.0516514722432038
5520,35303,0,0,"LASP",41.750602,-85.4765733,0,15,89.0375,273.6,76.7916666666667,0.825916666666667,89.1410256410256,111.983974358974,28.8878205128205,9638.66025641026,283.852564102564,-98.9839743589744,382.836538461538,201.817307692308,-32.5961538461538,208.435897435897,-40.7916666666667,921.714743589744,97.6282051282051,42.9711538461538,22.7852564102564,283.689102564103,155.964743589744,283.125,156.766025641026,0.124437233398582,0.0508693321342449
5520,35305,0,0,"LASP",40.9699502,-87.0748779,0,15,97.6481481481482,209.055555555556,79.9768518518518,0.831453164556962,97.6666666666667,117.194174757282,29.5080906148867,9746.39482200647,292.401294498382,-99.7378640776699,392.139158576052,185.686084142395,-35.1165048543689,217.275080906149,-35.1165048543689,959.974110032362,106.928802588997,42.2071197411003,25.1359223300971,306.640776699029,155.974110032362,301.05501618123,155.974110032362,0.124381434178379,0.0515864045002039
5520,35306,0,0,"LASP",40.1985767,-86.4502189,0,15,103.258771929825,260.684210526316,83.2894736842105,0.805077777777778,103.344262295082,116.249180327869,29.8262295081967,9538.01639344262,294.281967213115,-89.2459016393443,383.527868852459,201.203278688525,-25.344262295082,220.24262295082,-26.4590163934426,1000.46229508197,107.868852459016,52.8819672131148,20.7967213114754,310.632786885246,185.239344262295,303.285245901639,185.245901639344,0.11886316977822,0.0518041444457666
5520,35308,0,0,"LASP",40.8100197,-84.9562309,0,15,98.4791666666667,248.4,75.5833333333333,0.759361471861472,98.6363636363636,114.717532467532,29.1818181818182,9626.69155844156,292.730519480519,-91.6136363636364,384.344155844156,197.707792207792,-29.7694805194805,217.756493506494,-31.288961038961,906.633116883117,96.0681818181818,46.9707792207792,20.9805194805195,283.853896103896,165.314935064935,273.392857142857,165.363636363636,0.119548497021241,0.0543238509914451
5520,35309,0,0,"LASP",39.9820787,-87.3561447,0,15,107.033333333333,206.65,84.875,0.858763596491228,107.424836601307,118.153594771242,30.1699346405229,9543.29411764706,298.274509803922,-86.797385620915,385.071895424837,205.222222222222,-21.7908496732026,224.532679738562,-22.2679738562091,1019.82352941176,112.679738562092,51.6993464052288,22.5326797385621,324.633986928105,184.575163398693,314.529411764706,184.575163398693,0.127732925964558,0.0525635403431882
5520,35310,0,0,"LASP",39.9455667,-86.3794639,0,15,105.754385964912,265.578947368421,85.2412280701754,0.772621645021645,106.167763157895,115.851973684211,30.0723684210526,9442.37171052631,295.496710526316,-84.4078947368421,379.904605263158,203.0625,-21.9440789473684,222.269736842105,-21.9440789473684,1023.51973684211,112.292763157895,56.8486842105263,20.0394736842105,317.996710526316,193.855263157895,305.578947368421,193.855263157895,0.112022230823766,0.0512815480777181
5520,35311,0,0,"LASP",39.9464269,-85.0906911,0,15,99.7037037037037,322.5,83.0925925925926,0.813245541695542,100.158415841584,117.16501650165,30.5544554455446,9287.78547854785,289.19801980198,-88.8151815181518,378.013201320132,195.118811881188,-26.0858085808581,214.521452145215,-26.0858085808581,1001.19471947195,110.029702970297,55.6303630363036,20.7986798679868,314.042904290429,188.772277227723,293.63696369637,188.772277227723,0.119599646756339,0.0512453791353774
5520,35312,0,0,"LASP",39.6830387,-84.8521349,0,15,105.216666666667,295.55,85.425,0.818071240740741,104.676470588235,120.549019607843,31.4640522875817,9149.30392156863,294.052287581699,-83.2352941176471,377.287581699346,197.274509803922,-19.3137254901961,217.692810457516,-19.3137254901961,1024.57843137255,114.833333333333,60.5326797385621,19.4084967320261,316.552287581699,201.437908496732,290.816993464052,201.437908496732,0.119666887401702,0.0515583650815405
5520,35313,0,0,"LASP",39.125475,-87.0543672,0,15,117.513888888889,180.944444444444,90.7638888888889,0.832305194805195,117.581395348837,119.554817275748,31.093023255814,9270.79734219269,304.883720930233,-73.9900332225914,378.873754152824,212.382059800664,-8.31893687707641,231.946843853821,-8.31893687707641,1091.81727574751,122.415282392027,61.8471760797342,20.5049833887043,341.544850498339,210.02657807309,314.833887043189,210.02657807309,0.119076992135593,0.0520594128171997
5520,35314,0,0,"LASP",38.7671667,-86.5484989,0,15,119.302631578947,205.526315789474,94.9605263157895,0.851784,119.387417218543,123.387417218543,32.9602649006623,8894.31125827815,303.384105960265,-65.7251655629139,369.109271523179,191.771523178808,43.0860927152318,229.778145695364,-0.360927152317881,1140.95033112583,122.953642384106,70.7814569536424,17.6059602649007,345.006622516556,235.05298013245,318.039735099338,236.827814569536,0.11789315959701,0.0506433584176837
5520,35315,0,0,"LASP",38.9509067,-85.1623379,0,15,117.483333333333,249.2,91.6791666666667,0.844708771929825,118.294314381271,121.993311036789,32.5919732441472,8855.36120401338,302.127090301003,-66.0267558528428,368.153846153846,128.608695652174,26.6254180602007,228.327759197324,-0.919732441471572,1105.65886287625,118.167224080268,71.866220735786,16.5384615384615,331.454849498328,232.605351170569,301.692307692308,232.969899665552,0.121454266951761,0.0524577126854586
5520,35316,0,0,"LASP",37.9142237,-87.6297459,0,15,133.895833333333,125.1,94.4541666666667,0.812690812865497,134.053872053872,119.511784511785,31.9494949494949,8901.78451178451,315.976430976431,-51.8249158249158,367.801346801347,133.070707070707,198.23569023569,244.30303030303,13.5319865319865,1131.83838383838,121.673400673401,71.6464646464647,16.7811447811448,348.377104377104,234.461279461279,280.666666666667,251.579124579125,0.119334825099043,0.0557090088444272
5520,35410,0,0,"LASP",39.9443431,-86.4873841,0,15,105.425438596491,264.842105263158,85.4254385964912,0.788761038961039,106.104575163399,116.480392156863,30.2222222222222,9423.20588235294,295.679738562092,-84.1633986928105,379.843137254902,202.807189542484,-21.7222222222222,221.928104575163,-21.7222222222222,1028.09477124183,112.186274509804,56.6993464052288,20.1535947712418,320.261437908497,194.098039215686,308.258169934641,194.098039215686,0.114205061240438,0.0512230907974329
5520,36003,0,0,"LASP",40.8887105,-93.1717427,0,15,98.9473684210526,301.736842105263,77.6008771929825,0.843674583333333,98.7752442996743,120.442996742671,28.1530944625407,10418.4071661238,303.801302931596,-116.609120521173,420.410423452769,205.400651465798,-44.2703583061889,226.231270358306,-44.2703583061889,933.469055374593,113.4332247557,31.3941368078176,38.5830618892508,331.195439739414,104.840390879479,324.807817589577,104.840390879479,0.133280851596954,0.0546364137203242
5520,36004,0,0,"LASP",40.5712567,-94.6426839,0,15,102.708333333333,339.05,73.8166666666667,0.833610222222222,102.948553054662,124.096463022508,29.0900321543408,10309.8553054662,308.112540192926,-111.167202572347,419.279742765273,214.604501607717,-38.1221864951768,229.733118971061,-38.1221864951768,885.659163987138,112.581993569132,21.0900321543408,47.3536977491961,333.186495176849,75.5016077170418,331.668810289389,75.5016077170418,0.142050163093463,0.0595417082545868
5520,36005,0,0,"LASP",40.6203037,-95.1210189,0,15,102.254385964912,330.263157894737,72.719298245614,0.851105,102.516233766234,125.948051948052,29.1201298701299,10457.2142857143,309.24025974026,-115.522727272727,424.762987012987,216.454545454545,-40.6233766233766,230.957792207792,-40.6233766233766,872.155844155844,113.077922077922,20.3538961038961,48.4935064935065,333.853896103896,72.9772727272727,332.694805194805,72.9772727272727,0.14732500987935,0.0603562750268878
5520,36006,0,0,"LASP",41.9751747,-90.2964159,0,15,88.1041666666667,223.75,74.4958333333333,0.870140598290598,88.6687898089172,114.130573248408,27.0445859872611,10505.7929936306,289.678343949045,-124.585987261146,414.264331210191,216.914012738854,-55.6050955414013,216.914012738854,-55.6050955414013,894.117834394904,110.09872611465,29.3789808917197,36.4522292993631,316.729299363057,110.31847133758,316.729299363057,110.31847133758,0.135479925330881,0.0522696186153475
5520,36007,0,0,"LASP",41.5687389,-91.2703838,0,15,97.5,215.6,75.9166666666667,0.871561471861472,97.3354632587859,116.865814696486,27.3354632587859,10593.303514377,300.5303514377,-119.150159744409,419.680511182109,224.97124600639,-48.8594249201278,226.124600638978,-48.8594249201278,911.846645367412,111.220447284345,27.4856230031949,38.776357827476,324.993610223642,103.507987220447,324.961661341853,103.507987220447,0.139038093834211,0.0547508152539493
5520,36008,0,0,"LASP",41.7290747,-91.2514429,0,15,94.3684210526316,227.368421052632,75.8991228070175,0.8701725,94.1318327974276,117.231511254019,27.2218649517685,10663.5819935691,298.237942122186,-124.04501607717,422.282958199357,223.675241157556,-53.3247588424437,223.675241157556,-53.3247588424437,910.266881028939,112.627009646302,27.7684887459807,39.3601286173633,328.03536977492,102.877813504823,328.03536977492,102.877813504823,0.137019546854449,0.0536220996012122
5520,36009,0,0,"LASP",41.8190707,-92.3572989,0,15,87.8625,270.25,73.8208333333333,0.873986245614035,87.9650793650794,120.168253968254,27.9206349206349,10663.0634920635,294.326984126984,-130.692063492063,425.019047619048,214.387301587302,-58.6063492063492,217.892063492063,-58.6063492063492,886.673015873016,115.647619047619,25.047619047619,43.8730158730159,332.349206349206,85.9746031746032,332.24126984127,85.9746031746032,0.137978643297695,0.0529275030579113
5520,36010,0,0,"LASP",41.6735997,-92.2602299,0,15,90.7894736842105,257.842105263158,74.1315789473684,0.867724675324675,90.8076923076923,119.865384615385,27.849358974359,10658.9775641026,296.76282051282,-127.849358974359,424.61217948718,218.990384615385,-55.7852564102564,220.676282051282,-55.7852564102564,890.224358974359,114.179487179487,24.75,43.4038461538462,330.371794871795,86.4487179487179,330.314102564103,86.4487179487179,0.137862843642946,0.0536682055271853
5520,36011,0,0,"LASP",41.4022592,-93.103781,0,15,95.7763157894737,260.421052631579,77.1666666666667,0.872210964912281,95.6900958466454,118.498402555911,27.5750798722045,10620.392971246,301.686900958466,-121.396166134185,423.083067092652,205.031948881789,-49.9936102236422,225.696485623003,-49.9936102236422,921.843450479233,114.591054313099,34.6837060702875,35.7444089456869,326.476038338658,116.207667731629,319.17571884984,116.207667731629,0.137629664925366,0.0539882019476265
5520,36012,0,0,"LASP",41.6803757,-93.6007149,0,15,92.1052631578947,283.368421052632,71.0043859649123,0.865552813852814,92.2190476190476,119.32380952381,27.4380952380952,10779.5015873016,299.076190476191,-127.920634920635,426.996825396825,203.463492063492,-55.9746031746032,223.755555555556,-55.9746031746032,852.850793650794,121.765079365079,23.3809523809524,45.368253968254,328.11746031746,82.5142857142857,324.380952380952,82.5142857142857,0.144648953013901,0.0566486043005529
5520,36014,0,0,"LASP",41.7176327,-94.0861889,0,15,92.3333333333333,314.444444444444,69.8425925925926,0.862725925925926,92.0739549839228,122.720257234727,27.8906752411576,10783.3118971061,301.048231511254,-129.360128617363,430.408360128617,203.353697749196,-56.4308681672026,223.389067524116,-56.4308681672026,837.511254019293,121.553054662379,21.0996784565916,47.6012861736334,325.926045016077,74.7202572347267,322.691318327974,74.7202572347267,0.147082527761045,0.0578006631097185
5520,36016,0,0,"LASP",41.1311292,-95.3466186,0,15,96.0166666666667,353.65,69.7916666666667,0.872333814778751,96.5273311897106,125.154340836013,28.6784565916399,10667.5112540193,304.781350482315,-124.498392282958,429.279742765273,208.424437299035,-49.6463022508039,227.199356913183,-49.6463022508039,839.633440514469,114.659163987138,19.1028938906752,49.6302250803859,327.1961414791,69.4083601286174,321.472668810289,69.4083601286174,0.153242631489555,0.0602614025173845
5520,36017,0,0,"LASP",42.0435847,-90.6070319,0,15,87.5219298245614,235.421052631579,74.1842105263158,0.866330801687764,87.3726114649682,113.958598726115,26.7261146496815,10642.8662420382,289.68152866242,-129.095541401274,418.777070063694,217.187898089172,-59.1656050955414,217.187898089172,-59.1656050955414,890.738853503185,110.528662420382,28.9171974522293,37.4522292993631,317.687898089172,107.050955414013,317.687898089172,107.050955414013,0.134581325211226,0.052004142764964
5520,36018,0,0,"LASP",42.2103447,-91.6954359,0,15,85.781746031746,271.190476190476,73.4365079365079,0.8573455907173,85.2133757961783,118.869426751592,27.1369426751592,10782.8343949045,292.350318471338,-135.926751592357,428.277070063694,215.875796178344,-63.9713375796178,215.875796178344,-63.9713375796178,879.585987261146,115.009554140127,25.3343949044586,43.6082802547771,332.936305732484,89.5636942675159,332.936305732484,89.5636942675159,0.13374108001397,0.0519928383256286
5520,36019,0,0,"LASP",42.1986127,-91.4172439,0,15,84.8657407407407,276.055555555556,73.9490740740741,0.864097972498244,84.8634920634921,119.257142857143,27.1873015873016,10780.0857142857,292.196825396825,-137.171428571429,429.368253968254,215.48253968254,-64.4603174603175,215.48253968254,-64.4603174603175,886.342857142857,114.714285714286,26.431746031746,42.2444444444444,331.336507936508,93.7079365079365,331.336507936508,93.7079365079365,0.134003514913394,0.0516305216218636
5520,36020,0,0,"LASP",42.4283168,-92.4757027,0,15,80.6746031746032,291.47619047619,72.1944444444444,0.84545367965368,80.5425867507886,117.93690851735,26.8675078864353,10948.4605678233,288.350157728707,-142.757097791798,431.107255520505,200.299684542587,-70.3217665615142,213.611987381703,-70.3217665615142,866.621451104101,117.116719242902,22.4195583596215,46.5741324921136,338.085173501577,80.5047318611987,337.053627760252,80.5047318611987,0.130529910934397,0.0508963112001234
5520,36021,0,0,"LASP",42.2393377,-92.5335079,0,15,82.1666666666667,288.2,72.4041666666667,0.852345391812865,82.2698412698413,118.974603174603,27.2888888888889,10831.2476190476,289.739682539683,-138.942857142857,428.68253968254,200.663492063492,-66.7365079365079,214.155555555556,-66.7365079365079,868.993650793651,117.653968253968,23.3365079365079,46.0285714285714,336.707936507936,81.5714285714286,335.704761904762,81.5714285714286,0.132646900278114,0.0515057497175718
5520,36022,0,0,"LASP",42.9663334,-93.8524963,0,15,76.5791666666667,361.2,66.4083333333333,0.842290243902439,76.9623824451411,117.811912225705,26.3040752351097,11303.8150470219,288.288401253918,-151.711598746082,440,213.542319749216,-78.6489028213166,213.909090909091,-78.6489028213166,796.623824451411,117.460815047022,18.692789968652,51.6081504702194,328.047021943574,66.1473354231975,328.047021943574,66.1473354231975,0.139170678753475,0.0539645611694599
5520,36023,0,0,"LASP",42.1521897,-93.3290179,0,15,83.525,317.85,70.7583333333333,0.870563713080169,83.7215189873418,119.063291139241,27.0601265822785,10964.2594936709,292.449367088608,-139.253164556962,431.70253164557,203.699367088608,-67.5411392405063,216.965189873418,-67.5411392405063,849.306962025316,124.680379746835,20.9050632911392,48.8639240506329,339.617088607595,75.0474683544304,338.857594936709,75.0474683544304,0.140966264349012,0.0537275446869265
5520,36024,0,0,"LASP",42.0345317,-94.5711599,0,15,88.1898148148148,355.611111111111,68.6111111111111,0.866475833333333,88.1146496815287,124.028662420382,28,10908.7547770701,300.162420382166,-134.200636942675,434.363057324841,201.359872611465,-61.5668789808917,221.191082802548,-61.5668789808917,822.777070063694,119.649681528662,20.5605095541401,49.1847133757962,325.980891719745,70.5350318471338,320.777070063694,70.5350318471338,0.148304729205901,0.0574682162318297
5520,36025,0,0,"LASP",42.6019638,-94.295246,0,15,82.0916666666667,347.95,66.9416666666667,0.850275757575757,82.2870662460568,121.022082018927,27.2239747634069,11119.0851735016,294,-143.492113564669,437.492113564669,213.01261829653,-70.3596214511041,217.479495268139,-70.3596214511041,803.564668769716,119.059936908517,18.9716088328076,51.1356466876972,327.365930599369,66.5141955835962,327.041009463722,66.5141955835962,0.14329140212424,0.0557657298189935
5520,36026,0,0,"LASP",42.5326167,-95.8791569,0,15,85.4333333333333,392.55,60.4666666666667,0.870779429012346,85.2730158730159,126.295238095238,28.0507936507937,11061.2634920635,298.853968253968,-140.965079365079,439.819047619048,200.720634920635,-65.6698412698413,220.857142857143,-65.6698412698413,725.088888888889,110.155555555556,14.9206349206349,52.9015873015873,298.695238095238,54.968253968254,290.714285714286,54.968253968254,0.163961197125101,0.0627496805375235
5520,36027,0,0,"LASP",42.6484757,-95.7210459,0,15,81.9958333333333,408.75,61.2208333333333,0.862892640692641,82.1545741324921,126.06309148265,27.9116719242902,11139.3312302839,296.968454258675,-145.492113564669,442.460567823344,203.141955835962,-70.1766561514196,218.482649842271,-70.1766561514196,733.81072555205,111.394321766562,14.7160883280757,53.3470031545741,302.13880126183,54.6782334384858,298.072555205047,54.6782334384858,0.158613101913723,0.0608034084711312
5520,36105,0,0,"LASP",40.6242636,-95.1259581,0,15,102.254385964912,330.263157894737,72.719298245614,0.851836947791165,102.432258064516,125.948387096774,29.1129032258065,10460.5935483871,309.203225806452,-115.654838709677,424.858064516129,216.422580645161,-40.758064516129,230.906451612903,-40.758064516129,871.996774193548,113.148387096774,20.3322580645161,48.5161290322581,333.925806451613,72.9322580645161,332.745161290323,72.9322580645161,0.147446630822521,0.0603394206156376
5520,36108,0,0,"LASP",41.7287592,-91.251362,0,15,94.3684210526316,227.368421052632,75.8991228070175,0.8701725,94.1318327974276,117.231511254019,27.2218649517685,10663.5819935691,298.237942122186,-124.04501607717,422.282958199357,223.675241157556,-53.3247588424437,223.675241157556,-53.3247588424437,910.266881028939,112.627009646302,27.7684887459807,39.3601286173633,328.03536977492,102.877813504823,328.03536977492,102.877813504823,0.137019546854449,0.0536220996012122
5520,36118,0,0,"LASP",42.2119974,-91.6956394,0,15,85.4833333333333,272.4,73.3333333333333,0.8573455907173,85.1210191082803,118.904458598726,27.140127388535,10783.9936305732,292.289808917197,-136.070063694268,428.359872611465,215.796178343949,-64.0796178343949,215.796178343949,-64.0796178343949,879.519108280255,114.990445859873,25.328025477707,43.6146496815287,332.949044585987,89.5414012738854,332.949044585987,89.5414012738854,0.133716027962082,0.0519721091776326
5520,36123,0,0,"LASP",42.1663807,-93.3469609,0,15,83.525,317.85,70.7583333333333,0.871054583333333,83.6198083067093,119.121405750799,27.0670926517572,10970.0990415335,292.428115015974,-139.485623003195,431.913738019169,204.166134185304,-67.7156549520767,216.920127795527,-67.7156549520767,848.632587859425,124.862619808307,20.814696485623,48.9904153354633,339.840255591054,74.7891373801917,339.14696485623,74.7891373801917,0.14109741813232,0.0537306127157077
5520,38001,0,0,"LASP",37.0321381,-94.9950424,0,15,141.7875,263.6,89.3458333333333,0.739970720720721,141.674576271186,127.589830508475,32.5762711864407,8959.89152542373,330.823728813559,-54.9864406779661,385.810169491525,190.95593220339,21.4067796610169,253.457627118644,21.4067796610169,1071.49830508475,132.223728813559,39.4610169491525,32.5830508474576,354.376271186441,141.271186440678,300.864406779661,141.271186440678,0.121652772243388,0.0633213074052435
5520,38002,0,0,"LASP",37.5148587,-95.3249979,0,15,137.195833333333,284.35,85.8166666666667,0.725283568075117,137.128378378378,125.898648648649,31.1182432432432,9374.93581081081,331.672297297297,-66.8141891891892,398.486486486487,202.601351351351,10.3682432432432,253.597972972973,10.3682432432432,1029.45608108108,134.976351351351,34.2533783783784,37.8074324324324,357.712837837838,115.699324324324,321.341216216216,115.699324324324,0.122072356541236,0.0639097771704999
5520,38003,0,0,"LASP",37.8493327,-95.5008159,0,15,134.520833333333,308.4,83.65,0.750622222222222,134.514950166113,125.910299003322,30.9235880398671,9463.3488372093,330.046511627907,-70.2491694352159,400.295681063123,222.136212624585,5.98671096345515,251.737541528239,5.98671096345515,1003.22591362126,138.830564784053,31.1328903654485,40.5215946843854,357.232558139535,103.970099667774,337.182724252492,103.970099667774,0.12929497314124,0.065108737365519
5520,38004,0,0,"LASP",37.9847547,-96.3936159,0,15,130.122549019608,396.823529411765,74.921568627451,0.758418468468468,130.220338983051,131.576271186441,31.6406779661017,9584.67457627119,330.335593220339,-78.9118644067797,409.247457627119,226.189830508475,0.379661016949153,249.179661016949,0.379661016949153,900.2,136.545762711864,23.1016949152542,46.0237288135593,344.481355932203,83.1864406779661,325.213559322034,83.1864406779661,0.145077195302284,0.0714215837231072
5520,38005,0,0,"LASP",38.0573017,-96.2857509,0,15,129.861111111111,377.833333333333,76.2175925925926,0.761691228070176,129.588628762542,131.060200668896,31.4615384615385,9614.09698996656,329.685618729097,-79.8829431438127,409.56856187291,225.899665551839,-0.872909698996655,248.759197324415,-0.872909698996655,908.33110367893,138.799331103679,23.5451505016722,46.1973244147157,347.545150501672,83.5484949832776,329.377926421405,83.5484949832776,0.143597841911798,0.0702988500560217
5520,38008,0,0,"LASP",37.9271847,-98.8303289,0,15,132.810185185185,599.444444444444,53.8101851851852,0.620752857142857,132.697986577181,140.758389261745,33.3422818791946,9614.0067114094,342.701342281879,-74.3926174496644,417.093959731544,230.677852348993,6.08724832214765,255.110738255034,6.08724832214765,644.728187919463,98.0906040268456,12.9731543624161,49.8590604026846,265.741610738255,55.8255033557047,251.929530201342,55.8255033557047,0.162402820014143,0.0944705114092526
5520,38009,0,0,"LASP",37.5142707,-98.8298029,0,15,134.370833333333,583.6,54.5416666666667,0.572163849765258,134.377104377104,143.346801346801,33.993265993266,9512.63636363636,342.558922558923,-73.8181818181818,416.377104377104,230.787878787879,8.74074074074074,254.919191919192,8.74074074074074,654.215488215488,98.5151515151515,13.3771043771044,49.006734006734,265.380471380471,57.4545454545455,250.107744107744,57.4545454545455,0.15063876465896,0.0933017986477319
5520,38010,0,0,"LASP",37.1645227,-99.2722929,0,15,138.777777777778,593,51.6666666666667,0.526324074074074,138.989830508475,149.491525423729,35.1559322033898,9416.29152542373,346.552542372881,-72.0576271186441,418.610169491525,234.471186440678,15.7694915254237,258.783050847458,15.7694915254237,620.118644067797,94.4779661016949,12.9457627118644,50.8237288135593,257.606779661017,54.2949152542373,240.654237288136,54.2949152542373,0.149609309073153,0.0988480168808976
5520,38011,0,0,"LASP",37.1334087,-99.7413179,0,15,136.828703703704,639.5,48.6898148148148,0.490125777777778,136.942176870748,154.884353741497,36.1258503401361,9404.97619047619,347.28231292517,-75.8639455782313,423.146258503401,232.520408163265,14.656462585034,257.275510204082,14.656462585034,585.295918367347,89.9829931972789,12.4251700680272,52.7040816326531,249.829931972789,50.0714285714286,232.241496598639,50.0714285714286,0.146801298181183,0.100768220680227
5520,38012,0,0,"LASP",37.9589257,-101.4316489,0,15,118.166666666667,982.666666666667,35.8611111111111,0.518340444444444,118.318936877076,167.162790697674,37.6312292358804,9490.6976744186,339.767441860465,-98.1029900332226,437.870431893688,216.302325581395,-3.67441860465116,241.521594684385,-3.67441860465116,428.63122923588,70.8305647840532,8.37209302325581,64.0066445182724,203.940199335548,27.1295681063123,191.777408637874,27.1295681063123,0.174000359004425,0.110321130855771
5520,38013,0,0,"LASP",38.8545319,-94.8714265,0,15,126.685185185185,295.5,81.3055555555556,0.764110087719298,126.574750830565,117.12292358804,29.2059800664452,9638.12292358804,319.199335548173,-74.421926910299,393.621262458472,224.508305647841,-2.90697674418605,245.956810631229,-2.90697674418605,974.425249169435,140.202657807309,29.9767441860465,43.7707641196013,362.401993355482,97.8205980066445,340.568106312292,97.8205980066445,0.130361618225881,0.0632387378592401
5520,38018,0,0,"LASP",38.9447217,-97.2984479,0,15,127.179824561404,388.736842105263,66.3333333333333,0.640129385964912,127.417218543046,132.26821192053,31.0099337748344,10005.917218543,335.993377483444,-83.4205298013245,419.413907284768,228.741721854305,-6.12582781456954,253.470198675497,-6.12582781456954,797.082781456954,121.509933774834,19.7748344370861,48.6324503311258,322.208609271523,70.817880794702,295.413907284768,70.817880794702,0.133627320642775,0.0752514142324078
5520,38020,0,0,"LASP",38.4636553,-98.9776363,0,15,126.258771929825,598.842105263158,52.1798245614035,0.558103846153846,126.872483221477,142.543624161074,33.0268456375839,9828.24832214765,340.895973154362,-84.1610738255034,425.057046979866,227.234899328859,-1.96308724832215,252.513422818792,-1.96308724832215,626.818791946309,96.2986577181208,12.5402684563758,53.0503355704698,268.828859060403,49.9865771812081,255.422818791946,49.9865771812081,0.146630631918679,0.0907082803892883
5520,38022,0,0,"LASP",38.2040337,-99.6617889,0,15,124.383333333333,693.85,47.4416666666667,0.487646222222222,124.063758389262,150.91610738255,34.7046979865772,9719.13087248322,339.637583892617,-89.1610738255034,428.798657718121,223.681208053691,-2.94295302013423,248.661073825503,-2.94295302013423,568.023489932886,88.013422818792,11.5906040268456,55.0436241610738,250.540268456376,43.755033557047,237.791946308725,43.755033557047,0.140902738805355,0.0942421052784497
5520,38023,0,0,"LASP",38.8417547,-99.4663929,0,15,117.916666666667,657.315789473684,47.7763157894737,0.494144444444444,117.862416107383,148.389261744966,33.9597315436242,9854.23489932886,335.442953020134,-94.7718120805369,430.214765100671,218.835570469799,-10.3087248322148,244.728187919463,-10.3087248322148,574.261744966443,87.986577181208,10.4765100671141,56.0872483221477,253.026845637584,39.8892617449664,240.694630872483,39.8892617449664,0.136070700714616,0.0890361324615963
5520,38024,0,0,"LASP",38.7278307,-101.6508259,0,15,111.375,1075.05555555556,36.6990740740741,0.456989777777778,111.401337792642,166.538461538462,37.7792642140468,9429.77257525084,335.675585284281,-99.4749163879599,435.150501672241,208.795986622074,-8.18060200668896,234.836120401338,-8.18060200668896,439.38127090301,76.3010033444816,9.01672240802676,64.9230769230769,215.491638795987,28.6488294314381,193.655518394649,28.6488294314381,0.154591041150653,0.104045594569562
5520,38029,0,0,"LASP",39.7690906,-96.0269519,0,15,115.3625,377.4,72.55,0.7845,115.726384364821,128.684039087948,30.0390879478827,10148.3941368078,321.71335504886,-98.2801302931596,419.99348534202,219.736156351792,-21.7817589576547,241.85993485342,-21.7817589576547,874.589576547231,128.407166123778,20.5081433224756,50.0944625407166,344.42345276873,71.3192182410423,333.977198697068,71.3192182410423,0.143507242899391,0.0659681581145188
5520,38031,0,0,"LASP",39.1902871,-97.6123773,0,15,125.112745098039,416,62.0686274509804,0.636095175438597,125.02657807309,134.285714285714,31.2259136212625,10056.8637873754,337.12292358804,-86.1760797342193,423.299003322259,227.169435215947,-8.45182724252492,252.322259136213,-8.45182724252492,743.255813953488,111.548172757475,16.3787375415282,52.0232558139535,312.142857142857,59.0664451827243,287.172757475083,59.0664451827243,0.139639501266467,0.0784099678324535
5520,38033,0,0,"LASP",39.7262207,-98.1009369,0,15,113.021929824561,483.105263157895,58.3552631578947,0.629754978354978,112.85016286645,138.00651465798,31.2866449511401,10251.6319218241,330.130293159609,-103.742671009772,433.872964169381,218.048859934853,-23.7785016286645,242.752442996743,-23.7785016286645,699.042345276873,103.537459283388,13.8729641693811,53.3452768729642,289.234527687296,52.2964169381108,270.449511400651,52.2964169381108,0.137900695040244,0.0757567057673496
5520,38034,0,0,"LASP",39.7702227,-99.2540059,0,15,109.083333333333,604.631578947368,49.8201754385965,0.564925541125541,109.504950495049,150.349834983498,33.6798679867987,10086.0429042904,331.415841584158,-108.184818481848,439.600660066007,213.547854785479,-22.5742574257426,238.86798679868,-22.5742574257426,597.475247524752,96.9438943894389,10.2376237623762,58.6336633663366,263.49504950495,37.6600660066007,242.310231023102,37.6600660066007,0.140089874234948,0.0824510973588119
5520,38035,0,0,"LASP",39.7266067,-99.6464549,0,15,110.162280701754,662.368421052632,47.9824561403509,0.561229824561403,109.901960784314,152.12091503268,34.437908496732,9934.51633986928,330.372549019608,-105.303921568627,435.676470588235,212.058823529412,-18.7843137254902,237.843137254902,-19.0522875816993,575.859477124183,94.8300653594771,10.2156862745098,59.921568627451,262.088235294118,36.624183006536,238.928104575163,36.6437908496732,0.144287012660493,0.085363800227567
5520,38036,0,0,"LASP",38.9009177,-100.2439639,0,15,116.122807017544,785.421052631579,44.5833333333333,0.493060273972603,116.149006622517,154.370860927152,35.2152317880795,9734.71523178808,336.397350993377,-95.7417218543046,432.139072847682,216.155629139073,-9.59933774834437,242.158940397351,-9.59933774834437,534.950331125828,85.7913907284768,10.476821192053,59.0761589403973,245.814569536424,36.7682119205298,226.307947019868,36.7682119205298,0.14360738587866,0.0936535205514692
5520,38038,0,0,"LASP",39.1767667,-101.9689869,0,15,105.19298245614,1179.52631578947,36.3684210526316,0.497466222222222,105.311258278146,160.844370860927,37.4635761589404,9241.88079470199,325.923841059603,-97.4668874172185,423.390728476821,200.437086092715,-10.6192052980132,226.986754966887,-10.6192052980132,437.390728476821,78.4635761589404,8.98013245033113,65.3609271523179,216.208609271523,29.3112582781457,191.652317880795,29.3112582781457,0.162302680882919,0.102745951518505
5520,38133,0,0,"LASP",39.7262207,-98.100936,0,15,113.021929824561,483.105263157895,58.3552631578947,0.629754978354978,112.85016286645,138.00651465798,31.2866449511401,10251.6319218241,330.130293159609,-103.742671009772,433.872964169381,218.048859934853,-23.7785016286645,242.752442996743,-23.7785016286645,699.042345276873,103.537459283388,13.8729641693811,53.3452768729642,289.234527687296,52.2964169381108,270.449511400651,52.2964169381108,0.137900695040244,0.0757567057673496
5520,38301,0,0,"LASP",37.3099157,-94.7416989,0,15,138.634259259259,280.333333333333,89.837962962963,0.743058222222222,138.665540540541,124.621621621622,31.8141891891892,9089.72972972973,328.209459459459,-57.3547297297297,385.564189189189,188.540540540541,16.8445945945946,252.314189189189,16.8445945945946,1078.36486486486,134.810810810811,38.6722972972973,33.4087837837838,363.233108108108,139.810810810811,313.621621621622,139.810810810811,0.119795633992721,0.0617103737077781
5520,38303,0,0,"LASP",37.7958024,-96.4347911,0,15,132.00462962963,395.944444444444,75.5694444444444,0.759225108225108,132.218855218855,132.37037037037,32.0639730639731,9494.74747474748,331.222222222222,-75.6094276094276,406.83164983165,227.10101010101,3.85185185185185,250.191919191919,3.85185185185185,905.973063973064,132.915824915825,23.6868686868687,44.5319865319865,341.835016835017,86.8754208754209,319.249158249158,86.8754208754209,0.145808000034584,0.0720731245657549
5520,38305,0,0,"LASP",37.8545464,-98.8762205,0,15,132.689814814815,608.333333333333,53.6018518518519,0.619844444444444,132.642140468227,141.324414715719,33.5284280936455,9589.71906354515,342.361204013378,-74.4414715719063,416.802675585284,230.297658862876,6.31438127090301,254.695652173913,6.31438127090301,642.76254180602,97.7458193979933,12.9297658862876,49.8361204013378,264.628762541806,55.819397993311,251.010033444816,55.819397993311,0.162720935679962,0.0947529303674187
5520,38306,0,0,"LASP",37.8256648,-99.3855484,0,15,128.898148148148,679.5,50.625,0.588779279279279,128.993265993266,144.996632996633,34.1245791245791,9606.88215488215,340.239057239057,-79.6296296296296,419.868686868687,227.047138047138,3.15488215488215,251.774410774411,3.15488215488215,607.673400673401,93.6195286195286,12.2356902356902,52.6936026936027,259.538720538721,50.4276094276094,246.619528619529,50.4276094276094,0.16035624074749,0.0960725726101543
5520,38308,0,0,"LASP",37.3880114,-101.2492122,0,15,128.097222222222,933.333333333333,37.7453703703704,0.579812162162162,127.761744966443,163.362416107383,37.7315436241611,9290.75167785235,342.540268456376,-85.0402684563758,427.580536912752,223.392617449664,7.79530201342282,247.885906040268,7.79530201342282,451.838926174497,74.3724832214765,8.92281879194631,62.5671140939597,212.295302013423,29.5503355704698,196.855704697987,29.5503355704698,0.192457752132138,0.116087600295429
5520,38309,0,0,"LASP",38.215197,-94.6125164,0,15,129.574074074074,266.333333333333,86.8472222222222,0.796952888888889,129.476510067114,126.734899328859,30.9127516778523,9546.76510067114,326.265100671141,-77.0402684563758,403.305369127517,188.120805369128,-0.218120805369128,247.479865771812,-0.218120805369128,1039.12751677852,142.057046979866,35.5939597315436,37.989932885906,360.838926174497,118.38255033557,336.557046979866,118.38255033557,0.129016536288894,0.0606382563460853
5520,38310,0,0,"LASP",38.680958,-95.1212223,0,15,127.444444444444,301,81.3703703703704,0.76498963963964,127.350993377483,120.403973509934,29.6887417218543,9630.20198675497,321.758278145695,-75.9238410596027,397.682119205298,222.304635761589,-2.39072847682119,246.701986754967,-2.39072847682119,974.291390728477,143.672185430464,29.4503311258278,43.5662251655629,360.675496688742,97.1754966887417,339.890728476821,97.1754966887417,0.131201647386391,0.0637012408588002
5520,38311,0,0,"LASP",38.5224225,-96.9117521,0,15,125.62962962963,424.722222222222,70.9583333333333,0.681991111111111,125.703333333333,130.283333333333,30.8633333333333,9864.23,330.513333333333,-85.11,415.623333333333,225.013333333333,-7.65666666666667,248.666666666667,-7.65666666666667,852.15,131.49,21.5533333333333,46.89,333.39,77.98,304.266666666667,77.98,0.133815014907921,0.0714878566866773
5520,38313,0,0,"LASP",38.6813229,-98.7751403,0,15,124.763888888889,568.277777777778,53.7777777777778,0.550025225225225,124.682274247492,141.622073578595,32.6688963210702,9935.04682274248,339.210702341137,-87.5585284280937,426.769230769231,226.100334448161,-5.55852842809365,251.779264214047,-5.55852842809365,645.842809364549,96.190635451505,13.0066889632107,52.5652173913044,273.535117056856,51,258.080267558528,51,0.139683745721085,0.0868929185736859
5520,38314,0,0,"LASP",38.3193226,-99.2348417,0,15,126.156862745098,635.235294117647,50.1274509803922,0.547982648401827,126.189189189189,145.959459459459,33.7601351351351,9769.5,340.949324324324,-85.5371621621622,426.486486486487,226.070945945946,-1.78716216216216,251.152027027027,-1.78716216216216,601.260135135135,94.1385135135135,11.9864864864865,53.777027027027,260.847972972973,47.5405405405405,248.929054054054,47.5405405405405,0.148826537902748,0.0929887174427337
5520,38316,0,0,"LASP",38.1914654,-101.3590971,0,15,115.469298245614,987.631578947368,36.6271929824561,0.480012888888889,115.2,165.894915254237,37.4576271186441,9501.12881355932,337.338983050847,-99.2169491525424,436.55593220339,213.427118644068,-6.57627118644068,238.874576271186,-6.57627118644068,439.372881355932,72.2474576271186,8.84745762711864,63.5322033898305,209.484745762712,28.3864406779661,195.464406779661,28.3864406779661,0.160494618005774,0.105828308024547
5520,38318,0,0,"LASP",39.6529209,-96.5297375,0,15,115.9,395.3,69.8291666666667,0.763557333333333,116.036184210526,130.549342105263,30.1875,10239.0394736842,324.601973684211,-100.773026315789,425.375,220.608552631579,-22.7171052631579,243.671052631579,-22.7171052631579,835.621710526316,127.684210526316,17.3947368421053,52.2269736842105,339.019736842105,63.7269736842105,324.861842105263,63.7269736842105,0.14565639762789,0.0686853819770861
5520,38319,0,0,"LASP",39.5668011,-97.8192021,0,15,117.570175438596,450.210526315789,60.1754385964912,0.638936,117.579470198675,134.82119205298,31.0033112582781,10162.7185430464,332.347682119205,-95.6788079470199,428.026490066225,221.420529801325,-17.7980132450331,246.248344370861,-17.7980132450331,721.556291390728,107.139072847682,14.9205298013245,53.4172185430464,302.605960264901,55.1721854304636,283.12582781457,55.1721854304636,0.139008682637308,0.0763939057618866
5520,38320,0,0,"LASP",39.5666667,-98.169444,0,15,115.516666666667,474.35,57.4,0.592664935064935,115.529801324503,140.403973509934,31.658940397351,10246.619205298,334.572847682119,-101.725165562914,436.298013245033,220.543046357616,-20.7649006622517,245.615894039735,-20.7649006622517,688.658940397351,102.096026490066,14.1721854304636,53.1390728476821,286.470198675497,51.9966887417219,266.791390728477,51.9966887417219,0.133521952540664,0.0772315500252581
5520,38321,0,0,"LASP",39.3355726,-99.269502,0,15,113.324074074074,609.944444444444,49.3194444444444,0.545041552511416,113.432786885246,149.698360655738,33.7213114754098,10038.1081967213,334.64262295082,-102.232786885246,436.875409836066,216.898360655738,-17.6918032786885,242.616393442623,-17.6918032786885,593.206557377049,91.855737704918,10.8754098360656,55.6459016393443,255.118032786885,40.7114754098361,236.629508196721,40.7114754098361,0.139503510128744,0.0848965538711566
5520,38322,0,0,"LASP",39.4951963,-100.6458939,0,15,109.675,879.7,43.6916666666667,0.574402702702703,110.039344262295,155.216393442623,35.7180327868852,9632.70819672131,330.298360655738,-99.0655737704918,429.363934426229,209.101639344262,-13.3934426229508,235.265573770492,-13.3934426229508,525.173770491803,91.3114754098361,10.8229508196721,62.3573770491803,251.960655737705,34.5606557377049,221.134426229508,34.5606557377049,0.161158222713724,0.0939668848681138
5520,38323,0,0,"LASP",39.1195241,-101.727883,0,15,108.634259259259,1112.38888888889,37.4166666666667,0.487726068376068,108.996688741722,161.188741721854,37.3476821192053,9320.31456953642,330.301324503311,-95.7218543046358,426.023178807947,204.930463576159,-8.24172185430464,231.450331125828,-8.24172185430464,450.188741721854,80.9172185430464,9.33774834437086,65.1059602649007,222.844370860927,30.0529801324503,196.129139072848,30.0529801324503,0.158987174248898,0.102655382758619
5520,38420,0,0,"LASP",39.5671077,-98.1535799,0,15,115.416666666667,474,57.5877192982456,0.597105333333333,115.571428571429,140.199335548173,31.6312292358804,10244.5681063123,334.481727574751,-101.564784053156,436.046511627907,220.548172757475,-20.7142857142857,245.614617940199,-20.7142857142857,689.724252491694,102.212624584718,14.2059800664452,53.1362126245847,286.960132890365,52.1229235880399,267.318936877076,52.1229235880399,0.134280870140441,0.0772548756638939
5520,39002,0,0,"LASP",36.9068375,-88.8622638,0,15,141.4,117.6,105.3625,0.793105936073059,141.609589041096,119.561643835616,32.2328767123288,8722.60273972603,320.815068493151,-43.6746575342466,364.489726027397,142.047945205479,203.352739726027,249.804794520548,23.2842465753425,1267.92465753425,128.496575342466,79.4760273972603,14.6712328767123,375.541095890411,259.77397260274,297.58904109589,311.356164383562,0.103610138394403,0.0508667925982467
5520,39004,0,0,"LASP",36.792622,-87.9605863,0,15,140.936274509804,151.529411764706,106.666666666667,0.814987214611872,141.047619047619,122.840136054422,33.578231292517,8481.40476190476,316.71768707483,-43.2619047619048,359.979591836735,141.571428571429,201.938775510204,245.901360544218,26.0272108843537,1283.85034013605,130.323129251701,79.578231292517,14.4557823129252,371.142857142857,260.054421768707,296.078231292517,330.789115646258,0.105651014573116,0.0504356021657256
5520,39005,0,0,"LASP",36.664255,-87.0088713,0,15,138.4,191.45,106.304166666667,0.785130392156863,138.325342465753,128.219178082192,34.7328767123288,8423.33561643836,316.849315068493,-46.4417808219178,363.291095890411,137.643835616438,199.22602739726,242.982876712329,24.6164383561644,1276.15410958904,133.140410958904,75.6917808219178,14.8013698630137,367.739726027397,254.58904109589,300.794520547945,329.143835616438,0.101008838762376,0.049791408364472
5520,39006,0,0,"LASP",36.9907469,-86.6314152,0,15,136.518518518519,175.611111111111,106.37962962963,0.797504954954955,136.566552901024,125.682593856655,34.1706484641638,8442.80546075085,313.9795221843,-47.4266211604096,361.40614334471,136.017064846416,197.62457337884,241.22866894198,22.3037542662116,1277.25597269625,127.986348122867,75.9146757679181,14.0136518771331,363.440273037543,259.484641638225,307.354948805461,323.232081911263,0.101596176700839,0.0490770810445578
5520,39007,0,0,"LASP",36.9336087,-86.2041469,0,15,137.399122807018,203.684210526316,108.614035087719,0.803548013587358,137.609427609428,125.053872053872,34.4781144781145,8345.46464646465,313.242424242424,-44.6936026936027,357.936026936027,153.508417508417,197.96632996633,240.996632996633,24.5723905723906,1307.57575757576,130.10101010101,77.3569023569024,13.9461279461279,368.013468013468,268.619528619529,324.579124579125,327.723905723906,0.100222944814724,0.0482659483965454
5520,39008,0,0,"LASP",36.8194377,-85.7169959,0,15,136.544117647059,245,111.779411764706,0.833173736681887,136.52380952381,128.139455782313,35.6326530612245,8174.72108843537,310.136054421769,-45.2278911564626,355.363945578231,189.482993197279,195.823129251701,237.62925170068,25.547619047619,1341.53401360544,131.377551020408,79.4285714285714,13.1666666666667,371.448979591837,283.051020408163,342.880952380952,334.013605442177,0.10124837251197,0.0469347518359769
5520,39012,0,0,"LASP",36.8458967,-89.0589229,0,15,142.152777777778,111.666666666667,105.365740740741,0.78035205479452,142.147260273973,118.52397260274,31.8424657534247,8782.43493150685,322.16095890411,-43.5993150684931,365.760273972603,142.732876712329,204.027397260274,251.174657534247,23.0513698630137,1261.30136986301,129.404109589041,78.7534246575343,15.2157534246575,377.236301369863,257.890410958904,294.794520547945,307.602739726027,0.102507771860524,0.0511983982487189
5520,39023,0,0,"LASP",37.9849668,-84.8137054,0,15,126.6875,254.65,98.2,0.789344629739925,126.877133105802,123.058020477816,33.9556313993174,8475.19453924915,304.522184300341,-52.7645051194539,357.286689419795,182.194539249147,160.515358361775,232.194539249147,13.0443686006826,1179.51194539249,121.139931740614,71.0341296928328,15.19795221843,343.460750853242,251.310580204778,316.453924914676,269,0.107738374032044,0.0511550438583489
5520,39024,0,0,"LASP",37.5833107,-85.7375639,0,15,132.482456140351,216.842105263158,105.429824561404,0.819626898932831,132.43771043771,126.259259259259,34.6161616161616,8439.85185185185,309.740740740741,-50.4276094276094,360.16835016835,134.734006734007,194.040404040404,236.747474747475,18.2895622895623,1265.36363636364,126.400673400673,74.1077441077441,14.1717171717172,360.659932659933,266.484848484848,323.626262626263,305.653198653199,0.105024444700141,0.0488218274970807
5520,39026,0,0,"LASP",37.9353872,-85.0956126,0,15,127.438596491228,238.631578947368,99.8640350877193,0.797898818383601,127.709459459459,126.375,34.6013513513514,8457.80405405405,306.793918918919,-53.5371621621622,360.331081081081,170.834459459459,180.260135135135,232.611486486486,13.7668918918919,1200.84797297297,123.5,72.2398648648649,15.2398648648649,349.25,255.074324324324,319.314189189189,275.432432432432,0.106789643460531,0.0503017644456561
5520,39028,0,0,"LASP",37.2573275,-86.1387677,0,15,134.658333333333,204.95,107.704166666667,0.819990679133145,134.59385665529,125.764505119454,34.6006825938567,8398.92832764505,311.361774744027,-47.8600682593857,359.221843003413,144.696245733788,195.607508532423,238.511945392491,20.8941979522184,1292.94539249147,129.184300341297,76.0273037542662,13.9317406143345,365.805460750853,267.522184300341,321.327645051195,321.290102389078,0.102868427959048,0.0481131407165389
5520,39029,0,0,"LASP",37.8199855,-86.8961593,0,15,131.867647058824,143.529411764706,98.843137254902,0.835398382257012,131.873287671233,122.558219178082,33.0171232876712,8754.36643835616,312.078767123288,-53.958904109589,366.037671232877,130.383561643836,175.308219178082,240.448630136986,13.3664383561644,1185.6095890411,120.469178082192,73.3801369863014,14.6917808219178,352.811643835616,251.582191780822,298.11301369863,270.366438356164,0.115576227930348,0.0523042652211555
5520,39030,0,0,"LASP",37.5961302,-86.2962376,0,15,131.039473684211,202.947368421053,104.118421052632,0.835814972750037,131.06734006734,123.835016835017,33.8787878787879,8548.78451178451,308.760942760943,-51.5488215488216,360.309764309764,129.686868686869,193.43771043771,236.959595959596,15.7542087542088,1250.27609427609,124.673400673401,74.6026936026936,13.6767676767677,358.457912457912,260.218855218855,311.942760942761,304.690235690236,0.108432201777191,0.0491584173588344
5520,39031,0,0,"LASP",37.6179677,-86.0179129,0,15,131.018518518519,215.666666666667,103.791666666667,0.824307177033493,131.378839590444,124.276450511945,34.1706484641638,8506.17406143345,308.498293515358,-50.9215017064846,359.419795221843,130.221843003413,193.443686006826,236.600682593857,16.5665529010239,1251.11262798635,124.477815699659,73.6962457337884,13.8327645051195,357.167235494881,261.170648464164,316.242320819113,304.460750853242,0.106845000330564,0.0492054476588753
5520,39032,0,0,"LASP",37.2448427,-87.0823369,0,15,136.627192982456,152.842105263158,103.285087719298,0.825237350014633,136.671232876712,125.623287671233,34.1095890410959,8500.32191780822,314.017123287671,-48.4178082191781,362.434931506849,136.428082191781,198.075342465753,241.797945205479,21.2431506849315,1236.2397260274,122.88698630137,74.0239726027397,13.9246575342466,358.126712328767,256.602739726027,294.630136986301,305.414383561644,0.110568906773686,0.0514176597582019
5520,39033,0,0,"LASP",37.5933277,-87.6776119,0,15,137.118421052632,125.894736842105,97.6052631578947,0.836323611111111,137.128378378378,121.331081081081,32.7635135135135,8713.04391891892,316.543918918919,-48.2331081081081,364.777027027027,136.942567567568,199.97972972973,244.72972972973,18.6385135135135,1171.09797297297,121.939189189189,72.4797297297297,15.7533783783784,354.97972972973,241.179054054054,283.199324324324,272.989864864865,0.120464071721712,0.0550952411439696
5520,39034,0,0,"LASP",37.1865197,-87.5068449,0,15,138.829166666667,152.95,102.85,0.816532876712329,138.922033898305,123.593220338983,33.5728813559322,8533.43728813559,316.08813559322,-45.7864406779661,361.874576271186,139.047457627119,200.335593220339,244.46779661017,23.0033898305085,1231.05423728814,124.366101694915,74.7661016949152,14.6610169491525,362.132203389831,252.342372881356,289.535593220339,305.989830508475,0.111026931777741,0.0524734474746595
5520,39035,0,0,"LASP",37.7163597,-87.6947489,0,15,136.337962962963,123.277777777778,96.462962962963,0.825529777777778,136.091525423729,120.491525423729,32.4372881355932,8784.3186440678,316.481355932203,-49.3084745762712,365.789830508475,135.610169491525,199.433898305085,244.650847457627,16.8271186440678,1152.30508474576,121.776271186441,71.8813559322034,16.2305084745763,351.905084745763,237.220338983051,281.423728813559,263.430508474576,0.120240361138802,0.0555551674450204
5520,39036,0,0,"LASP",37.3299427,-88.3261579,0,15,137.029166666667,138.75,101.620833333333,0.817769565217391,137.067567567568,121.094594594595,32.7972972972973,8670.06418918919,315.706081081081,-48.8310810810811,364.537162162162,137.304054054054,199.692567567568,243.935810810811,18.9324324324324,1221.33108108108,125.648648648649,75.472972972973,15.4459459459459,365.962837837838,248.672297297297,294.273648648649,291.898648648649,0.111058371645432,0.0521356631791954
5520,39037,0,0,"LASP",38.2768507,-85.2054969,0,15,124.94298245614,224.631578947368,96.6491228070175,0.805685062656642,124.946308724832,125.989932885906,34.3053691275168,8564.17449664429,306.211409395973,-55.8020134228188,362.013422818792,133.788590604027,162.651006711409,231.459731543624,10.0134228187919,1163.13087248322,122.681208053691,71.3221476510067,16.3389261744966,346.647651006711,245.338926174497,312.020134228188,256.89932885906,0.110756656906737,0.0511962687571612
5520,39038,0,0,"LASP",38.4108577,-85.5587469,0,15,125.25462962963,212.611111111111,96.0555555555556,0.792410934847891,125.225589225589,123.979797979798,33.7037037037037,8670.53198653199,306.885521885522,-55.3737373737374,362.259259259259,122.175084175084,181.868686868687,233.380471380471,9.28282828282828,1151.3265993266,121.252525252525,70.8552188552189,16.2659932659933,344.178451178451,242.074074074074,308.111111111111,254.49494949495,0.109854941228708,0.0516387167913756
5520,39039,0,0,"LASP",38.7213307,-84.8237459,0,15,120.523148148148,235.111111111111,92.6990740740741,0.840441228070176,120.392026578073,121.774086378738,32.8770764119601,8759.65780730897,301.986710963455,-62.9767441860465,364.963455149502,116.817275747508,24.1129568106312,229.21926910299,2.62790697674419,1111.1196013289,116.813953488372,72.2923588039867,16.1428571428571,332.744186046512,234.71096345515,302.126245847176,234.933554817276,0.120962038386518,0.0527959982557496
5520,39040,0,0,"LASP",38.4344957,-84.1633637,0,15,119.377192982456,256.052631578947,94.2543859649123,0.804991324200913,119.53488372093,123.963455149502,33.6013289036545,8624.81395348837,299.495016611296,-64.1827242524917,363.677740863787,146.990033222591,71.6378737541528,226.471760797342,3.53488372093023,1132.41528239203,117.617940199336,71.109634551495,16.0764119601329,333.372093023256,241.009966777409,311.697674418605,244.654485049834,0.111865653023586,0.0510282400011783
5520,39041,0,0,"LASP",38.3791569,-84.5727271,0,15,122.333333333333,252.611111111111,94.2916666666667,0.800967421052632,122.151515151515,122.053872053872,33.3030303030303,8615.06060606061,301.468013468013,-59.1784511784512,360.646464646465,122.188552188552,85.9090909090909,229.20202020202,6.63636363636364,1130.04713804714,117.387205387205,70.5791245791246,16.0707070707071,335.084175084175,240.16835016835,306.851851851852,246.127946127946,0.112933732352011,0.052096983024199
5520,39043,0,0,"LASP",38.1661827,-84.0681929,0,15,122.027777777778,270.611111111111,96.9351851851852,0.799595244107744,122.250836120401,125.397993311037,34.2608695652174,8494.3745819398,301.006688963211,-59.8729096989967,360.879598662207,182.053511705686,126.280936454849,227.842809364548,8.29765886287625,1162.11705685619,121.822742474916,70.6889632107023,15.7123745819398,340.103678929766,248.167224080268,320.481605351171,258.95652173913,0.109206414796387,0.0505779259975722
5520,39044,0,0,"LASP",38.2051493,-83.9295763,0,15,121.240740740741,269.222222222222,97.0787037037037,0.809387339230817,121.141414141414,127.107744107744,34.6127946127946,8482.61616161616,300.579124579125,-61.6868686868687,362.265993265993,189.13468013468,120.023569023569,226.545454545455,7.21548821548822,1164.0101010101,123.30303030303,71.2390572390572,15.8518518518519,341.791245791246,248.468013468013,323.262626262626,258.154882154882,0.109965431214769,0.0501675261435761
5520,39045,0,0,"LASP",38.4189637,-83.0920869,0,15,117.513888888889,268.388888888889,91.587962962963,0.867013257575757,117.608108108108,132.628378378378,35.8986486486486,8402.72972972973,298.10472972973,-65.9932432432432,364.097972972973,202.537162162162,103.462837837838,222.087837837838,4.36824324324324,1100.33445945946,120.314189189189,71.429054054054,15.9864864864865,328.702702702703,235.625,318.168918918919,239.114864864865,0.126343065515254,0.0529828393302712
5520,39046,0,0,"LASP",38.4666117,-83.0511849,0,15,117.504901960784,261.529411764706,90.8921568627451,0.865246111111111,117.722972972973,131.996621621622,35.7432432432432,8418.35472972973,298.273648648649,-65.6925675675676,363.966216216216,202.891891891892,98.0135135135135,222.412162162162,4.29391891891892,1092.72972972973,119.003378378378,70.9222972972973,15.9831081081081,325.986486486487,233.912162162162,316.226351351351,236.824324324324,0.126964726701929,0.0533550522616564
5520,39107,0,0,"LASP",36.9261037,-86.3369279,0,15,137.476851851852,201.666666666667,108.305555555556,0.799067391304348,137.476351351351,124.925675675676,34.3108108108108,8380.42905405405,313.648648648649,-45.2432432432432,358.891891891892,144.533783783784,198.094594594595,241.378378378378,24.0439189189189,1298.03378378378,129.675675675676,77.0033783783784,14.0743243243243,366.878378378378,264.807432432432,318.597972972973,326.824324324324,0.100479303128796,0.0486242920054322
5520,39112,0,0,"LASP",36.8621049,-89.0413978,0,15,142.166666666667,109.882352941176,105.009803921569,0.780966222222222,142.054421768707,118.622448979592,31.8809523809524,8777.28911564626,321.982993197279,-43.6360544217687,365.619047619048,142.62925170068,203.925170068027,251.017006802721,23.0374149659864,1261.59523809524,129.258503401361,78.7891156462585,15.1292517006803,376.887755102041,258.074829931973,295.166666666667,307.840136054422,0.102488329281581,0.0511368043799493
5520,39120,0,0,"LASP",37.2448,-87.3322,0,15,137.935185185185,147.722222222222,102.055555555556,0.82273738659643,137.965753424658,124.486301369863,33.8116438356164,8526.17808219178,315.27397260274,-46.9931506849315,362.267123287671,137.928082191781,199.414383561644,243.438356164384,22.1198630136986,1227.15068493151,123.041095890411,74.0205479452055,14.3630136986301,359.921232876712,253.650684931507,290.558219178082,302.434931506849,0.111903868397617,0.0523367337904728
5520,39124,0,0,"LASP",37.5839876,-85.7373309,0,15,132.482456140351,216.842105263158,105.429824561404,0.819626898932831,132.43288590604,126.265100671141,34.6174496644295,8439.98322147651,309.744966442953,-50.4328859060403,360.177852348993,134.718120805369,194.036912751678,236.744966442953,18.2852348993289,1265.20805369128,126.395973154362,74.1006711409396,14.1778523489933,360.640939597315,266.442953020134,323.607382550336,305.58389261745,0.105039840371161,0.0488279816865668
5520,39127,0,0,"LASP",37.8249387,-85.7117159,0,15,131.240740740741,203.333333333333,101.37962962963,0.814199044776119,131.297658862876,125.086956521739,34.1939799331104,8528.34448160535,309.769230769231,-51.0033444816054,360.772575250836,129.735785953177,193.702341137124,236.959866220736,16.4448160535117,1218.52173913043,122.682274247492,71.7658862876254,14.6822742474916,351.107023411371,255.391304347826,315.678929765886,289.026755852843,0.108748044101001,0.0506224800491934
5520,39132,0,0,"LASP",37.2446037,-87.331989,0,15,137.935185185185,147.722222222222,102.055555555556,0.82259319408923,137.965753424658,124.486301369863,33.8116438356164,8526.17808219178,315.27397260274,-46.9931506849315,362.267123287671,137.928082191781,199.414383561644,243.438356164384,22.1198630136986,1227.15068493151,123.041095890411,74.0205479452055,14.3630136986301,359.921232876712,253.650684931507,290.558219178082,302.434931506849,0.111879066543524,0.0523347404893104
5520,39133,0,0,"LASP",37.592793,-87.6771392,0,15,137.118421052632,125.894736842105,97.6052631578947,0.836323611111111,137.135593220339,121.342372881356,32.7661016949153,8712.46101694915,316.542372881356,-48.2271186440678,364.769491525424,136.952542372881,199.983050847458,244.728813559322,18.6508474576271,1171.26779661017,121.935593220339,72.4847457627119,15.7457627118644,355,241.227118644068,283.220338983051,273.071186440678,0.120446349968768,0.0550885285171364
5520,39134,0,0,"LASP",37.1070839,-87.3525878,0,15,138.314814814815,158.055555555556,103.185185185185,0.805850684931507,138.45704467354,124.604810996564,33.8694158075601,8500.68728522337,315.546391752577,-46.0893470790378,361.635738831615,138.429553264605,199.649484536082,243.725085910653,23.1615120274914,1241.83848797251,125.254295532646,74.6288659793814,14.4020618556701,362.185567010309,254.323024054983,292.388316151203,311.522336769759,0.107761208011211,0.0516077595953432
5520,39137,0,0,"LASP",38.2698117,-85.2042619,0,15,125.104166666667,224.55,96.8458333333333,0.804873993110758,125.03,126.006666666667,34.3133333333333,8562.18333333333,306.273333333333,-55.7166666666667,361.99,134.096666666667,163.316666666667,231.516666666667,10.12,1163.60666666667,122.673333333333,71.2933333333333,16.33,346.656666666667,245.413333333333,312.086666666667,257.2,0.110607585670587,0.0511917591326607
5520,39145,0,0,"LASP",38.4235754,-83.0919895,0,15,117.535087719298,265.421052631579,91.3508771929825,0.867013257575757,117.591216216216,132.527027027027,35.8716216216216,8404.77027027027,298.084459459459,-65.9932432432432,364.077702702703,202.547297297297,102.597972972973,222.097972972973,4.3277027027027,1100.13513513514,120.222972972973,71.3986486486486,15.9864864864865,328.591216216216,235.560810810811,318.067567567568,238.996621621622,0.126292559925508,0.0529562969843442
5520,39146,0,0,"LASP",38.4390546,-82.9964384,0,15,118.097222222222,255.277777777778,90.8101851851852,0.863974335216573,118.06976744186,132.747508305648,35.9435215946844,8401.03986710964,298.677740863787,-65.3787375415282,364.056478405316,203.053156146179,105.435215946844,222.58803986711,4.90697674418605,1092.6146179402,119.691029900332,71.1594684385382,15.9700996677741,326.518272425249,234.162790697674,316.97342192691,237.431893687708,0.1268223722546,0.053419510479394
5520,42018,0,0,"LASP",31.9792958,-91.4440435,0,15,183.78431372549,28.9411764705882,118.78431372549,0.803480979986197,183.963768115942,126.963768115942,39.8152173913044,6961.14130434783,337.297101449275,21.9384057971014,315.358695652174,168.771739130435,233.916666666667,270.329710144928,91.4673913043478,1425.89855072464,154.452898550725,82.6992753623188,20.518115942029,423.438405797101,257.224637681159,292.442028985507,419.688405797101,0.108801369141967,0.0587133191755072
5520,42019,0,0,"LASP",31.5639297,-92.963258,0,15,186.074074074074,60.3888888888889,117.00462962963,0.802421532045654,185.778181818182,129.745454545455,40.0472727272727,6909.51636363636,338.923636363636,19.1490909090909,319.774545454545,92.72,236.647272727273,270.665454545455,92.4763636363636,1399.02909090909,155.909090909091,90.7163636363636,15.6036363636364,403.225454545455,285.338181818182,311.530909090909,403.221818181818,0.113592356914919,0.0615620186022159
5520,42021,0,0,"LASP",31.5890857,-93.0409919,0,15,184.787037037037,64.2777777777778,115.703703703704,0.803609036658141,184.956989247312,130.731182795699,40.1039426523297,6945.35483870968,339.136200716846,17.1863799283154,321.94982078853,91.4444444444444,236.043010752688,270.297491039427,91.1075268817204,1387.6523297491,154.186379928315,89.4336917562724,15.673835125448,398.770609318996,282.960573476703,308.63082437276,398.767025089606,0.114812214697387,0.061970606628061
5520,42023,0,0,"LASP",32.7618191,-91.7299813,0,15,176.162280701754,33.6842105263158,114.938596491228,0.803602380405664,176.592857142857,125.492857142857,37.6,7456.87142857143,336.45,6.99642857142857,329.453571428571,152.989285714286,230.282142857143,268.914285714286,76.3285714285714,1379.97857142857,145.017857142857,76.75,19.475,402.496428571429,250.228571428571,282.242857142857,399.828571428571,0.110206793048916,0.058284802938593
5520,42024,0,0,"LASP",32.3944346,-91.6538661,0,15,180.811111111111,26.2666666666667,115.605555555556,0.787538558014755,180.719424460432,124.453237410072,38.226618705036,7252.14748201439,337.384892086331,15.9424460431655,321.442446043165,165.071942446043,232.68345323741,270.744604316547,83.8129496402878,1385.08633093525,147.647482014388,77.8992805755396,20.4784172661871,410.115107913669,248.370503597122,280.679856115108,407.643884892086,0.109106546665371,0.0594821036561826
5520,42025,0,0,"LASP",32.2555287,-92.3123249,0,15,180.294117647059,51.5882352941176,116.269607843137,0.83823118498417,180.329749103943,130.100358422939,39.7670250896057,7105.51971326165,337.706093189964,14.6057347670251,323.100358422939,139.94982078853,231.702508960573,268.63082437276,85.5698924731183,1393.73835125448,148.186379928315,80.2544802867384,17.8602150537634,405.075268817204,264.311827956989,289.132616487455,400.899641577061,0.117119898506982,0.0598572822857539
5520,42026,0,0,"LASP",32.4602687,-92.6215889,0,15,177.093137254902,71,113.75,0.845628169014084,177.248201438849,130.76618705036,39.1546762589928,7261.07913669065,337.539568345324,7.45323741007194,330.086330935252,152.694244604317,230.158273381295,267.377697841727,80.0287769784173,1371.30215827338,145.982014388489,78.9892086330935,16.410071942446,392.431654676259,267.938848920863,289.068345323741,383.935251798561,0.119866027487,0.0601935439138581
5520,42027,0,0,"LASP",32.0735964,-93.9744951,0,15,179.921568627451,85.1764705882353,103.730392156863,0.816051741293532,179.913043478261,132.891304347826,39.713768115942,7178.86231884058,341.126811594203,10.0652173913043,331.061594202899,215.094202898551,259.260869565217,268.95652173913,83.9202898550725,1245.38405797101,136.449275362319,70.6702898550725,15.231884057971,348.152173913043,254.380434782609,267.655797101449,332.695652173913,0.133463645440248,0.0695736680308586
5520,42028,0,0,"LASP",32.5629047,-93.5151899,0,15,178.307291666667,68.8125,104.59375,0.79546619047619,178.22695035461,127.553191489362,38.2304964539007,7339.10638297872,338.294326241135,9.57446808510638,328.719858156028,155.833333333333,236.652482269504,269.673758865248,80.7872340425532,1258.74468085106,129.304964539007,71.9822695035461,14.1808510638298,349.656028368794,252.510638297872,278.304964539007,336.588652482269,0.126076766091217,0.0671903455791516
5520,42036,0,0,"LASP",31.8183596,-92.0510279,0,15,183.754901960784,37.5882352941176,121.210784313725,0.826161659838064,183.820143884892,128.557553956835,40.089928057554,6945.07553956835,337.025179856115,19.6762589928058,317.348920863309,96.4820143884892,234.410071942446,269.496402877698,90.7482014388489,1452.87410071942,159.255395683453,88.9028776978417,18.0431654676259,424.812949640288,279.115107913669,301.802158273381,424.762589928058,0.109466020882447,0.0574677596142902
5520,42037,0,0,"LASP",31.6692857,-93.5736839,0,15,179.770833333333,80,109.645833333333,0.805115788703541,179.884057971014,136.188405797101,40.6086956521739,7081.4347826087,339.231884057971,7.67391304347826,331.557971014493,114.231884057971,242.525362318841,267.018115942029,84.0978260869565,1315.73550724638,144.04347826087,80.731884057971,15.4130434782609,367.467391304348,272.079710144928,290.514492753623,366.376811594203,0.121557194417766,0.0644586474618796
5520,42038,0,0,"LASP",32.4856776,-91.4269719,0,15,179.260416666667,28.6875,116.692708333333,0.784647095405326,179.476534296029,123.270758122744,37.6859205776173,7316.8880866426,335.534296028881,12.4620938628159,323.072202166065,132.545126353791,232.079422382671,269.675090252708,80.826714801444,1399.94945848375,151.902527075812,77.2888086642599,21.4584837545126,416.086642599278,247.364620938628,280.837545126354,414.794223826715,0.106204028768975,0.0580063709600536
5520,42039,0,0,"LASP",32.9513707,-92.2805719,0,15,172.18137254902,46.8823529411765,112.436274509804,0.841699523809524,172.768953068592,132.014440433213,38.7545126353791,7479.81949458484,336.819494584838,-0.498194945848375,337.317689530686,171.382671480144,226.790613718412,265.84476534296,72.7148014440433,1345.84837545126,137.981949458484,78.942238267148,15.3537906137184,385.823104693141,265.581227436823,285.014440433213,368.285198555957,0.119161429867906,0.0593998713613393
5520,42040,0,0,"LASP",32.7507567,-93.5492639,0,15,176.736842105263,73.4210526315789,104.40350877193,0.802360784313726,176.633451957295,128.256227758007,38.1814946619217,7372.20284697509,337.953736654804,7.17437722419929,330.779359430605,167.373665480427,236.612099644128,268.683274021352,78.8362989323843,1254.89323843416,124.580071174377,74.1032028469751,13.1281138790036,347.526690391459,255.391459074733,281.032028469751,329.373665480427,0.126985882131439,0.0668326760947604
5520,42057,0,0,"LASP",31.7369095,-91.5965299,0,15,185.513157894737,30.7368421052632,122.109649122807,0.811610918003565,185.496376811594,126.003623188406,40.0072463768116,6851.23550724638,336.257246376812,24.7355072463768,311.521739130435,143.025362318841,235.065217391304,270.333333333333,94.3949275362319,1461.71376811594,159.445652173913,88.4782608695652,19.1123188405797,428.760869565217,273.297101449275,305.521739130435,426.945652173913,0.106803346809709,0.057375512084066
5520,42058,0,0,"LASP",32.0001519,-92.3835537,0,15,181.686274509804,55.8235294117647,120.519607843137,0.838924019607843,181.714285714286,131.225,40.2214285714286,7003,337.335714285714,15.2607142857143,322.075,100.889285714286,232.707142857143,268.167857142857,87.6357142857143,1442.60714285714,156.364285714286,85.8821428571429,17.5214285714286,418.492857142857,278.914285714286,301.378571428571,417.992857142857,0.112032449612343,0.057558125245467
5520,42059,0,0,"LASP",31.4575093,-93.6603126,0,15,180.838888888889,84.3333333333333,110.95,0.792552526455026,180.852517985612,136.431654676259,40.9208633093525,6982.27338129496,338.863309352518,9.43525179856115,329.428057553957,102.71582733813,241.140287769784,266.435251798561,86.0539568345324,1329.34892086331,143.978417266187,83.6043165467626,14.8525179856115,371.708633093525,277.830935251799,299.730215827338,370.017985611511,0.118184496090581,0.0638700943411262
5520,42060,0,0,"LASP",32.8550727,-91.2622069,0,15,175.955882352941,32.2352941176471,116.362745098039,0.802153160508948,176.003584229391,121.73476702509,36.5770609318996,7526.71326164875,333.885304659498,5.30465949820789,328.58064516129,109.795698924731,230.078853046595,268.31541218638,73.7741935483871,1394.69534050179,151.408602150538,75.0931899641577,21.2867383512545,410.763440860215,244.401433691756,280.440860215054,408.989247311828,0.1078302138474,0.0571072004160171
5520,42061,0,0,"LASP",32.9745407,-92.5649569,0,15,172.421568627451,60.2352941176471,110.367647058824,0.843946478873239,172.494699646643,132.187279151943,38.7809187279152,7488.25795053004,336.731448763251,-1.03533568904594,337.766784452297,173.08480565371,226.805653710247,265.73851590106,72.356890459364,1325.71378091873,136.17667844523,80.3957597173145,14.0070671378092,379.650176678445,270.445229681979,284.978798586572,355.222614840989,0.122332521315236,0.0607181016493574
5520,42062,0,0,"LASP",32.1111307,-93.2537839,0,15,179.021929824561,63.7368421052632,110.09649122807,0.815485990338164,179.126811594203,132.163043478261,39.3442028985507,7262.6847826087,339.420289855072,7.41666666666667,332.003623188406,99.2971014492754,232.576086956522,268.822463768116,81.268115942029,1318.82608695652,143.554347826087,76.6521739130435,16.0036231884058,369.572463768116,263.721014492754,285.275362318841,368.141304347826,0.122236876647197,0.0638599744798658
5520,42119,0,0,"LASP",31.5639297,-92.963258,0,15,186.074074074074,60.3888888888889,117.00462962963,0.802421532045654,185.778181818182,129.745454545455,40.0472727272727,6909.51636363636,338.923636363636,19.1490909090909,319.774545454545,92.72,236.647272727273,270.665454545455,92.4763636363636,1399.02909090909,155.909090909091,90.7163636363636,15.6036363636364,403.225454545455,285.338181818182,311.530909090909,403.221818181818,0.113592356914919,0.0615620186022159
5520,42121,0,0,"LASP",31.5880367,-93.0419379,0,15,184.787037037037,64.2777777777778,115.703703703704,0.803713167701863,184.996402877698,130.705035971223,40.1043165467626,6942.98920863309,339.122302158273,17.2661870503597,321.856115107914,91.5179856115108,236.068345323741,270.305755395683,91.1798561151079,1388.09712230216,154.273381294964,89.5179856115108,15.6654676258993,398.942446043165,283.111510791367,308.845323741007,398.938848920863,0.114798316406999,0.061962269081392
5520,42122,0,0,"LASP",31.0660928,-93.4958419,0,15,184.950980392157,76.5882352941177,116.607843137255,0.770256756383713,185.102941176471,132.257352941176,40.9963235294118,6754.39705882353,336.977941176471,18.4191176470588,318.558823529412,105.900735294118,235.246323529412,267.352941176471,92.9595588235294,1398.97426470588,155.220588235294,91.9926470588235,14.625,399.1875,294.992647058824,330.952205882353,392.691176470588,0.108046200695427,0.0609295633921565
5520,42123,0,0,"LASP",32.551556,-91.627441,0,15,179.348039215686,28.4705882352941,115.627450980392,0.786682358827589,179.039711191336,123.833935018051,37.6931407942238,7361.01444043321,336.602888086643,12.0938628158845,324.509025270758,153.530685920578,231.913357400722,270.176895306859,80.1805054151625,1385.3321299639,147.725631768953,77.0180505415162,20.5379061371841,409.064981949458,247.848375451264,280.306859205776,406.98916967509,0.108017633782147,0.0587266232183632
5520,42124,0,0,"LASP",32.385442,-91.65069,0,15,180.989583333333,26.1875,115.713541666667,0.787659323671497,180.748201438849,124.453237410072,38.2374100719424,7249.52877697842,337.356115107914,15.9892086330935,321.36690647482,164.161870503597,232.697841726619,270.73381294964,83.863309352518,1385.4964028777,147.776978417266,77.9136690647482,20.5071942446043,410.330935251799,248.348920863309,280.694244604317,407.888489208633,0.109092553755456,0.0594707715918704
5520,42125,0,0,"LASP",32.3059287,-92.3460469,0,15,179.384259259259,56.9444444444444,115.217592592593,0.838299144237405,179.789090909091,130.04,39.6436363636364,7135.47636363636,337.701818181818,13.7018181818182,324,146.989090909091,231.4,268.516363636364,84.6654545454546,1384.90909090909,147.08,79.4290909090909,17.7163636363636,402.04,263.050909090909,287.810909090909,396.687272727273,0.118046189913506,0.0602238344457698
5520,42128,0,0,"LASP",32.5540378,-93.482775,0,15,178.130208333333,69.25,105.510416666667,0.797277934272301,178.093525179856,127.694244604317,38.226618705036,7344.94964028777,338.205035971223,9.12589928057554,329.079136690647,151.187050359712,235.370503597122,269.557553956835,80.4856115107914,1262.8381294964,129.942446043165,72.1294964028777,14.2194244604317,350.615107913669,253.262589928058,279.05035971223,338.323741007194,0.12578826642307,0.0668783562631967
5520,42137,0,0,"LASP",31.6696396,-93.5734938,0,15,179.770833333333,80,109.645833333333,0.805115788703541,179.880866425993,136.180505415162,40.6064981949458,7081.9963898917,339.234657039711,7.67509025270758,331.559566787004,114.469314079422,242.490974729242,267.025270758123,84.0902527075812,1315.60649819495,144.039711191336,80.7075812274368,15.4151624548736,367.42238267148,272.028880866426,290.465703971119,366.332129963899,0.121572206904376,0.0644656670997205
5520,42139,0,0,"LASP",32.9487841,-92.2696438,0,15,172.439814814815,46.3888888888889,112.518518518519,0.841616190476191,172.820788530466,131.921146953405,38.7383512544803,7478.67383512545,336.802867383513,-0.336917562724014,337.139784946237,171.444444444444,226.838709677419,265.888888888889,72.7956989247312,1347.16129032258,138.093189964158,78.8494623655914,15.4695340501792,386.286738351254,265.10394265233,285.017921146953,369.301075268817,0.118997663461364,0.0593354422644783
5520,42140,0,0,"LASP",32.7507357,-93.5489809,0,15,176.736842105263,73.4210526315789,104.40350877193,0.802360784313726,176.633451957295,128.256227758007,38.1814946619217,7372.20284697509,337.953736654804,7.17437722419929,330.779359430605,167.373665480427,236.612099644128,268.683274021352,78.8362989323843,1254.89323843416,124.580071174377,74.1032028469751,13.1281138790036,347.526690391459,255.391459074733,281.032028469751,329.373665480427,0.126985882131439,0.0668326760947604
5520,42221,0,0,"LASP",31.4823534,-93.1474655,0,15,184.819444444444,71.7222222222222,115.587962962963,0.793283873259449,184.684981684982,131.252747252747,40.3040293040293,6908.46886446886,338.432234432234,16.8021978021978,321.630036630037,93.4285714285714,235.545787545788,269.457875457875,91.1611721611722,1386.64468864469,154.487179487179,90.4981684981685,15.3846153846154,397.824175824176,285.14652014652,313.07326007326,397.48717948718,0.11312418709679,0.0618299396563787
5520,42240,0,0,"LASP",32.7507357,-93.5489809,0,15,176.736842105263,73.4210526315789,104.40350877193,0.802360784313726,176.633451957295,128.256227758007,38.1814946619217,7372.20284697509,337.953736654804,7.17437722419929,330.779359430605,167.373665480427,236.612099644128,268.683274021352,78.8362989323843,1254.89323843416,124.580071174377,74.1032028469751,13.1281138790036,347.526690391459,255.391459074733,281.032028469751,329.373665480427,0.126985882131439,0.0668326760947604
5520,42301,0,0,"LASP",32.5862893,-93.4321508,0,15,177.180555555556,73.7777777777778,106.12037037037,0.80295,177.370503597122,128.075539568345,38.1978417266187,7363.56474820144,337.830935251799,7.67625899280576,330.154676258993,144.035971223022,233.068345323741,269.028776978417,79.3741007194245,1271.39568345324,130.007194244604,72.9208633093525,14.0179856115108,352.151079136691,255.589928057554,281.359712230216,340.525179856115,0.125337769441894,0.0660879827080066
5520,42302,0,0,"LASP",32.0511467,-92.1260979,0,15,182.421568627451,42.3529411764706,119.191176470588,0.82893812713924,182.24,129.352727272727,39.9927272727273,7015.39272727273,337.567272727273,17.8909090909091,319.676363636364,118.109090909091,232.985454545455,269.207272727273,88.6036363636364,1423.57818181818,152.530909090909,83.9272727272727,18.3381818181818,415.821818181818,269.058181818182,293.509090909091,414.88,0.112689781109031,0.0586323662017391
5520,42303,0,0,"LASP",32.9737057,-91.5183169,0,15,174.087962962963,37.8333333333333,115.666666666667,0.806596498993964,174.569395017794,124.405693950178,36.9039145907473,7558.90035587189,334.928825622776,2.34519572953737,332.583629893238,125.124555160142,228.964412811388,267.640569395018,72.1387900355872,1388.85053380783,147.708185053381,76.5978647686833,19.9003558718861,404.224199288256,248.886120996441,284.124555160142,401.658362989324,0.108562368663802,0.0569608766084155
5520,42304,0,0,"LASP",31.9877557,-93.4428329,0,15,179.151960784314,67.4117647058823,108.245098039216,0.811878606965174,179.268115942029,133.394927536232,39.7427536231884,7210.46376811594,339.434782608696,7.71739130434783,331.717391304348,122.340579710145,238.13768115942,268.31884057971,82.2028985507246,1297.30072463768,143.072463768116,75.8695652173913,15.9963768115942,362.159420289855,262.289855072464,281.394927536232,360.29347826087,0.124610298655896,0.0653466226128745
5520,42305,0,0,"LASP",31.9552681,-92.8142323,0,15,181.25,59.4375,117.958333333333,0.826891428571429,181.547101449275,132.097826086957,39.963768115942,7084.78623188406,338.952898550725,12.2826086956522,326.670289855072,86.5797101449275,233.365942028986,268.81884057971,85.8768115942029,1411.59420289855,154.271739130435,85.4347826086957,16.6485507246377,404.235507246377,279.684782608696,302.463768115942,404.235507246377,0.113759575071955,0.059218793673407
5520,42306,0,0,"LASP",31.9003707,-91.9109869,0,15,183.859649122807,32.9473684210526,120.206140350877,0.813714016872161,183.772058823529,127.735294117647,39.9264705882353,6961.06617647059,337.378676470588,20.7352941176471,316.643382352941,117.294117647059,234.202205882353,269.981617647059,90.9338235294118,1440.54411764706,156.216911764706,86.7573529411765,18.6911764705882,422.290441176471,271.452205882353,297.165441176471,421.636029411765,0.108733362531211,0.0579444801484971
5520,42405,0,0,"LASP",31.9552681,-92.814232,0,15,181.25,59.4375,117.958333333333,0.826891428571429,181.547101449275,132.097826086957,39.963768115942,7084.78623188406,338.952898550725,12.2826086956522,326.670289855072,86.5797101449275,233.365942028986,268.81884057971,85.8768115942029,1411.59420289855,154.271739130435,85.4347826086957,16.6485507246377,404.235507246377,279.684782608696,302.463768115942,404.235507246377,0.113759575071955,0.059218793673407
5520,45011,0,0,"LASP",49.77591,-101.34963,0,15,23.9469696969697,517.5,36.7765151515151,0.827229986105848,24.1795580110497,123.069060773481,24.7651933701657,12547.3535911602,262.080110497238,-224.406077348066,486.486187845304,175.914364640884,-122.223756906077,175.914364640884,-146.991712707182,439.972375690608,72.1823204419889,16.5303867403315,53.9723756906077,198.57182320442,53.8812154696133,198.57182320442,54.0027624309392,0.156134900716198,0.0537475851036624
5520,45111,0,0,"LASP",49.28134,-101.30176,0,15,29.5530303030303,491.590909090909,34.9469696969697,0.801605188827476,30.1348314606742,128.806179775281,25.8061797752809,12489.3258426966,269.702247191011,-219.550561797753,489.252808988764,181.466292134831,-119.233146067416,181.466292134831,-140.424157303371,418.957865168539,72.0842696629213,13.4691011235955,58.7837078651685,193.657303370787,44.2162921348315,193.657303370787,44.4466292134831,0.157654949264416,0.0568086510542392
5520,45209,0,0,"LASP",49.50274,-100.70386,0,15,27.9356060606061,448.045454545455,36.9280303030303,0.810514547156963,27.9027777777778,126.058333333333,25.1805555555556,12637.0416666667,266.980555555556,-223.972222222222,490.952777777778,180.697222222222,-123.497222222222,180.697222222222,-144.838888888889,442.844444444444,73.4444444444444,15.6583333333333,56.3,203.983333333333,50.3083333333333,203.983333333333,50.3916666666667,0.152915077929774,0.054147352085638
5520,45211,0,0,"LASP",49.41432,-100.98697,0,15,29.2651515151515,462,36.2272727272727,0.802399867027271,29.2116991643454,126.824512534819,25.4178272980501,12567.2395543175,268.314763231198,-221.456824512535,489.771587743733,181.233983286908,-122.8356545961,181.233983286908,-142.476323119777,434.58495821727,72.8551532033426,15.1810584958217,56.3064066852368,199.089136490251,49.2367688022284,199.089136490251,49.3621169916435,0.15378861146377,0.0551944331022455
5520,45303,0,0,"LASP",49.04514,-97.183639,0,15,29.1931818181818,251.363636363636,41.5,0.836942753623188,29.033426183844,118.016713091922,23.5626740947075,12922.4317548747,263.50417827298,-226.203342618384,489.707520891365,183.788300835655,-148.902506963788,183.788300835655,-148.902506963788,498.320334261838,81.8050139275766,14.1894150417827,56.4707520891365,223.654596100279,49.9526462395543,223.654596100279,49.9526462395543,0.145779124486734,0.0499443898610764
5520,49039,0,0,"LASP",41.7653686,-85.7505398,0,15,90.2368421052632,260.894736842105,78.1491228070175,0.830632083333333,90.3968253968254,111.11746031746,28.6507936507937,9638.72063492064,284.8,-97.6507936507936,382.450793650794,198.304761904762,-30.2730158730159,209.653968253968,-39.6063492063492,938.288888888889,98.7714285714286,43.7587301587302,22.0063492063492,284.431746031746,159.650793650794,283.615873015873,162.11746031746,0.123623087107591,0.0504150372944836
5520,50001,0,0,"LASP",43.8139858,-91.6904455,0,15,69.0916666666667,312.45,68.6916666666667,0.893374074074074,69.01246105919,119.267912772586,26.3302180685358,11190.6074766355,283.056074766355,-161.856697819315,444.91277258567,203.566978193146,-85.6884735202492,204.816199376947,-85.6884735202492,824.271028037383,107.373831775701,21.3239875389408,46.6355140186916,316.847352024922,76,316.694704049844,76,0.13886017837315,0.0495350384316772
5520,50007,0,0,"LASP",44.2229204,-92.2705246,0,15,66.7105263157895,322.157894736842,67.7324561403509,0.886404417670683,66.9689440993789,120.984472049689,26.5496894409938,11269.2857142857,282.698757763975,-165.229813664596,447.928571428571,203.621118012422,-88.2826086956522,203.621118012422,-88.2826086956522,811.652173913043,112.922360248447,19.5155279503106,47.9689440993789,321.027950310559,72.332298136646,321.027950310559,72.332298136646,0.13807807334236,0.0494174665241333
5520,50029,0,0,"LASP",46.9200866,-96.6109471,0,15,48.9880952380952,295.285714285714,45.5555555555556,0.813578823529412,48.9029411764706,122.797058823529,24.8529411764706,12535.3470588235,282.747058823529,-204.076470588235,486.823529411765,200.514705882353,-123.167647058824,200.514705882353,-123.167647058824,546.870588235294,90.8617647058824,11.2676470588235,58.2676470588235,244.161764705882,42.6058823529412,244.161764705882,42.6058823529412,0.149020063405455,0.0553844546061165
5520,50030,0,0,"LASP",46.0800609,-96.4727186,0,15,56.2159090909091,311.909090909091,46.1022727272727,0.843707818930041,56.0647058823529,123.944117647059,25.2264705882353,12318.3970588235,288.888235294118,-193.311764705882,482.2,197.608823529412,-112.988235294118,205.638235294118,-112.988235294118,554.802941176471,92.4823529411765,12.9941176470588,57.3588235294118,244.473529411765,43.0647058823529,244.005882352941,43.0647058823529,0.160528565196097,0.0586516889892432
5520,50058,0,0,"LASP",44.5207119,-92.3452484,0,15,67.7666666666667,300.65,66.8541666666667,0.896519105691057,67.859756097561,121.371951219512,26.375,11365.4237804878,285.560975609756,-166.323170731707,451.884146341463,205.359756097561,-89.0426829268293,205.359756097561,-89.0426829268293,801.30487804878,110.323170731707,19.2621951219512,48.0060975609756,316.67987804878,71.9146341463415,316.67987804878,71.9146341463415,0.141830161122212,0.0502199719762341
5520,50077,0,0,"LASP",47.4408422,-96.5804582,0,15,44.3730158730159,287,45.468253968254,0.853709704905218,44.4709302325581,122.843023255814,24.75,12628.2529069767,278.933139534884,-209.953488372093,488.886627906977,196.581395348837,-129.154069767442,196.581395348837,-129.154069767442,546.543604651163,92.9389534883721,12.2267441860465,58.6744186046512,246.447674418605,44.5668604651163,246.447674418605,44.5668604651163,0.154427675693217,0.054046669457388
5520,51003,0,0,"LASP",34.5002597,-90.4577249,0,15,162.240740740741,58.7222222222222,112.208333333333,0.790875808555034,162.318021201413,119.56890459364,34.2579505300353,8090.80212014134,330.798586572438,-13.2614840989399,344.060070671378,163.321554770318,219.766784452297,262.515901060071,53.2332155477032,1346.20494699647,140.950530035336,75.5512367491166,20.643109540636,411.91519434629,241.964664310954,275.13074204947,362.855123674912,0.104510182434434,0.0542422001401303
5520,51004,0,0,"LASP",34.8108067,-90.4443729,0,15,160.475490196078,63.7647058823529,109.647058823529,0.789875019561815,160.508710801394,117.885017421603,33.3275261324042,8229.73867595819,330.188153310105,-18.0592334494774,348.247386759582,161.839721254355,219.529616724739,262.331010452962,49.184668989547,1316.95818815331,140.094076655052,77.9094076655052,21.0209059233449,408.477351916376,245.229965156794,265.822299651568,348.149825783972,0.106849839203127,0.0551940810595639
5520,51005,0,0,"LASP",33.2231312,-90.0971252,0,15,170.921052631579,76.0526315789474,117.991228070175,0.820019523809524,171.150537634409,128.437275985663,38.5663082437276,7404.81720430108,331.007168458781,2.1326164874552,328.874551971326,168.777777777778,224.612903225806,262.964157706093,71.8387096774194,1415.28315412186,153.329749103943,77.0716845878136,21.3691756272401,422.724014336918,247.799283154122,287.254480286738,409.146953405018,0.106467812454029,0.0545899220685712
5520,51006,0,0,"LASP",32.8000347,-90.1935199,0,15,174.21568627451,70.7058823529412,116.132352941176,0.809275238095238,174.061151079137,130.208633093525,39.4892086330935,7235.62589928058,332.05035971223,6.14028776978417,325.910071942446,166.967625899281,226.327338129496,263.665467625899,77.1978417266187,1393.56115107914,150.428057553957,76.7877697841727,22.0179856115108,418.776978417266,240.809352517986,284.284172661871,411.658273381295,0.108805352376192,0.056866891791535
5520,51007,0,0,"LASP",33.2124607,-90.6941829,0,15,174.56862745098,33.5882352941176,114.656862745098,0.81496332107506,174.507142857143,121.332142857143,36.2464285714286,7629.34642857143,334.742857142857,4.70714285714286,330.035714285714,169.489285714286,228.7,268.714285714286,71.7571428571429,1375.675,147.978571428571,71.0071428571429,21.7714285714286,410.385714285714,233.867857142857,278.764285714286,397.085714285714,0.111453610102576,0.0577974580777465
5520,51011,0,0,"LASP",34.9619827,-89.8251049,0,15,158.486842105263,100.789473684211,110.714912280702,0.774700900900901,158.638596491228,117.824561403509,34.119298245614,8054.29824561404,325.778947368421,-14.6877192982456,340.466666666667,158.79649122807,216.147368421053,258.838596491228,50.7649122807018,1330.6350877193,139.259649122807,77.5333333333333,19.9052631578947,406.757894736842,247.59298245614,272.035087719298,358.575438596491,0.102477278693482,0.0538172905113123
5520,51012,0,0,"LASP",34.8019937,-89.8113619,0,15,158.194444444444,108.333333333333,112.680555555556,0.795256018518518,158.398601398601,120.062937062937,34.8776223776224,7963.2027972028,325.181818181818,-14.3321678321678,339.513986013986,158.332167832168,215.587412587413,257.405594405594,51.7902097902098,1353.26923076923,141.426573426573,79.472027972028,19.8671328671329,412.451048951049,249.91958041958,276.972027972028,366.27972027972,0.103190307111029,0.0528289661113691
5520,51013,0,0,"LASP",33.6560067,-89.3630129,0,15,165.171296296296,111.611111111111,119.12037037037,0.824936967337227,165.224561403509,134.00350877193,39.5543859649123,7390.97543859649,328.249122807018,-6.4,334.649122807018,139.989473684211,218.898245614035,257.108771929825,66.4245614035088,1429.21403508772,156.010526315789,78.4982456140351,20.5263157894737,423.891228070175,257.754385964912,292.361403508772,410.185964912281,0.103050282598776,0.0518508454467988
5520,51014,0,0,"LASP",33.6380917,-89.7223899,0,15,165.774509803922,96.6470588235294,118.813725490196,0.824454788359788,165.806338028169,132.169014084507,38.9260563380282,7483.83450704225,329.235915492958,-6.27464788732394,335.510563380282,154.408450704225,220.144366197183,258.760563380282,65.4929577464789,1426.6514084507,154.929577464789,77.3556338028169,20.6197183098592,422.774647887324,253.080985915493,291.661971830986,406.200704225352,0.103301926297026,0.0520619640389566
5520,51021,0,0,"LASP",34.9746087,-88.5438689,0,15,153.960784313725,152.235294117647,117.485294117647,0.812445495495495,154.123674911661,132.480565371025,37.5547703180212,7845.52296819788,325.950530035336,-22.1590106007067,348.109540636042,154.314487632509,210.409893992933,251.908127208481,49.1272084805654,1410.56537102473,149.851590106007,80.7809187279152,19.339222614841,422.985865724382,258.632508833922,289.667844522968,389.943462897527,0.0980029208094376,0.0487942987398969
5520,51022,0,0,"LASP",34.2998857,-88.5977339,0,15,161.185185185185,117.333333333333,118.99537037037,0.794207669082126,161.461538461538,131.153846153846,38.1923076923077,7638.29370629371,328.520979020979,-10.3496503496504,338.870629370629,156.555944055944,216.727272727273,256.734265734266,59.5804195804196,1426.16083916084,155.807692307692,81.1188811188811,20.1713286713287,424.688811188811,258.510489510489,289.643356643357,408.143356643357,0.0967169786094135,0.0501886743650123
5520,51025,0,0,"LASP",33.8691757,-88.6571809,0,15,165.078703703704,89.7222222222222,118.337962962963,0.795000591677921,165.244755244755,129.685314685315,38.4335664335664,7516.1993006993,328.758741258741,-4.25524475524475,333.013986013986,136.286713286713,219.517482517483,258.951048951049,65.3671328671329,1417.43006993007,155.206293706294,80.5944055944056,20.7132867132867,422.335664335664,255.664335664336,294.321678321678,409.157342657343,0.0992687859527701,0.0518646562173816
5520,51034,0,0,"LASP",33.6053333,-91.11808,0,15,170.837719298246,41.7894736842105,111.543859649123,0.811211855877617,170.974910394265,120.415770609319,35.405017921147,7803.0752688172,334.652329749104,-1.01792114695341,335.670250896057,139.390681003584,225.921146953405,267.698924731183,65.8207885304659,1336.91039426523,140.899641577061,70.3512544802867,20.2903225806452,394.530465949821,235.706093189964,270.673835125448,379.648745519713,0.113674145596199,0.0586139139820757
5520,51036,0,0,"LASP",32.4505861,-90.8809066,0,15,178.524509803922,44.7647058823529,116.495098039216,0.819074325955734,178.846715328467,124.711678832117,38.6277372262774,7137.84306569343,331.861313868613,13.0182481751825,318.843065693431,95.7226277372263,230.532846715328,266.5,82.7481751824817,1397.91240875912,153.587591240876,76.963503649635,22.2116788321168,418.675182481752,242.978102189781,281.102189781022,417.824817518248,0.112201185807557,0.0585598816719146
5520,51038,0,0,"LASP",33.1294539,-89.1031668,0,15,167.490196078431,135.352941176471,119.053921568627,0.823238028169014,167.533807829181,132.740213523132,40.0213523131673,7224.31316725979,326.822064056939,-0.97508896797153,327.797153024911,124.266903914591,219.761565836299,257.377224199288,71.4199288256228,1429.78647686833,156.985765124555,83.8362989323843,20.4804270462633,430.316725978648,263.434163701068,303.822064056939,411.032028469751,0.104427860797563,0.0529631256267837
5520,51040,0,0,"LASP",33.9667056,-90.7664328,0,15,168.300925925926,45,112.509259259259,0.819385717581863,168.34965034965,118.426573426573,34.5524475524476,7939.45804195804,333.811188811189,-4.14685314685315,337.958041958042,168.723776223776,224.758741258741,266.70979020979,61.4755244755245,1348.8986013986,143.237762237762,70.7972027972028,20.8706293706294,407.034965034965,235.255244755245,272.835664335664,376.293706293706,0.112120956961822,0.0569044936190013
5520,51041,0,0,"LASP",34.3507798,-89.1849649,0,15,160.736111111111,122.888888888889,119.842592592593,0.815397027417027,160.733333333333,129.073684210526,37.7754385964912,7641.28771929825,326.810526315789,-10.7263157894737,337.536842105263,159.645614035088,216.080701754386,255.922807017544,58.7543859649123,1437.0350877193,153.922807017544,80.3614035087719,20.0456140350877,430.112280701754,258.894736842105,292.79649122807,400.866666666667,0.0984847825929616,0.0496767320743554
5520,51042,0,0,"LASP",34.6420194,-88.1386101,0,15,154.5,174.388888888889,119.296296296296,0.815634259259259,154.644366197183,135.647887323944,38.8556338028169,7694.52816901408,325.049295774648,-20.0704225352113,345.119718309859,153.55985915493,210.580985915493,250.426056338028,52.1091549295775,1433.30633802817,158.028169014085,82.8098591549296,19.5457746478873,429.330985915493,264.757042253521,295.461267605634,405.302816901408,0.0966850336419493,0.0480847543191522
5520,51104,0,0,"LASP",34.4218377,-90.4983459,0,15,163.282407407407,54.4444444444444,112.356481481481,0.790502963125549,163.190812720848,119.671378091873,34.3992932862191,8063.57950530035,331.321554770318,-11.7173144876325,343.038869257951,164.137809187279,220.47703180212,263.070671378092,54.5583038869258,1348.36042402827,140.91519434629,74.643109540636,20.5335689045936,410.886925795053,240.922261484099,275.936395759717,365.272084805654,0.104601176186785,0.0544307505426092
5520,51105,0,0,"LASP",33.2231312,-90.097125,0,15,170.921052631579,76.0526315789474,117.991228070175,0.820019523809524,171.150537634409,128.437275985663,38.5663082437276,7404.81720430108,331.007168458781,2.1326164874552,328.874551971326,168.777777777778,224.612903225806,262.964157706093,71.8387096774194,1415.28315412186,153.329749103943,77.0716845878136,21.3691756272401,422.724014336918,247.799283154122,287.254480286738,409.146953405018,0.106467812454029,0.0545899220685712
5520,51113,0,0,"LASP",33.5589457,-89.3902589,0,15,165.350877192982,118.947368421053,119.44298245614,0.826363257807716,165.316725978648,134.437722419929,39.729537366548,7363.61209964413,327.921708185053,-6.14590747330961,334.067615658363,135.29537366548,218.800711743772,256.797153024911,66.8398576512456,1432.24911032028,156.576512455516,79.4128113879004,20.3879003558719,424.338078291815,259.498220640569,294.042704626335,411.604982206406,0.10312017029169,0.0518169848951639
5520,51205,0,0,"LASP",33.2231312,-90.097125,0,15,170.921052631579,76.0526315789474,117.991228070175,0.820019523809524,171.150537634409,128.437275985663,38.5663082437276,7404.81720430108,331.007168458781,2.1326164874552,328.874551971326,168.777777777778,224.612903225806,262.964157706093,71.8387096774194,1415.28315412186,153.329749103943,77.0716845878136,21.3691756272401,422.724014336918,247.799283154122,287.254480286738,409.146953405018,0.106467812454029,0.0545899220685712
5520,52003,0,0,"LASP",36.8637267,-91.6865341,0,15,130.609649122807,306.842105263158,93.7236842105263,0.828363963963964,130.474226804124,138.824742268041,35.1615120274914,8705.2439862543,321.127147766323,-67.7525773195876,388.879725085911,130.539518900344,12.4398625429553,238.611683848797,12.4398625429553,1123.96563573883,119.419243986254,59.3814432989691,18.0927835051546,341,226.044673539519,273.305841924399,226.044673539519,0.124988647165555,0.0568626548796358
5520,52004,0,0,"LASP",36.857026,-92.5003493,0,15,134.270833333333,334.85,90.4125,0.829621621621622,134,136.901694915254,34.8305084745763,8687.75254237288,323.535593220339,-63.6474576271186,387.183050847458,159.637288135593,16.128813559322,241.677966101695,16.128813559322,1084.3186440678,119.8,51.2677966101695,20.1966101694915,327.247457627119,198.328813559322,272.254237288136,198.328813559322,0.133735147242594,0.0612050580542644
5520,52005,0,0,"LASP",36.6608617,-93.9101019,0,15,133.127450980392,391.529411764706,93.3578431372549,0.823398550724638,133.095890410959,130.147260273973,33.8972602739726,8606.05136986301,316.945205479452,-61.2602739726027,378.205479452055,180.61301369863,16.986301369863,240.212328767123,16.986301369863,1119.80136986301,126.36301369863,48.0753424657534,24.4246575342466,354.825342465753,183.952054794521,297.914383561644,183.952054794521,0.128224906784878,0.059146459956805
5520,52006,0,0,"LASP",36.5642282,-94.2388636,0,15,136.127192982456,374.368421052632,93.9254385964912,0.816757407407407,135.814432989691,130.079037800687,34.0378006872852,8541.37113402062,319.168384879725,-57.3161512027491,376.484536082474,183.051546391753,20.766323024055,242.154639175258,20.766323024055,1126.08934707904,129.707903780069,48.9003436426117,25.2405498281787,359.742268041237,182.309278350515,298.408934707904,182.309278350515,0.127476397810576,0.0596817814014226
5520,52008,0,0,"LASP",37.2598585,-90.3074923,0,15,130.2375,193.95,97.1291666666667,0.851424200913242,129.811643835616,135.106164383562,34.2157534246575,8907.47602739726,321.229452054795,-67.8801369863014,389.109589041096,130.732876712329,62.5547945205479,240.291095890411,8.47945205479452,1164.6095890411,121.633561643836,71.2020547945205,16.3390410958904,350.301369863014,249.212328767123,288.280821917808,251.602739726027,0.12097604038827,0.0533752123148133
5520,52009,0,0,"LASP",37.6502657,-90.6780689,0,15,126.125,303.15,91.85,0.854167123287671,126.40404040404,136.16835016835,34.6026936026936,8801.70707070707,317.023569023569,-70.5723905723906,387.59595959596,126.683501683502,6.59259259259259,235.643097643098,6.59259259259259,1104.10437710438,114.43771043771,59.8821548821549,17.7171717171717,328.59595959596,215.279461279461,286.649831649832,215.279461279461,0.129929304390399,0.0566229130073177
5520,52011,0,0,"LASP",37.9039787,-91.4239279,0,15,126.644736842105,317.263157894737,87.2938596491228,0.847875,126.466216216216,136.469594594595,34.1959459459459,8915.15878378378,318.601351351351,-74.3648648648649,392.966216216216,155.746621621622,4.96959459459459,236.898648648649,4.96959459459459,1045.875,116.817567567568,50.2432432432432,20.4425675675676,314.935810810811,183.222972972973,283.625,183.222972972973,0.137373542764446,0.0602421243829125
5520,52012,0,0,"LASP",37.7511032,-92.0354011,0,15,127.925,326.25,88.8791666666667,0.843183333333333,127.979865771812,134.520134228188,33.8859060402685,8911.15436241611,318.322147651007,-72.7785234899329,391.10067114094,173.140939597315,6.7986577181208,238.298657718121,6.7986577181208,1067.01342281879,121.39932885906,49.0201342281879,21.0906040268456,323.288590604027,183.842281879195,286.577181208054,183.842281879195,0.1346149253952,0.0596479392633872
5520,52013,0,0,"LASP",37.5143127,-92.9258039,0,15,129.014705882353,378.823529411765,89.9950980392157,0.803216901408451,129.125423728814,127.779661016949,32.5728813559322,8962.6813559322,317.647457627119,-68.0237288135593,385.671186440678,178.701694915254,7.58305084745763,240.301694915254,7.58305084745763,1079.95254237288,123.477966101695,45.3491525423729,24.4440677966102,336.074576271186,171.518644067797,290.35593220339,171.518644067797,0.126921248840065,0.0593506466331505
5520,52015,0,0,"LASP",37.7705887,-93.8518459,0,15,129.347222222222,279.277777777778,89.287037037037,0.812029680365297,129.433447098976,131.392491467577,32.703071672355,9207.01365187713,323.778156996587,-72.9078498293515,396.686006825939,180.344709897611,4.96245733788396,244.040955631399,4.96245733788396,1071.79863481229,128.897610921502,39.2866894197952,30.6348122866894,355.279863481229,148.972696245734,310.382252559727,148.972696245734,0.12768574760842,0.0589816801768693
5520,52016,0,0,"LASP",37.1404034,-94.1191991,0,15,133.558823529412,344.647058823529,91.3382352941177,0.779713333333333,133.726351351351,125.847972972973,32.5202702702703,8862.06756756757,319.898648648649,-60.5337837837838,380.432432432432,182.006756756757,14.8614864864865,244.621621621622,14.8614864864865,1096.0777027027,129.891891891892,42.527027027027,28.7466216216216,358.158783783784,161.027027027027,307.851351351351,161.027027027027,0.122510445717124,0.0596693496923939
5520,52017,0,0,"LASP",38.5176867,-90.9840159,0,15,124.408333333333,210.3,82.9791666666667,0.859118721461187,124.526666666667,132.166666666667,32.8833333333333,9215.50666666667,318.466666666667,-77.3333333333333,395.8,180.08,-1.04,238.593333333333,-1.04,993.403333333333,111.486666666667,47.8566666666667,20.8833333333333,302.56,173.3,273.343333333333,173.3,0.14353922161915,0.0615707957377817
5520,52018,0,0,"LASP",38.0833137,-91.9847259,0,15,127.370833333333,276.4,86.2833333333333,0.835803703703704,127.654362416107,131.859060402685,33.0201342281879,9068.21812080537,319.197986577181,-73.7718120805369,392.969798657718,178.771812080537,4.59395973154362,240.177852348993,4.59395973154362,1036.30201342282,123.530201342282,45.4429530201342,23.4362416107383,323.328859060403,170.093959731544,285.302013422819,170.093959731544,0.136149166956204,0.0607146799625854
5520,52020,0,0,"LASP",38.2794376,-92.900614,0,15,126.282407407407,267.166666666667,87.0277777777778,0.844151754385965,126.814814814815,127.919191919192,31.8417508417508,9279.67676767677,319.616161616162,-75.8484848484848,395.464646464646,178.548821548822,0.0942760942760943,241.481481481481,0.0942760942760943,1046.12457912458,127.946127946128,38.6026936026936,29,339,148.602693602694,294.986531986532,148.602693602694,0.135617979895764,0.0597433123472945
5520,52021,0,0,"LASP",38.5860411,-92.434843,0,15,126.714912280702,233.631578947368,83.3815789473684,0.819124200913242,126.726666666667,123.443333333333,30.82,9389.00666666667,319.156666666667,-74.8266666666667,393.983333333333,179.716666666667,-0.86,243.176666666667,-0.86,1000.34,125.75,37.1566666666667,29.5166666666667,331.036666666667,143.046666666667,288.803333333333,143.046666666667,0.136312204164633,0.0617877912307663
5520,52022,0,0,"LASP",38.4465267,-93.2213989,0,15,123.092592592593,264.944444444444,86.4768518518518,0.825387111111111,123.335570469799,126.201342281879,31.238255033557,9442.46644295302,317.39932885906,-80.3691275167785,397.768456375839,183.429530201342,-5.39597315436242,240.060402684564,-5.39597315436242,1039.80536912752,127.328859060403,37.5234899328859,31.5738255033557,346.442953020134,138.392617449664,308.570469798658,138.392617449664,0.130353867909027,0.0582579716787323
5520,52023,0,0,"LASP",38.1949807,-93.8401499,0,15,127.570833333333,251.3,87.4666666666667,0.810456888888889,127.389261744966,130.446308724832,32.1543624161074,9360.47315436242,323.375838926174,-76.3120805369127,399.687919463087,186.053691275168,0.728187919463087,243.654362416107,0.728187919463087,1048.69463087248,129.51677852349,37.6677852348993,33.1711409395973,354.275167785235,135.261744966443,320.288590604027,135.261744966443,0.128586842522696,0.0591355953995943
5520,52024,0,0,"LASP",38.9606177,-94.1129899,0,15,121.976851851852,260.777777777778,83.1759259259259,0.828352136752137,122.261589403974,122.258278145695,30.1225165562914,9658.00331125828,317.288079470199,-81.8940397350993,399.182119205298,220.281456953642,-8.39403973509934,241.503311258278,-8.39403973509934,997.387417218543,127.579470198675,33.5894039735099,39.1854304635762,356.761589403974,110.761589403974,332.294701986755,110.761589403974,0.136170082784518,0.0603803996185868
5520,52025,0,0,"LASP",39.6396973,-91.556756,0,15,116.986111111111,201.5,81.4768518518518,0.829936796536796,116.963815789474,118.802631578947,29.1282894736842,9881.67763157895,314.171052631579,-86.6776315789474,400.848684210526,217.427631578947,-18.1546052631579,238.513157894737,-18.1546052631579,976.888157894737,113.917763157895,38.4375,29.3618421052632,321.953947368421,138.217105263158,302.230263157895,138.217105263158,0.134384417536813,0.058596340617679
5520,52026,0,0,"LASP",39.7354717,-91.6029119,0,15,116.280701754386,199.315789473684,81.280701754386,0.827435135135135,116.384868421053,118.164473684211,28.9276315789474,9913.75657894737,313.638157894737,-87.6710526315789,401.309210526316,217.197368421053,-19.2302631578947,238.269736842105,-19.2302631578947,974.092105263158,113.651315789474,37.9144736842105,30.0592105263158,322.200657894737,135.638157894737,303.838815789474,135.638157894737,0.133834333935077,0.0584458263286993
5520,52028,0,0,"LASP",39.4294496,-92.5567869,0,15,117.412280701754,235.473684210526,83.4210526315789,0.820726126126126,117.679867986799,118.877887788779,29.1518151815182,9784.10231023102,313.118811881188,-87.3531353135314,400.471947194719,217.359735973597,-16.2640264026403,237.821782178218,-16.2640264026403,1000.39273927393,120.498349834984,36.6303630363036,33.2871287128713,339.653465346535,127.848184818482,314.617161716172,127.848184818482,0.130495866310642,0.057737480586254
5520,52029,0,0,"LASP",39.3300772,-93.8041794,0,15,118.9625,246.45,81.2375,0.850397807017544,118.983443708609,122.976821192053,30.0099337748344,9778.14569536424,316.513245033113,-87.4039735099338,403.917218543046,218.807947019868,-14.3509933774834,239.192052980132,-14.3509933774834,975.466887417219,119.284768211921,31.5596026490066,38.0860927152318,342.850993377483,110.076158940397,320.970198675497,110.076158940397,0.141305305570526,0.0604329951314526
5520,52030,0,0,"LASP",39.4087287,-93.7397839,0,15,118.407894736842,243.842105263158,80.9736842105263,0.846635135135135,118.173333333333,123.003333333333,29.9666666666667,9811.87333333333,316.233333333333,-88.9433333333333,405.176666666667,218.38,-15.9133333333333,238.656666666667,-15.9133333333333,969.186666666667,118.256666666667,30.9433333333333,37.9933333333333,338.94,109.393333333333,318.166666666667,109.393333333333,0.140812790391829,0.0603651805878508
5520,52031,0,0,"LASP",39.7275367,-94.0632469,0,15,112.092105263158,277.947368421053,78.0701754385965,0.817748484848485,111.970491803279,124.304918032787,29.4098360655738,10066.4524590164,313.022950819672,-102.222950819672,415.245901639344,215.852459016393,-26.7475409836066,235.137704918033,-26.7475409836066,935.596721311475,118.003278688525,26.3934426229508,41.7213114754098,334.495081967213,96.7213114754098,318.767213114754,96.7213114754098,0.136258770490962,0.059577212129012
5520,52032,0,0,"LASP",39.6539807,-94.6654829,0,15,116.158333333333,291.75,77.5333333333333,0.824649561403509,116.53795379538,122.924092409241,29.4752475247525,9990.9702970297,315.237623762376,-94.8184818481848,410.056105610561,219.234323432343,-20.2739273927393,239.336633663366,-20.2739273927393,931.640264026403,122.577557755776,26,45.5313531353135,351.254125412541,90.1353135313531,336.369636963696,90.1353135313531,0.141837389925875,0.0622028486737009
5520,52033,0,0,"LASP",40.4712817,-91.7164609,0,15,107.004385964912,204.210526315789,79.1578947368421,0.854008974358974,106.99674267101,118.328990228013,28.1237785016287,10248.8436482085,308.361563517915,-105.156351791531,413.517915309446,217.14657980456,-34.1172638436482,232.527687296417,-34.1172638436482,950.758957654723,116.667752442997,31.7947882736156,34.9381107491857,326.211726384365,118.788273615635,312.71335504886,118.788273615635,0.136218316238398,0.056203192030482
5520,52034,0,0,"LASP",40.0661717,-92.4966959,0,15,110.133333333333,262.4,80.9541666666667,0.830958974358974,110.101639344262,122.16393442623,29.6327868852459,9904.04918032787,309.081967213115,-97.383606557377,406.465573770492,214.508196721311,-25.4918032786885,231.383606557377,-25.4918032786885,970.934426229508,113.777049180328,34.5114754098361,34.9213114754098,328.275409836066,121.291803278689,317.026229508197,121.291803278689,0.13219186587124,0.0566490271428913
5520,52035,0,0,"LASP",40.0903817,-93.5563439,0,15,109.025,263.05,79.8458333333333,0.820870666666667,109.269736842105,124.246710526316,29.5032894736842,10078.625,311.733552631579,-103.233552631579,414.967105263158,213.868421052632,-29.3848684210526,232.773026315789,-29.3848684210526,966.121710526316,116.483552631579,32.4046052631579,36.3618421052632,329.980263157895,118.546052631579,314.641447368421,118.546052631579,0.130333958334464,0.0564315118279075
5520,52036,0,0,"LASP",40.0768697,-94.8528289,0,15,109.675,302.45,74.7166666666667,0.844467117117117,109.764705882353,125.084967320261,29.4019607843137,10222.5980392157,312.71568627451,-105.359477124183,418.075163398693,216.091503267974,-30.6013071895425,235.222222222222,-30.6013071895425,897.447712418301,115.996732026144,22.6437908496732,47.0751633986928,336.996732026144,80.3169934640523,330.607843137255,80.3169934640523,0.146620294898602,0.0616703798686872
5520,52037,0,0,"LASP",40.4658297,-95.2344749,0,15,104.990740740741,314.333333333333,72.2407407407407,0.854288888888889,105.058252427184,126.702265372168,29.3592233009709,10440.7961165049,311.540453074434,-113.404530744337,424.94498381877,216.996763754045,-37.8155339805825,233.343042071197,-37.8155339805825,867.592233009709,111.899676375405,20.6148867313916,48.2556634304207,331.15857605178,73.3300970873786,329.449838187702,73.3300970873786,0.150226556023803,0.0616799248354654
5520,52052,0,0,"LASP",36.9623781,-90.5490559,0,15,133.593137254902,175.294117647059,98.2401960784314,0.833820720720721,134.098639455782,135.751700680272,34.2244897959184,8903.42857142857,325.87074829932,-64.7278911564626,390.598639455782,135.132653061224,137.159863945578,244.503401360544,12.9149659863946,1182,123.959183673469,73.0748299319728,16.3571428571429,355.690476190476,257.020408163265,280.360544217687,267.027210884354,0.117774754664715,0.0537106847374077
5520,52053,0,0,"LASP",36.7289917,-90.9894119,0,15,134.71568627451,184.823529411765,98.906862745098,0.839136574074074,134.106529209622,141.237113402062,35.6529209621993,8734.51546391753,326.309278350515,-63.4879725085911,389.797250859107,134.852233676976,123.209621993127,242.883161512027,16.1237113402062,1184.65635738832,122.872852233677,72.7113402061856,16.2646048109966,355.305841924399,257.646048109966,275.054982817869,266.635738831615,0.118598651319797,0.0537404847093034
5520,52055,0,0,"LASP",36.8802807,-93.3981849,0,15,130.907407407407,370.166666666667,91.9490740740741,0.813155111111111,130.843003412969,132.249146757679,34.0341296928328,8731.10921501706,317.191126279863,-66.1638225255973,383.354948805461,178.815699658703,12.7508532423208,239.334470989761,12.7508532423208,1101.68941979522,120.938566552901,47.8668941979522,23.1467576791809,341.122866894198,184.651877133106,290.976109215017,184.651877133106,0.126779132561532,0.0588432586854188
5520,52057,0,0,"LASP",37.6791707,-90.0763459,0,15,126.912037037037,212.611111111111,92.4351851851852,0.833033796296296,127.135135135135,131.209459459459,33.4391891891892,9003.15202702703,317.885135135135,-68.5168918918919,386.402027027027,127.040540540541,5.03378378378378,239.209459459459,5.03378378378378,1111.5,116.277027027027,62.6385135135135,17.3074324324324,330.527027027027,225.087837837838,288.10472972973,225.087837837838,0.123313306955148,0.0552063479753334
5520,52058,0,0,"LASP",37.5165109,-91.0309594,0,15,129.236111111111,325.5,91.9027777777778,0.867098648648649,129.020202020202,138.094276094276,35.010101010101,8700.75084175084,318.774410774411,-69.4949494949495,388.26936026936,129.707070707071,10.1481481481481,236.346801346801,10.1481481481481,1102.15151515152,113.855218855219,56.8922558922559,18.4882154882155,327.690235690236,210.353535353535,284.518518518519,210.353535353535,0.135077134933468,0.0583261065750442
5520,52059,0,0,"LASP",37.3383177,-92.8345789,0,15,128.316666666667,406.15,90.6125,0.808333333333333,128.340136054422,128.200680272109,32.7993197278912,8906.3231292517,316.224489795918,-68.0612244897959,384.285714285714,177.625850340136,7.56122448979592,238.744897959184,7.56122448979592,1087.65646258503,122.472789115646,47.3163265306122,23.2074829931973,334.37074829932,178.431972789116,288.513605442177,178.431972789116,0.126950542144743,0.0589197148297117
5520,52061,0,0,"LASP",38.3512407,-91.8060379,0,15,125.258771929825,245.368421052632,84.0745614035088,0.827303153153153,125.205387205387,130.279461279461,32.3569023569024,9240.46127946128,318.791245791246,-77.8249158249158,396.616161616162,177.498316498317,-0.36026936026936,239.919191919192,-0.36026936026936,1007.87205387205,121.939393939394,43.0673400673401,24.5353535353535,319.885521885522,162.579124579125,281.262626262626,162.579124579125,0.1361074039712,0.0608753794855456
5520,52062,0,0,"LASP",38.1619747,-92.5999229,0,15,129.453703703704,264.833333333333,87.1018518518518,0.837349074074074,129.526845637584,130.647651006711,32.6208053691275,9129.73489932886,321.332214765101,-72.506711409396,393.838926174497,180.204697986577,5.11409395973154,242.453020134228,5.11409395973154,1044.47651006711,126.607382550336,40.5369127516779,26.8087248322148,331.993288590604,157.322147651007,287.687919463087,157.322147651007,0.136298734917091,0.0609501957487267
5520,52064,0,0,"LASP",39.1033113,-91.1438533,0,15,119.55701754386,206.947368421053,80.7149122807018,0.842329333333333,119.419141914191,125.854785478548,31.2244224422442,9498.09240924092,315.260726072607,-81.4257425742574,396.686468646865,215.821782178218,-9.72607260726073,236.907590759076,-9.72607260726073,969.821782178218,111.221122112211,41.6567656765677,25.1617161716172,308.693069306931,152.86798679868,284.009900990099,152.86798679868,0.13980007924262,0.0603946901142107
5520,52068,0,0,"LASP",40.1681387,-92.5154419,0,15,108.858333333333,263.8,80.4333333333333,0.836443378995434,108.771986970684,122.469055374593,29.6026058631922,9939.60912052117,308.478827361564,-99.2052117263844,407.684039087948,214.631921824104,-27.299674267101,230.462540716612,-27.299674267101,964.882736156352,113.420195439739,34.1889250814332,35.3550488599349,327.941368078176,119.837133550489,317.742671009772,119.837133550489,0.133274856109324,0.0565301276633894
5520,52070,0,0,"LASP",40.1002567,-94.1422189,0,15,107.377192982456,284.421052631579,75.6842105263158,0.816856444444444,107.387622149837,124.703583061889,29.1107491856678,10227.6384364821,311.654723127036,-108.589576547231,420.244299674267,217.687296416938,-33.4723127035831,232.788273615635,-33.4723127035831,907.99674267101,116.097719869707,23.8469055374593,43.85667752443,328.729641693811,87.1986970684039,317.869706840391,87.1986970684039,0.137064509694511,0.0592738802286181
5520,52071,0,0,"LASP",40.025462,-95.0331182,0,15,111.859649122807,299.631578947368,74.8070175438596,0.857309523809524,111.575657894737,125.618421052632,29.5888157894737,10220.8453947368,314.483552631579,-103.585526315789,418.069078947368,217.756578947368,-28.5197368421053,237.125,-28.5197368421053,895.865131578947,116.953947368421,22.4144736842105,47.6776315789474,339.269736842105,79.0460526315789,332.726973684211,79.0460526315789,0.150964316082573,0.0627984144823102
5520,52109,0,0,"LASP",37.6701567,-90.6467484,0,15,126.125,303.15,91.85,0.852730092592593,126.121621621622,135.810810810811,34.5236486486486,8817.01013513513,316.75,-70.7195945945946,387.469594594595,126.334459459459,6.13851351351351,235.614864864865,6.13851351351351,1102.11824324324,114.466216216216,59.8243243243243,17.7297297297297,328.070945945946,214.733108108108,286.570945945946,214.733108108108,0.129737235974596,0.0565968651480128
5520,52112,0,0,"LASP",37.751103,-92.035401,0,15,127.925,326.25,88.8791666666667,0.843183333333333,127.979865771812,134.520134228188,33.8859060402685,8911.15436241611,318.322147651007,-72.7785234899329,391.10067114094,173.140939597315,6.7986577181208,238.298657718121,6.7986577181208,1067.01342281879,121.39932885906,49.0201342281879,21.0906040268456,323.288590604027,183.842281879195,286.577181208054,183.842281879195,0.1346149253952,0.0596479392633872
5520,52117,0,0,"LASP",38.4847567,-90.9431139,0,15,124.555555555556,206.833333333333,82.8935185185185,0.856615315315315,124.619528619529,132.56228956229,32.979797979798,9204.20202020202,318.43771043771,-77.4107744107744,395.848484848485,174.538720538721,-0.875420875420875,238.552188552189,-0.875420875420875,996.346801346801,111.242424242424,48.5622895622896,20.4848484848485,302.006734006734,175.575757575758,272.781144781145,175.575757575758,0.142542860545504,0.0613454000885397
5520,52122,0,0,"LASP",38.4464167,-93.2211229,0,15,123.092592592593,264.944444444444,86.4768518518518,0.825387111111111,123.335570469799,126.201342281879,31.238255033557,9442.46644295302,317.39932885906,-80.3691275167785,397.768456375839,183.429530201342,-5.39597315436242,240.060402684564,-5.39597315436242,1039.80536912752,127.328859060403,37.5234899328859,31.5738255033557,346.442953020134,138.392617449664,308.570469798658,138.392617449664,0.130353867909027,0.0582579716787323
5520,52124,0,0,"LASP",38.6698532,-94.1050404,0,15,123.657407407407,267.944444444444,84.8194444444444,0.811680365296804,123.638157894737,125.101973684211,30.6973684210526,9600.32894736842,319.680921052632,-81.4901315789474,401.171052631579,218.207236842105,-6.50328947368421,242.174342105263,-6.50328947368421,1018.59210526316,132.513157894737,34.8190789473684,37.9769736842105,357.707236842105,115.842105263158,332.671052631579,115.842105263158,0.130908727533362,0.0595105397334388
5520,52126,0,0,"LASP",39.5296983,-91.2159803,0,15,115.898148148148,201.055555555556,80.6990740740741,0.842511403508772,115.868421052632,118.888157894737,29.4210526315789,9780.58881578947,311.460526315789,-86.0493421052632,397.509868421053,215.440789473684,-17.5230263157895,236.243421052632,-17.5230263157895,966.411184210526,112.128289473684,38.6644736842105,28.0065789473684,314.213815789474,141.401315789474,292.930921052632,141.401315789474,0.137693553895243,0.058935406795405
5520,52130,0,0,"LASP",39.4087287,-93.7397839,0,15,118.407894736842,243.842105263158,80.9736842105263,0.846635135135135,118.173333333333,123.003333333333,29.9666666666667,9811.87333333333,316.233333333333,-88.9433333333333,405.176666666667,218.38,-15.9133333333333,238.656666666667,-15.9133333333333,969.186666666667,118.256666666667,30.9433333333333,37.9933333333333,338.94,109.393333333333,318.166666666667,109.393333333333,0.140812790391829,0.0603651805878508
5520,52133,0,0,"LASP",40.4712811,-91.7164602,0,15,107.004385964912,204.210526315789,79.1578947368421,0.854008974358974,106.99674267101,118.328990228013,28.1237785016287,10248.8436482085,308.361563517915,-105.156351791531,413.517915309446,217.14657980456,-34.1172638436482,232.527687296417,-34.1172638436482,950.758957654723,116.667752442997,31.7947882736156,34.9381107491857,326.211726384365,118.788273615635,312.71335504886,118.788273615635,0.136218316238398,0.056203192030482
5520,52136,0,0,"LASP",40.0840684,-94.8524242,0,15,109.675,302.45,74.7166666666667,0.845331140350877,109.574675324675,125.126623376623,29.4090909090909,10225.6006493507,312.61038961039,-105.558441558442,418.168831168831,216.058441558442,-30.8279220779221,235.074675324675,-30.8279220779221,897.048701298701,115.87012987013,22.5779220779221,47.0909090909091,336.821428571429,80.1558441558442,330.594155844156,80.1558441558442,0.146728802012268,0.0616211866455561
5520,52137,0,0,"LASP",40.4657727,-95.2344499,0,15,104.990740740741,314.333333333333,72.2407407407407,0.854288888888889,105.058252427184,126.702265372168,29.3592233009709,10440.7961165049,311.540453074434,-113.404530744337,424.94498381877,216.996763754045,-37.8155339805825,233.343042071197,-37.8155339805825,867.592233009709,111.899676375405,20.6148867313916,48.2556634304207,331.15857605178,73.3300970873786,329.449838187702,73.3300970873786,0.150226556023803,0.0616799248354654
5520,52139,0,0,"LASP",40.172626,-94.201898,0,15,106.95,288.05,75.3833333333333,0.818489035087719,106.845901639344,124.36393442623,29.0426229508197,10246.268852459,311.449180327869,-108.672131147541,420.12131147541,218.206557377049,-34.055737704918,232.616393442623,-34.055737704918,903.554098360656,115.396721311475,23.4622950819672,44.3967213114754,329.062295081967,85.0393442622951,319.665573770492,85.0393442622951,0.137758748419723,0.059370646339538
5520,52143,0,0,"LASP",39.439109,-94.944187,0,15,121.978070175439,292.157894736842,78.640350877193,0.810594666666667,122.225165562914,120.82119205298,29.6456953642384,9820.04304635762,319.062913907285,-83.0993377483444,402.162251655629,223.14238410596,-10.7814569536424,243.533112582781,-10.7814569536424,945.049668874172,129.721854304636,26.1291390728477,46.4205298013245,362.576158940397,89.4602649006623,344.149006622517,89.4602649006623,0.140957752676629,0.0638090603452793
5520,52144,0,0,"LASP",39.195858,-93.665217,0,15,121.008333333333,234.2,82.4166666666667,0.857086147186147,120.848184818482,122.369636963696,30.046204620462,9712.52475247525,317.46204620462,-83.7821782178218,401.244224422442,220.059405940594,-11.2178217821782,240.544554455446,-11.2178217821782,987.135313531353,120.3300330033,33.3531353135314,36.8712871287129,343.947194719472,114.201320132013,319.871287128713,114.201320132013,0.141994786951244,0.0605184330680178
5520,52145,0,0,"LASP",39.026638,-92.547115,0,15,122.050925925926,230.277777777778,82.8009259259259,0.829787280701754,121.715231788079,118.324503311258,29.294701986755,9672.01986754967,315.864238410596,-81.1390728476821,397.003311258278,202.208609271523,-10.2086092715232,241.102649006623,-10.2086092715232,993.933774834437,123.645695364238,36.2350993377483,32.0960264900662,335.764900662252,131.96357615894,302.364238410596,131.96357615894,0.135854823640188,0.0600131018447107
5520,52149,0,0,"LASP",38.372932,-93.469628,0,15,124.305555555556,262.388888888889,87.0277777777778,0.81728717948718,124.183333333333,127.693333333333,31.5366666666667,9430.12666666667,319.01,-79.5733333333333,398.583333333333,187.46,-3.92666666666667,241.006666666667,-3.92666666666667,1043.18666666667,127.68,37.58,32.5133333333333,351.1,135.896666666667,315.976666666667,135.896666666667,0.128806977493303,0.0582754917974772
5520,52150,0,0,"LASP",38.322228,-92.36526,0,15,128.114035087719,243.263157894737,84.9780701754386,0.820000900900901,128.302013422819,128.832214765101,32.1375838926174,9218.19798657718,320.476510067114,-74.1208053691275,394.597315436242,179.677852348993,2.89597315436242,242.489932885906,2.89597315436242,1020.84228187919,125.825503355705,39.7785234899329,27.1979865771812,329.020134228188,153.828859060403,285.456375838926,153.828859060403,0.134840436646868,0.0613451440364826
5520,52153,0,0,"LASP",37.537148,-94.040652,0,15,132.06862745098,300.823529411765,90.7009803921569,0.786938812785388,131.819112627986,129.092150170648,32.6109215017065,9091.19795221843,323.0204778157,-66.7645051194539,389.784982935154,181.679180887372,9.64846416382253,245.365187713311,9.64846416382253,1086.87372013652,131.112627986348,40.5119453924915,30.1569965870307,359.703071672355,153.368600682594,312.645051194539,153.368600682594,0.122908791249183,0.0589853245775438
5520,52154,0,0,"LASP",37.396993,-93.726898,0,15,130.710526315789,334.421052631579,90.5526315789474,0.784376712328767,130.760273972603,128.359589041096,32.75,8991.02054794521,320.047945205479,-66.8287671232877,386.876712328767,179.828767123288,9.87671232876712,243.065068493151,9.87671232876712,1085.72260273973,126.013698630137,42.3801369863014,27.6061643835616,351.544520547945,162.958904109589,303.544520547945,162.958904109589,0.122647934958546,0.0589275981648419
5520,52155,0,0,"LASP",37.937149,-92.441823,0,15,129.767543859649,288.210526315789,88.0482456140351,0.832455111111111,129.952542372881,134.193220338983,33.7593220338983,8963.26440677966,320.749152542373,-71.2237288135593,391.972881355932,179.8,8.10508474576271,240.88813559322,8.10508474576271,1058.45762711864,124.837288135593,44.2338983050847,24.1728813559322,328.579661016949,169.250847457627,286.579661016949,169.250847457627,0.134138303518431,0.0604649278718806
5520,52156,0,0,"LASP",37.967583,-91.271917,0,15,125.259259259259,298.944444444444,87.0138888888889,0.857630303030303,125.354948805461,138.129692832765,34.481228668942,8929.36860068259,318.42662116041,-76.3617747440273,394.788395904437,152.337883959044,3.48805460750853,235.952218430034,3.48805460750853,1043.39931740614,115.843003412969,50.5972696245734,20.122866894198,313.204778156997,184.621160409556,281.860068259386,184.621160409556,0.138521795913662,0.0598309129138539
5520,52157,0,0,"LASP",37.671966,-90.558115,0,15,125.74537037037,288.777777777778,92.1296296296296,0.851722831050229,125.738983050847,135.057627118644,34.3593220338983,8844.82372881356,316.396610169492,-70.7627118644068,387.159322033898,125.864406779661,5.47796610169492,235.684745762712,5.47796610169492,1104.3593220339,114.827118644068,60.5152542372881,17.6338983050847,328.922033898305,216.461016949153,287.298305084746,216.461016949153,0.128646243039852,0.0561289189014032
5520,52158,0,0,"LASP",37.039352,-89.528728,0,15,140.319444444444,105.5,100.796296296296,0.766067555555556,140.078231292517,119.425170068027,31.4115646258503,8993.68367346939,324.47619047619,-49.4353741496599,373.91156462585,140.863945578231,196.857142857143,251.884353741497,18.0680272108844,1209.02380952381,129.37074829932,75.0238095238095,16.5272108843537,370.795918367347,255.608843537415,283.374149659864,280.105442176871,0.104962939215871,0.0529588612003076
5520,52159,0,0,"LASP",36.995397,-94.350659,0,15,136.116666666667,332.6,91.4208333333333,0.791202777777778,136.414965986395,126.908163265306,33.0034013605442,8756.38095238095,321.659863945578,-56.578231292517,378.238095238095,184.496598639456,19.0442176870748,245.996598639456,19.0442176870748,1097.02380952381,129.744897959184,43.1190476190476,28.9183673469388,358.08843537415,160.772108843537,305.343537414966,160.772108843537,0.126007195478648,0.0608775358616601
5520,52160,0,0,"LASP",36.536803,-93.105827,0,15,137.740740740741,326.833333333333,92.4490740740741,0.810224324324324,137.479452054795,136.130136986301,35.25,8495.44863013699,324.36301369863,-56.5102739726027,380.873287671233,179.448630136986,22.8219178082192,243.345890410959,22.8219178082192,1109.58561643836,124.784246575342,53.3664383561644,20.763698630137,338.931506849315,202.243150684931,280.530821917808,202.243150684931,0.128507254686101,0.0608117688286808
5520,52162,0,0,"LASP",36.56879,-91.824506,0,15,133.671052631579,268.578947368421,94.3991228070175,0.802725238095238,133.721649484536,141.360824742268,35.7903780068728,8646.78006872852,325.061855670103,-64.2302405498282,389.292096219931,133.680412371134,18.4845360824742,241.556701030928,16.9518900343643,1132.22336769759,120.371134020619,63.6185567010309,17.3951890034364,342.927835051546,236.020618556701,264.80412371134,236.027491408935,0.120339534397477,0.0569710225530979
5520,52163,0,0,"LASP",36.119345,-90.248525,0,15,151.138888888889,84.6111111111111,103.421296296296,0.752113513513514,151.493055555556,118.270833333333,32,8699.96180555555,331.267361111111,-32.7465277777778,364.013888888889,152.284722222222,228.670138888889,259.350694444444,33.7951388888889,1242.27083333333,131.802083333333,73.7118055555556,18.1215277777778,383.857638888889,253.704861111111,259.263888888889,306.229166666667,0.104764623447051,0.0553728995012901
5520,52212,0,0,"LASP",37.618747,-92.154503,0,15,127.597222222222,340.444444444444,89.4259259259259,0.834143111111111,127.60409556314,135.211604095563,34.0955631399317,8881.53242320819,317.839590443686,-73,390.839590443686,171.064846416382,6.77133105802048,237.457337883959,6.77133105802048,1075.32081911263,120.959044368601,49.4505119453925,20.7849829351536,325.023890784983,186.419795221843,285.580204778157,186.419795221843,0.131701426087695,0.0589913000230217
5520,52217,0,0,"LASP",38.4856457,-90.9431079,0,15,124.555555555556,206.833333333333,82.8935185185185,0.856615315315315,124.619528619529,132.56228956229,32.979797979798,9204.20202020202,318.43771043771,-77.4107744107744,395.848484848485,174.538720538721,-0.875420875420875,238.552188552189,-0.875420875420875,996.346801346801,111.242424242424,48.5622895622896,20.4848484848485,302.006734006734,175.575757575758,272.781144781145,175.575757575758,0.142542860545504,0.0613454000885397
5520,52317,0,0,"LASP",38.4847647,-90.9431159,0,15,124.555555555556,206.833333333333,82.8935185185185,0.856615315315315,124.619528619529,132.56228956229,32.979797979798,9204.20202020202,318.43771043771,-77.4107744107744,395.848484848485,174.538720538721,-0.875420875420875,238.552188552189,-0.875420875420875,996.346801346801,111.242424242424,48.5622895622896,20.4848484848485,302.006734006734,175.575757575758,272.781144781145,175.575757575758,0.142542860545504,0.0613454000885397
5520,53001,0,0,"LASP",48.3571764,-115.0332204,0,15,39.6706349206349,1292.28571428571,55.0873015873016,0.855717037037037,40.4472934472934,136.994301994302,36.3703703703704,7819.49002849003,254.319088319088,-117.131054131054,371.450142450142,-51.2079772079772,133.404558404558,142.310541310541,-57.9430199430199,658.512820512821,78.1709401709402,34.6809116809117,26,225.452991452991,117.116809116809,139.364672364672,210.358974358974,0.16053458573264,0.0567845719235243
5520,53004,0,0,"LASP",48.9576837,-112.3253929,0,15,50.3409090909091,1162,28.7878787878788,0.570022592592593,50.4676056338028,135.335211267606,33.2028169014085,9014.90704225352,259.678873239437,-141.825352112676,401.504225352113,141.864788732394,-61.256338028169,165.780281690141,-65.6028169014084,343.146478873239,70.4704225352113,9.15774647887324,66.3492957746479,163.985915492958,32.6901408450704,149.002816901408,32.6901408450704,0.151043864504905,0.0766719550235414
5520,53005,0,0,"LASP",48.8711551,-111.622297,0,15,55.3787878787879,1083.95454545455,26.6477272727273,0.52728202247191,55.4281690140845,142.616901408451,34.1323943661972,9217.48450704225,270.174647887324,-141.580281690141,411.754929577465,149.208450704225,-64.2422535211268,172.805633802817,-64.4112676056338,320.777464788732,63.430985915493,8.16901408450704,65.1802816901408,153.698591549296,30.5098591549296,137.577464788732,30.5098591549296,0.146867437608622,0.0793017895401778
5520,53006,0,0,"LASP",48.0610003,-110.3321782,0,15,65.7613636363636,909.954545454545,29.7310606060606,0.468034117647059,65.2514285714286,156.628571428571,34.7657142857143,9805.22,298.228571428571,-146.277142857143,444.505714285714,165.417142857143,-64.1742857142857,190.005714285714,-64.1742857142857,351.422857142857,64.8685714285714,10.6771428571429,59.0057142857143,162.837142857143,41.9114285714286,135.574285714286,41.9114285714286,0.132705039327264,0.078788084858956
5520,53007,0,0,"LASP",48.2967897,-109.0648339,0,15,53.2386363636364,970.863636363636,30.6439393939394,0.581675949097719,53.7011494252874,150.824712643678,33.5488505747126,10010.6954022989,282.971264367816,-160.433908045977,443.405172413793,156.347701149425,-73.6436781609195,180.689655172414,-78.1408045977011,368.689655172414,63.6091954022989,11.9166666666667,55.183908045977,167.640804597701,45.117816091954,142.431034482759,45.1752873563218,0.147083750177504,0.0740045285193245
5520,53008,0,0,"LASP",48.3824357,-108.7144099,0,15,55.2083333333333,857,28.0833333333333,0.562020978087735,54.6505681818182,153.818181818182,33.3380681818182,10341.2045454545,288.636363636364,-166.360795454545,454.997159090909,160.963068181818,-74.5625,184.920454545455,-82.6619318181818,336.380681818182,59.0852272727273,10.3522727272727,58.3835227272727,158.636363636364,38.7982954545455,135.394886363636,38.875,0.145625303339943,0.0749874096089716
5520,53010,0,0,"LASP",48.2045751,-106.5334326,0,15,58.3333333333333,716.904761904762,24.7301587301587,0.50045468164794,57.4475920679887,139.490084985836,29.3881019830028,11186.6600566572,294.798866855524,-172.796033994334,467.594900849858,171.184135977337,-90.8866855524079,197.28328611898,-93.028328611898,296.668555240793,59.728045325779,6.37393767705382,70.4815864022663,154.844192634561,23.929178470255,138.212464589235,23.929178470255,0.13718872701229,0.0764004853588305
5520,53011,0,0,"LASP",48.0596931,-105.9946591,0,15,61.9015151515151,710.227272727273,26.0075757575758,0.540443798449612,61.2142857142857,139.471428571429,29.5314285714286,11125.8742857143,299.574285714286,-165.497142857143,465.071428571429,174.86,-88.1571428571429,200.78,-88.1571428571429,311.602857142857,62.6085714285714,6.12857142857143,69.6285714285714,160.317142857143,24.1171428571429,142.5,24.1171428571429,0.145890752401554,0.0780867864709447
5520,53012,0,0,"LASP",48.8382207,-104.8419949,0,15,44.2916666666667,730.35,27.7583333333333,0.713814155307602,44.2507042253521,143.557746478873,29.5042253521127,11565.8,287.766197183099,-191.152112676056,478.918309859155,163.329577464789,-109.30985915493,187.588732394366,-111.645070422535,332.884507042254,65.0985915492958,7.13802816901408,69.4591549295775,169.214084507042,26.3352112676056,155.256338028169,26.3352112676056,0.169462283903196,0.0706829980101215
5520,53014,0,0,"LASP",47.7185447,-114.2006069,0,15,56.5793650793651,1177.52380952381,45.3730158730159,0.757519840647858,57,127.636887608069,35.2853025936599,7759.34005763689,263.086455331412,-93.7809798270893,356.867435158501,40.5014409221902,72.9884726224784,159.034582132565,-40.4322766570605,549.417867435159,66.1239193083573,31.3659942363112,23.8472622478386,175.198847262248,107.818443804035,136.550432276657,148.939481268012,0.165885446217468,0.0686523044585222
5520,53015,0,0,"LASP",47.1824757,-113.9489899,0,15,44.7261904761905,1434.2380952381,43.8055555555556,0.807558527131783,45.1081871345029,137.114035087719,36.5877192982456,7812.28070175439,257.502923976608,-112.25730994152,369.760233918129,11.9619883040936,86.2368421052632,147.535087719298,-52.7251461988304,526.365497076023,62.2748538011696,29.8567251461988,23.6549707602339,166.944444444444,103.321637426901,126.874269005848,146.485380116959,0.179770840204289,0.068431168674088
5520,53016,0,0,"LASP",47.3060617,-112.4118119,0,15,45.7427536231884,1545.30434782609,35.9130434782609,0.691022480620155,44.536443148688,142.075801749271,37.1516034985423,7891.92419825073,252.749271137026,-124.68804664723,377.437317784257,105.408163265306,-27.530612244898,148.102040816327,-53.7521865889213,437,66.6618075801749,20.8367346938776,42.3119533527697,170.772594752187,74.0408163265306,143.868804664723,77.7725947521866,0.169391645783011,0.0740030949061281
5520,53018,0,0,"LASP",47.5054097,-110.8958659,0,15,65.3219696969697,1177.04545454545,36.5606060606061,0.639669019607843,65.8,141.089855072464,34.8057971014493,8550.0115942029,278.64347826087,-121.255072463768,399.898550724638,144.524637681159,-42.9449275362319,176.571014492754,-42.9449275362319,434.814492753623,78.4840579710145,15.9942028985507,53.2869565217391,190.678260869565,59.2927536231884,153.278260869565,59.2927536231884,0.164434437339835,0.0799227154344012
5520,53020,0,0,"LASP",47.2705926,-108.8010122,0,15,65.4962121212121,1040.95454545455,32.8863636363636,0.541000766283525,65.9507246376812,155.834782608696,35.4289855072464,9413.35362318841,294.275362318841,-140.313043478261,434.588405797101,161.330434782609,-55.968115942029,187.730434782609,-55.968115942029,393.327536231884,75.9246376811594,10.8086956521739,60.9942028985507,185.544927536232,43.8434782608696,150.811594202899,43.8434782608696,0.145301862606809,0.0792868203480249
5520,53021,0,0,"LASP",47.498806,-107.3129313,0,15,62.275,845.7,27.0083333333333,0.434763137254902,62.3855072463768,157.124637681159,32.9652173913043,10537.3246376812,304.002898550725,-164.782608695652,468.785507246377,169.878260869565,-68.4985507246377,196.672463768116,-77.031884057971,323.620289855072,59.8811594202899,8.11304347826087,63.8811594202899,158.205797101449,31.095652173913,132.550724637681,31.1449275362319,0.126697278702509,0.0777064308153594
5520,53022,0,0,"LASP",47.6042107,-106.9035649,0,15,62.4087301587302,790.095238095238,26.4007936507937,0.406566666666667,62.5619596541787,155.066282420749,32.3631123919308,10701.5187319885,304.363112391931,-166.962536023055,471.325648414986,171.694524495677,-77.193083573487,198.265129682997,-79.5936599423631,316.772334293948,59.0778097982709,7.31123919308357,64.8991354466859,156.708933717579,28.8242074927954,134.386167146974,28.8472622478386,0.121201121959966,0.0769663319316094
5520,53023,0,0,"LASP",47.548833,-105.812316,0,15,63.8560606060606,771.363636363636,27.0984848484848,0.496337209302326,63.9275362318841,147.446376811594,31.3565217391304,10793.2028985507,303.866666666667,-159.402898550725,463.269565217391,174.234782608696,-79.8579710144927,200.489855072464,-79.8579710144927,326.020289855072,66.0695652173913,6.35942028985507,68.5246376811594,164.852173913043,26.2202898550725,143.663768115942,26.2202898550725,0.137893185315018,0.0785415860276802
5520,53024,0,0,"LASP",47.4695697,-104.1527019,0,15,58.0436507936508,699.666666666667,30.1111111111111,0.5821734082397,58.2973760932945,144.428571428571,30.2827988338192,11133.6005830904,296.985422740525,-172.530612244898,469.516034985423,172.241982507289,-91.0058309037901,197.746355685131,-91.0058309037901,360.711370262391,74.5714285714286,8.26530612244898,66.7725947521866,178.227405247813,29.1457725947522,160.020408163265,29.1457725947522,0.144918690438499,0.0733202893606984
5520,53025,0,0,"LASP",46.9175377,-114.4626919,0,15,41.7045454545455,1476.68181818182,41.0340909090909,0.825939051275129,41.280701754386,142.222222222222,37.8245614035088,7678.43859649123,257.336257309942,-113.69298245614,371.029239766082,39.7222222222222,64.1900584795322,142.280701754386,-54.0760233918129,491.912280701754,57.8888888888889,28.2631578947368,22.0321637426901,151.710526315789,99.4035087719298,120.482456140351,131.219298245614,0.188855937650149,0.0697823119240594
5520,53026,0,0,"LASP",46.7236933,-113.6681583,0,15,40.094696969697,1538.63636363636,35.9962121212121,0.771812156862745,39.6588235294118,148.091176470588,38.4735294117647,7764.55882352941,256.788235294118,-123.667647058824,380.455882352941,65.3705882352941,11.3117647058824,141.179411764706,-57.8205882352941,442.155882352941,54.4382352941176,26.6911764705882,24.0529411764706,141.132352941176,90.2088235294118,118.226470588235,109.070588235294,0.184428960002082,0.0723866725646186
5520,53027,0,0,"LASP",46.6205137,-112.4949499,0,15,38.6174242424242,1699.72727272727,34.3712121212121,0.746040784313725,38.2961876832845,146.055718475073,37.6099706744868,7993.69794721408,253.035190615836,-130.589442815249,383.624633431085,110.105571847507,-41.5865102639296,143.243401759531,-61.6715542521994,410.589442815249,59,19.891495601173,35.7096774193548,152.756598240469,73.9736070381232,131.850439882698,76.5894428152493,0.187327475878092,0.0758070606768095
5520,53029,0,0,"LASP",46.3295907,-110.0515279,0,15,49.2613636363636,1630.13636363636,36.9469696969697,0.624378714859438,49.1173020527859,146.574780058651,38.266862170088,7930.04985337243,257.548387096774,-120.436950146628,377.985337243402,123.906158357771,-47.7067448680352,154.08211143695,-48.7976539589443,444.120234604106,74.5161290322581,15.6979472140762,52.5542521994135,191.768328445748,56.1173020527859,160.407624633431,56.208211143695,0.15845244144945,0.0759443654698383
5520,53030,0,0,"LASP",46.1032917,-109.6664819,0,15,62.8541666666667,1387.41666666667,32.9236111111111,0.522356349206349,62.6369047619048,150.449404761905,37.6815476190476,8307.58630952381,278.056547619048,-116.244047619048,394.300595238095,129.619047619048,-40.7202380952381,172.785714285714,-40.7202380952381,396.616071428571,71.8452380952381,12.1190476190476,56.0119047619048,177.345238095238,41.8988095238095,141.66369047619,41.8988095238095,0.14712974131025,0.0819550795291215
5520,53031,0,0,"LASP",46.9022197,-108.3468089,0,15,73.2463768115942,980.173913043478,29.9746376811594,0.45447751004016,73.1491228070175,157.312865497076,35.7631578947368,9347.97953216374,301.991228070175,-132.239766081871,434.230994152047,167.973684210526,-47.0497076023392,194.619883040936,-47.2953216374269,361.511695906433,70.1695906432749,9.39181286549708,62.0847953216374,171.74269005848,37.6637426900585,137.216374269006,37.6637426900585,0.135606760418373,0.0835006725233892
5520,53032,0,0,"LASP",46.5835337,-107.0640799,0,15,71.445652173913,895.869565217391,27.4673913043478,0.382106910569106,71.8924418604651,161.296511627907,34.4563953488372,10152.476744186,313.252906976744,-147.793604651163,461.046511627907,160.287790697674,-57.2063953488372,202.470930232558,-61.4825581395349,326.94476744186,60.8866279069767,8.34011627906977,61.7616279069767,153.578488372093,32.593023255814,120.651162790698,32.6046511627907,0.123531704602521,0.0827674427076714
5520,53033,0,0,"LASP",46.2579454,-106.6939401,0,15,72.5378787878788,886.136363636364,28.5227272727273,0.45066827309237,72.8516320474778,158.166172106825,33.9673590504451,10091.7982195846,313.786350148368,-145.106824925816,458.893175074184,135.839762611276,-59.4421364985163,203.186943620178,-59.4421364985163,340.112759643917,62.4896142433234,9.85756676557864,59.5548961424332,158.020771513353,35.9109792284866,120.753709198813,35.9109792284866,0.135483538787612,0.0835544720862558
5520,53034,0,0,"LASP",46.4973888,-105.0895338,0,15,64.53125,824.791666666667,28.3715277777778,0.461746825396825,64.6312684365782,153.852507374631,32.0206489675516,10730.5162241888,307.138643067847,-163.746312684366,470.884955752212,172.477876106195,-76.8849557522124,201.837758112094,-76.8849557522124,340.094395280236,67.6283185840708,7.79941002949853,63.0560471976401,161.840707964602,29.6637168141593,138.159292035398,29.6637168141593,0.130660258362441,0.077932412794641
5520,53035,0,0,"LASP",46.1128407,-104.4950949,0,15,60.0378787878788,938.409090909091,30.2386363636364,0.54475503875969,59.8537313432836,150.471641791045,32.2597014925373,10449.9402985075,297.928358208955,-159.940298507463,457.868656716418,166.901492537313,-75.1014925373134,194.602985074627,-76.0417910447761,364.967164179104,70.534328358209,10.4626865671642,58.0208955223881,168.74328358209,37.910447761194,142.489552238806,37.9283582089552,0.143409330927972,0.0765571807440725
5520,53037,0,0,"LASP",45.3055747,-112.5643159,0,15,41.5198412698413,1846.90476190476,26.9166666666667,0.625261197169631,39.9369369369369,151.825825825826,38.0840840840841,8174.62762762763,259.237237237237,-134.882882882883,394.12012012012,120.585585585586,-62.4504504504505,147,-62.4504504504505,322.6996996997,55.6276276276276,10.4204204204204,52.3243243243243,136.597597597598,37.6126126126126,120.108108108108,37.6126126126126,0.178246792316662,0.0836326235668932
5520,53038,0,0,"LASP",45.9146442,-111.7636564,0,15,53.75,1576.78260869565,31.2355072463768,0.629990763052209,55.3117647058824,147.035294117647,36.6970588235294,8303.39117647059,273.202941176471,-122.441176470588,395.644117647059,126.317647058824,-48.4382352941176,164.205882352941,-48.7294117647059,363.8,60.6294117647059,12.2794117647059,51.3088235294118,154.011764705882,43.3911764705882,128.658823529412,43.3911764705882,0.177246249345158,0.0855012160277343
5520,53039,0,0,"LASP",45.5761407,-110.7878949,0,15,32.8849206349206,1934.66666666667,48.8730158730159,0.76272625715146,34.570996978852,142.296072507553,37.0151057401813,8008.11782477341,246.761329305136,-132.652567975831,379.413897280967,71.9667673716012,-38.8036253776435,139.900302114804,-64.3232628398791,578.68580060423,78.4984894259819,29.8882175226586,32.0483383685801,204.676737160121,103.957703927492,165.093655589124,106.172205438066,0.165140195759349,0.0652071545674028
5520,53041,0,0,"LASP",45.5642095,-108.7802397,0,15,73.0208333333333,1241.3,32.2666666666667,0.56484859437751,73.4461077844311,152.952095808383,36.0928143712575,8892.24251497006,298.748502994012,-118.823353293413,417.571856287425,116.568862275449,-39.7574850299401,190.116766467066,-39.7574850299401,389.75748502994,71.122754491018,14.5778443113772,50.1796407185629,170.640718562874,49.2095808383234,111.595808383234,49.2095808383234,0.162300283466828,0.0878827927987512
5520,53042,0,0,"LASP",45.4319207,-107.7207419,0,15,75.9041666666667,1122.4,33.4583333333333,0.567032926829268,75.4054054054054,161.075075075075,36.2972972972973,9234.17417417417,308.993993993994,-128.147147147147,437.141141141141,121.573573573574,-43.1111111111111,195.981981981982,-43.1111111111111,402.714714714715,65.0690690690691,16.7897897897898,45.3753753753754,171.948948948949,56.9489489489489,112.222222222222,56.9489489489489,0.158946852517417,0.0861018478432371
5520,53043,0,0,"LASP",45.8279275,-106.4290921,0,15,70.4166666666667,998.136363636364,31.5681818181818,0.515357831325301,70.8035714285714,158.16369047619,34.4494047619048,9821.83333333333,311.026785714286,-141.39880952381,452.425595238095,122.092261904762,-56.7946428571429,198.458333333333,-56.7946428571429,378.270833333333,67.5684523809524,13.077380952381,54.6845238095238,172.389880952381,45.5386904761905,126.389880952381,45.5386904761905,0.144576566214504,0.0822331286869722
5520,53044,0,0,"LASP",45.9440787,-105.4130672,0,15,69.0916666666667,897.1,29.7208333333333,0.455118604651163,69.2275449101796,153.323353293413,32.7634730538922,10368.0538922156,309.497005988024,-151.736526946108,461.233532934132,131.116766467066,-66.2365269461078,202.940119760479,-66.4491017964072,356.739520958084,68.8353293413174,9.13473053892216,60.4161676646707,168.032934131737,35.3502994011976,131.467065868263,35.3502994011976,0.13177862396983,0.0802460363879995
5520,53045,0,0,"LASP",45.3107762,-104.4650383,0,15,66.8769841269841,1054.80952380952,31.1071428571429,0.510813492063492,67.015015015015,152.219219219219,33.3573573573574,10147.2342342342,302.093093093093,-147.192192192192,449.285285285285,170.456456456456,-64.3303303303303,198.570570570571,-64.3303303303303,373.429429429429,70.7597597597598,10.1981981981982,61.8858858858859,179.201201201201,34.1051051051051,144.393393393393,34.1051051051051,0.14301206965808,0.0811264851672611
5520,53046,0,0,"LASP",44.5869032,-112.025803,0,15,17.8106060606061,2179.13636363636,38.2234848484849,0.70242,17.3454545454545,148.172727272727,36.0787878787879,8785.33636363636,241.115151515152,-164.369696969697,405.484848484848,18.9212121212121,53.3848484848485,129.963636363636,-94.8969696969697,453.221212121212,54.330303030303,26.4636363636364,23.4666666666667,144.160606060606,88.0606060606061,115.115151515152,116.124242424242,0.164968304559681,0.0672539243321224
5520,53047,0,0,"LASP",44.5987327,-111.5237969,0,15,12.8333333333333,2177.5,48.9886363636364,0.771494936708861,12.3547400611621,151.088685015291,36.2293577981651,8933.58103975535,238.97247706422,-172.666666666667,411.639143730887,-73.2446483180428,117.960244648318,126.746177370031,-102.042813455657,591.477064220183,66.5321100917431,34.0764525993884,22.0703363914373,185.914373088685,108.37003058104,129.648318042813,179.623853211009,0.154100699224917,0.0571494325708555
5520,53064,0,0,"LASP",47.0312302,-114.3938692,0,15,46.2857142857143,1397.61904761905,39.7896825396825,0.815054988600091,46.8382352941176,139.708823529412,37.2529411764706,7747.85882352941,261.929411764706,-107.935294117647,369.864705882353,45.2088235294118,61.6176470588235,148.644117647059,-49.7823529411765,479.838235294118,57.0323529411765,27.7323529411765,22.5852941176471,149.2,96.9852941176471,119.297058823529,126.652941176471,0.190822811103402,0.0723376368102727
5520,53076,0,0,"LASP",46.0502147,-113.8339539,0,15,23.905303030303,1915.77272727273,36.3181818181818,0.777426744186047,24.8383233532934,158.37125748503,40.8802395209581,7571.21556886228,243.440119760479,-139.389221556886,382.829341317365,60.4730538922156,-36.7664670658683,124.083832335329,-70.0239520958084,437.377245508982,56.5718562874251,24.6077844311377,25.877245508982,145.796407185629,87.4850299401198,124.943113772455,94.2155688622754,0.185171100349904,0.0700903271724887
5520,53087,0,0,"LASP",45.5347235,-113.0794573,0,15,18.7625,2136.45,30.6291666666667,0.702493574297189,19.5861027190332,156.015105740181,39.5679758308157,7954.11178247734,237.703927492447,-152.256797583082,389.960725075529,96.2809667673716,-76.1752265861027,123.716012084592,-80.1057401812689,364.108761329305,55.380664652568,14.8429003021148,40.6767371601208,138.984894259819,55.9274924471299,124.990936555891,56.0392749244713,0.1813937119362,0.0743138163385254
5520,53097,0,0,"LASP",44.5611413,-112.710893,0,15,17.6791666666667,2268.05,30.2625,0.570227309236948,18.190332326284,152.848942598187,37.2477341389728,8545.03021148036,242.172205438066,-162.833836858006,405.006042296073,94.0151057401813,-64.3474320241692,128.317220543807,-90.4259818731118,362.441087613293,51.178247734139,18.6374622356495,33.5558912386707,130.909365558912,64.6586102719033,116.984894259819,66.2719033232628,0.152482575742389,0.0730099738827052
5520,53105,0,0,"LASP",48.682302,-111.46974,0,15,56.4404761904762,1079.66666666667,26.0079365079365,0.487174242424242,56.4915254237288,146.632768361582,34.6129943502825,9276.62711864407,274.011299435028,-143.045197740113,417.056497175141,150.805084745763,-64.2570621468927,174.573446327684,-64.4265536723164,311.901129943503,61.2881355932203,7.75988700564972,65.409604519774,150.909604519774,29.5141242937853,134.166666666667,29.5141242937853,0.140344027387475,0.0797614659675191
5520,53131,0,0,"LASP",46.9022197,-108.3468,0,15,73.2463768115942,980.173913043478,29.9746376811594,0.45447751004016,73.1491228070175,157.312865497076,35.7631578947368,9347.97953216374,301.991228070175,-132.239766081871,434.230994152047,167.973684210526,-47.0497076023392,194.619883040936,-47.2953216374269,361.511695906433,70.1695906432749,9.39181286549708,62.0847953216374,171.74269005848,37.6637426900585,137.216374269006,37.6637426900585,0.135606760418373,0.0835006725233892
5520,53137,0,0,"LASP",45.3790727,-112.6419759,0,15,37.3809523809524,1905.09523809524,27.1150793650794,0.633091568627451,36.6467065868263,152.221556886228,38.3083832335329,8132.32634730539,255.347305389222,-137.808383233533,393.155688622754,115.766467065868,-65.1407185628743,143.221556886228,-65.1407185628743,330.275449101796,55.9221556886228,11.1946107784431,50.9341317365269,137.419161676647,40.7425149700599,121.491017964072,40.7425149700599,0.177751980698321,0.0820631991839305
5520,53176,0,0,"LASP",46.0090781,-113.8492175,0,15,22.8041666666667,1935.4,36.4583333333333,0.781646184738956,23.1190476190476,159.300595238095,41.0089285714286,7577.9255952381,242.133928571429,-141.875,384.008928571429,59.2083333333333,-36.5238095238095,122.39880952381,-71.9166666666667,440.300595238095,56.7083333333333,24.8541666666667,25.6547619047619,146.33630952381,88.3303571428571,125.452380952381,95.2142857142857,0.184800015676687,0.0693223978483573
5520,53302,0,0,"LASP",48.441349,-113.218436,0,15,30.7386363636364,1612.68181818182,49.2348484848485,0.769791984529143,30.2962962962963,128.985754985755,34.7264957264957,7887.83190883191,229.980056980057,-135.569800569801,365.549857549858,52.8119658119658,47.1709401709402,132.641025641026,-68.7037037037037,593.099715099715,77.5726495726496,34.1566951566952,27.3105413105413,193.353276353276,118.393162393162,165.635327635328,144.190883190883,0.152278848435404,0.0585488685349085
5520,53303,0,0,"LASP",48.212234,-112.63605,0,15,41.3492063492063,1468.57142857143,36.8809523809524,0.67976329588015,42.5228571428571,135.222857142857,35.1057142857143,8218.82,246.234285714286,-134.042857142857,380.277142857143,110.497142857143,-21.6914285714286,149.277142857143,-60.9228571428571,433.2,71.0714285714286,19.8657142857143,47.5285714285714,173.808571428571,68.8657142857143,152.285714285714,73.64,0.163522892476992,0.0719058581191126
5520,53304,0,0,"LASP",48.566383,-111.579335,0,15,59.484126984127,1043.7619047619,25.3769841269841,0.473561960784314,59.3943661971831,147.895774647887,34.7971830985915,9264.90422535211,277.245070422535,-140.864788732394,418.10985915493,153.549295774648,-61.3830985915493,177.425352112676,-61.3830985915493,304.464788732394,60.2140845070423,7.2169014084507,66.4338028169014,148.839436619718,27.8478873239437,131.923943661972,27.8478873239437,0.139796236156505,0.0812694413163939
5520,53305,0,0,"LASP",48.563091,-110.302392,0,15,57.6401515151515,885.227272727273,24.3219696969697,0.456727838827839,57.5880681818182,152.426136363636,33.2357954545455,10274.2727272727,292.571022727273,-159.272727272727,451.84375,162.690340909091,-78.7386363636364,187.056818181818,-78.7840909090909,290.448863636364,55.3721590909091,7.46306818181818,64.03125,141.088068181818,29.7073863636364,123.639204545455,29.7073863636364,0.133340383230798,0.0785835111759368
5520,53306,0,0,"LASP",48.515398,-109.212106,0,15,52.6031746031746,903.52380952381,28.7380952380952,0.585881382283773,52.4985835694051,150.694050991501,32.8951841359773,10269.9376770538,283.725212464589,-167.467422096317,451.192634560907,157.847025495751,-68.7875354107649,181.940509915014,-83.586402266289,344.473087818697,59.4929178470255,11.3767705382436,54.8016997167139,156.662889518414,42.8470254957507,136.195467422096,43.0254957507082,0.1491525847432,0.0742970196705972
5520,53307,0,0,"LASP",48.086536,-108.170308,0,15,54.6325757575758,839.409090909091,27.4090909090909,0.494074603174603,54.6770538243626,156.110481586402,33.0481586402266,10554.2152974504,294.107648725212,-171.056657223796,465.164305949009,162.923512747875,-85.028328611898,188.008498583569,-85.8725212464589,327.86402266289,60.3399433427762,8.94617563739377,63.2946175637394,160.764872521246,33.2521246458924,135.665722379603,33.2521246458924,0.132406820582033,0.0740923775577927
5520,53308,0,0,"LASP",48.756557,-107.118909,0,15,43.9409722222222,792.25,25.0590277777778,0.563035606060606,44.1756373937677,144.909348441926,30.0963172804533,11254.8866855524,284.410764872521,-189.892351274788,474.303116147309,159.00283286119,-94.1274787535411,183.490084985836,-107.470254957507,299.906515580737,61.1614730878187,8.09631728045326,70.0651558073654,158.161473087819,27.1671388101983,140.487252124646,27.3767705382436,0.142153541958879,0.071109366505916
5520,53309,0,0,"LASP",48.968499,-106.194522,0,15,37.6984126984127,886.190476190476,26.4166666666667,0.678076505096028,37.9801136363636,138.585227272727,29.2869318181818,11275.5823863636,275.767045454545,-189.596590909091,465.363636363636,153.630681818182,-96.9403409090909,178,-113.900568181818,316.284090909091,63.3465909090909,7.57954545454545,70.8977272727273,165.519886363636,26.7471590909091,150.40625,27.2215909090909,0.163000105923455,0.0700276752879079
5520,53310,0,0,"LASP",48.073802,-105.538952,0,15,59.1521739130435,700.130434782609,27.5036231884058,0.586078927203065,59.5028409090909,142.764204545455,29.7159090909091,11293.9204545455,301.204545454545,-171.514204545455,472.71875,175.267045454545,-92.5028409090909,200.548295454545,-92.5028409090909,328.553977272727,66.2329545454545,6.87215909090909,68.3039772727273,166.988636363636,26.9829545454545,149.011363636364,26.9829545454545,0.15170183509871,0.0765301537039397
5520,53311,0,0,"LASP",48.968104,-104.189488,0,15,39.9920634920635,684.52380952381,29.3452380952381,0.724775518925519,40.2443820224719,139.839887640449,28.3398876404494,11909.8764044944,283.511235955056,-201.424157303371,484.935393258427,162.946629213483,-103.926966292135,186.98595505618,-121.137640449438,351.567415730337,65.752808988764,8.14887640449438,67.064606741573,173.511235955056,29.4044943820225,163.401685393258,29.6910112359551,0.164305542163958,0.0668882736418942
5520,53312,0,0,"LASP",47.988936,-113.924161,0,15,44.0902777777778,1362.66666666667,54.1180555555556,0.849092557000489,44.7392550143266,127.289398280802,35.2005730659026,7700.36103151862,248.47564469914,-108.406876790831,356.882521489971,-5.27220630372493,97.2808022922636,145.830945558739,-51.8022922636103,651.36676217765,74.8939828080229,36.7765042979943,22.6389684813754,206.063037249284,125.922636103152,153.676217765043,186.97994269341,0.165587518709393,0.0598103072243655
5520,53313,0,0,"LASP",47.027033,-112.050625,0,15,53.3650793650794,1476.66666666667,33,0.68588992248062,53.0087719298246,141.707602339181,36.6842105263158,8019.34502923977,263.681286549708,-117.602339181287,381.283625730994,127.906432748538,-36.4210526315789,158.131578947368,-47.687134502924,398.280701754386,63.6432748538012,16.4122807017544,45.5263157894737,162.43567251462,60.672514619883,136.72514619883,61.9561403508772,0.180206898907782,0.0808046870839667
5520,53314,0,0,"LASP",47.542278,-111.703118,0,15,66.1746031746032,1142.19047619048,28.3968253968254,0.586415893925696,65.8386167146974,141.489913544669,35.0374639769452,8566.23631123919,276.92507204611,-121.276657060519,398.201729106628,151.737752161383,-43.6657060518732,176.363112391931,-43.6657060518732,338.322766570605,61.4466858789625,10.3688760806916,58.9452449567723,156.308357348703,38.0778097982709,131.965417867435,38.0778097982709,0.16722781084085,0.086366071053599
5520,53320,0,0,"LASP",47.225122,-105.166186,0,15,61.8484848484848,816.363636363636,28.7878787878788,0.532692549019608,61.6198830409357,146.956140350877,31.219298245614,10821.9473684211,300.994152046784,-162.283625730994,463.277777777778,172.33918128655,-81.8801169590643,198.985380116959,-81.8801169590643,347.476608187135,70.0877192982456,7.95614035087719,64.7105263157895,170.06432748538,30.8801169590643,150.56432748538,30.8801169590643,0.141736000522092,0.0769071099675048
5520,53323,0,0,"LASP",46.481362,-112.006589,0,15,46.7666666666667,1636.05,32.6125,0.690471031746032,46.2772861356932,144.050147492625,36.7522123893805,8165.05014749263,260.356932153392,-126.648967551622,387.005899705015,126.085545722714,-52.4778761061947,153.427728613569,-56.2772861356932,391.351032448378,60.1474926253687,15.8879056047198,43.5811209439528,156.073746312684,60.2182890855457,134.967551622419,60.4041297935103,0.181571347845618,0.0798872982607694
5520,53324,0,0,"LASP",46.881956,-111.358627,0,15,44.6388888888889,1662.95238095238,35.7301587301587,0.735392635658915,45.4545454545455,143.671554252199,37.5014662756598,7848.41642228739,254.609970674487,-123.958944281525,378.568914956012,123.302052785924,-52.4692082111437,148.671554252199,-52.4692082111437,429.689149560117,71.1173020527859,15.624633431085,49.3401759530792,180.926686217009,58.7653958944282,152.08211143695,58.7653958944282,0.186223683920335,0.0776535444305464
5520,53325,0,0,"LASP",46.885687,-110.25342,0,15,43.6791666666667,1710.45,40.5291666666667,0.704174031007752,44.5730994152047,143.30701754386,37.7222222222222,7873.81578947368,250.207602339181,-124.862573099415,375.070175438596,122.479532163743,-52.6111111111111,148.441520467836,-52.7485380116959,484.956140350877,82.5497076023392,17.6666666666667,51.9649122807018,210.619883040936,65.8157894736842,175.824561403509,65.8187134502924,0.169018035537061,0.072996903365016
5520,53330,0,0,"LASP",46.245982,-105.262831,0,15,66.4021739130435,864.130434782609,29.0869565217391,0.456050200803213,66.6129032258064,152.475073313783,32.099706744868,10597.8739002933,308.33137829912,-158.58357771261,466.91495601173,155.129032258065,-72.6480938416422,202.689149560117,-72.6480938416422,349.653958944281,68.6715542521994,8.24926686217009,61.8504398826979,164.912023460411,32.2346041055718,135.677419354839,32.2346041055718,0.130436955049134,0.0787965579507549
5520,53332,0,0,"LASP",45.12883,-112.172905,0,15,32.5958333333333,1998.7,33.4791666666667,0.677359011656382,29.7598784194529,146.656534954407,37.273556231003,8202.20668693009,246.480243161094,-141.951367781155,388.431610942249,93.0607902735562,-46.6565349544073,136.851063829787,-72.6626139817629,410.936170212766,60.6231003039514,18.8206686930091,39.5136778115502,153.009118541033,65.6382978723404,132.112462006079,68.048632218845,0.171320292863118,0.0739659736786627
5520,53336,0,0,"LASP",45.375107,-108.058769,0,15,69.2583333333333,1326.8,34.4291666666667,0.562436046511628,69.3313609467456,153.284023668639,35.9526627218935,8972.40236686391,296.156804733728,-124.192307692308,420.349112426036,112.301775147929,-44.4497041420118,187.35798816568,-44.4497041420118,413.346153846154,66.7100591715976,17.6153846153846,44.094674556213,174.156804733728,59.0532544378698,114.452662721893,59.0532544378698,0.156907833350236,0.0845619603318649
5520,53340,0,0,"LASP",45.75894,-104.942069,0,15,65.3452380952381,961.333333333333,30.3968253968254,0.495318699186992,65.289552238806,152.558208955224,32.9223880597015,10293.6955223881,302.844776119403,-153.802985074627,456.64776119403,150.89552238806,-68.6208955223881,198.486567164179,-68.6208955223881,365.283582089552,69.8507462686567,9.83880597014925,59.8626865671642,170.901492537313,35.9492537313433,136.949253731343,35.9492537313433,0.137469864194883,0.0790242429236438
5520,54001,0,0,"LASP",40.5520447,-95.7947529,0,15,106.513157894737,319.684210526316,70.1271929824561,0.838448484848485,106.184210526316,128.588815789474,29.5822368421053,10471.0657894737,314.898026315789,-112.569078947368,427.467105263158,214.940789473684,-35.9967105263158,235.898026315789,-35.9967105263158,839.924342105263,110.598684210526,20.0526315789474,48.3059210526316,327.078947368421,71.5131578947368,322.226973684211,71.5131578947368,0.15208798941546,0.0638107462327731
5520,54002,0,0,"LASP",40.4650912,-96.0668798,0,15,106.972222222222,351.166666666667,68.962962962963,0.815561538461539,107.200647249191,130.708737864078,30.0453074433657,10378.9870550162,317.326860841424,-109.773462783172,427.100323624595,214.666666666667,-32.7281553398058,236.757281553398,-32.7281553398058,828.368932038835,110.035598705502,19.7928802588997,48.4919093851133,323.957928802589,70.3624595469256,318.88996763754,70.3624595469256,0.150428504289125,0.0650789903106497
5520,54003,0,0,"LASP",40.0734217,-96.4070669,0,15,111.25,395,68.3508771929825,0.778020720720721,111.059210526316,131.019736842105,30.1907894736842,10282.9210526316,321.190789473684,-104.717105263158,425.907894736842,216.822368421053,-27.2993421052632,239.730263157895,-27.2993421052632,820.032894736842,115.865131578947,18.0164473684211,50.7927631578947,324.940789473684,65.1085526315789,319.121710526316,65.1085526315789,0.147515354085458,0.0674830238500275
5520,54004,0,0,"LASP",40.2199177,-97.5577459,0,15,107.884259259259,480.722222222222,61.3194444444444,0.800858974358974,107.57654723127,132.374592833876,30.7361563517915,10222.2410423453,318.498371335505,-106.198697068404,424.697068403909,212.416938110749,-28.6612377850163,236.28990228013,-28.6612377850163,736.413680781759,107.527687296417,14.2345276872964,53.1530944625407,300.153094462541,55.071661237785,283.905537459283,55.071661237785,0.165969804225158,0.0732438553109852
5520,54005,0,0,"LASP",40.8872417,-97.1583399,0,15,104.184210526316,453.789473684211,60.2982456140351,0.841349367088608,103.785714285714,126.983766233766,29.4285714285714,10442.5,313.175324675325,-111.590909090909,424.766233766234,211.75974025974,-35.4577922077922,234.681818181818,-35.4577922077922,723.165584415584,107.668831168831,13.8246753246753,53.6525974025974,296.931818181818,53.538961038961,279.63961038961,53.538961038961,0.174240614800136,0.072553346437172
5520,54006,0,0,"LASP",40.6184587,-98.6673129,0,15,99.7916666666667,616.4,54.725,0.852863713080169,100.359477124183,138.385620915033,31.640522875817,10251.5882352941,315.101307189542,-115.93137254902,431.032679738562,207.02614379085,-34.9771241830065,230.418300653595,-34.9771241830065,658.205882352941,106.052287581699,11.8169934640523,57.4411764705882,289.032679738562,46.2647058823529,261.218954248366,46.2647058823529,0.191115371012285,0.0781766245800716
5520,54008,0,0,"LASP",40.9376453,-99.5023032,0,15,94.975,735.25,49.4708333333333,0.792873931623932,95.1111111111111,143.388888888889,33.1143790849673,10012.477124183,309.647058823529,-117.06862745098,426.71568627451,199.065359477124,-35.7843137254902,223.049019607843,-35.7843137254902,592.852941176471,100.97385620915,10.5849673202614,61.8300653594771,278.767973856209,38.3627450980392,252.823529411765,38.3627450980392,0.186541795376393,0.0809238468092015
5520,54009,0,0,"LASP",40.3070527,-99.9683619,0,15,101.475,737.4,47.3625,0.682422208931419,101.898692810458,153.401960784314,34.5653594771242,9980.05555555555,321.980392156863,-114.584967320261,436.565359477124,205.169934640523,-28,230.130718954248,-28,570.797385620915,96.140522875817,10.7124183006536,62.6601307189542,271.852941176471,36.9281045751634,245.232026143791,36.9281045751634,0.168532316029292,0.0846151930365446
5520,54010,0,0,"LASP",40.1757846,-100.2510124,0,15,103.416666666667,759.888888888889,46.3101851851852,0.614622552552552,103.745033112583,155.94701986755,35.2218543046358,9844.94039735099,324.35761589404,-111.188741721854,435.546357615894,205.281456953642,-23.5364238410596,230.860927152318,-23.5364238410596,556.129139072848,94.4933774834437,10.5066225165563,63.3576158940397,268.291390728477,35.7913907284768,240.523178807947,35.7913907284768,0.157119606915189,0.0859236049655892
5520,54011,0,0,"LASP",40.0025497,-101.2298429,0,15,101.486111111111,934.555555555556,43.1018518518519,0.509126126126126,101.597402597403,159.399350649351,36.1915584415584,9640.01948051948,324.775974025974,-109.376623376623,434.152597402597,201.003246753247,-21.3993506493506,227.564935064935,-21.3993506493506,515.5,90.3051948051948,11.1233766233766,64.2694805194805,255.191558441558,34.2467532467532,221.025974025974,34.2467532467532,0.143154637514411,0.0886402244415237
5520,54013,0,0,"LASP",41.34351,-96.08125,0,15,99.7894736842105,345.526315789474,64.4956140350877,0.839933000333,99.9935064935065,121.941558441558,28.275974025974,10580.8668831169,306.136363636364,-117.594155844156,423.730519480519,209.837662337662,-43.2922077922078,231.042207792208,-43.2922077922078,773.594155844156,110.149350649351,17.0064935064935,51.3311688311688,308.957792207792,60.4480519480519,294.298701298701,60.4480519480519,0.159083746608679,0.0655618363881332
5520,54014,0,0,"LASP",41.1630727,-97.3498079,0,15,101.195833333333,476.3,59.4333333333333,0.852855171171171,101.291666666667,128.413461538462,29.5224358974359,10522.3397435897,312.509615384615,-115.551282051282,428.060897435897,210.5,-39.4455128205128,233.022435897436,-39.4455128205128,711.887820512821,108.314102564103,13.150641025641,53.775641025641,296.028846153846,53.6089743589744,274.858974358974,53.6089743589744,0.1776789432967,0.0725658466484965
5520,54015,0,0,"LASP",41.4820177,-97.1945039,0,15,96.8375,461.95,60.0166666666667,0.8425329004329,97.0888888888889,129.104761904762,29.3301587301587,10636.4857142857,310.279365079365,-122.006349206349,432.285714285714,207.873015873016,-45.9301587301587,229.869841269841,-45.9301587301587,718.780952380952,113.022222222222,13.4634920634921,53.9904761904762,301.409523809524,55.6825396825397,278.577777777778,55.6825396825397,0.169909699148268,0.0694470316186626
5520,54016,0,0,"LASP",41.9187247,-98.6840139,0,15,87.825,654.35,50.7416666666667,0.733315611814346,87.8658146964856,142.102236421725,31.8242811501597,10432.8051118211,306.41214057508,-132.85303514377,439.26517571885,196.201277955272,-50.6773162939297,219.555910543131,-50.6773162939297,609.555910543131,98.1725239616613,11.6166134185304,56.3514376996805,265.913738019169,43.7092651757188,254.862619808307,43.7092651757188,0.160352328236004,0.0731064204025264
5520,54017,0,0,"LASP",41.8865107,-98.0363319,0,15,88.4429824561404,577.315789473684,53.7850877192982,0.823059493670886,88.4823151125402,138.987138263666,31.4019292604502,10437.6077170418,304.11575562701,-132.620578778135,436.736334405145,196.665594855305,-50.2379421221865,219.977491961415,-50.2379421221865,644.048231511254,104.594855305466,12.2700964630225,56.2379421221865,282.305466237942,47.4147909967846,264.91961414791,47.4147909967846,0.174374260522837,0.0715023218252023
5520,54018,0,0,"LASP",41.8425077,-99.6487049,0,15,87.0625,772.1,49.4041666666667,0.684073076923077,87.1708860759494,149.506329113924,33.4810126582278,10205.2373417722,309.427215189873,-130.414556962025,439.841772151899,192.943037974684,-46.5221518987342,217.71835443038,-46.5221518987342,593.142405063291,95.7056962025316,11.7784810126582,58.4556962025316,268.569620253165,44.373417721519,253.012658227848,44.373417721519,0.154375231094105,0.074684632015902
5520,54019,0,0,"LASP",41.1189127,-99.7141019,0,15,91.8070175438596,784.842105263158,48.5701754385965,0.767596624472574,92.2322580645161,145.783870967742,33.6193548387097,9964.38064516129,308.129032258065,-119.435483870968,427.564516129032,195.509677419355,-37.4193548387097,220.054838709677,-37.4193548387097,582.483870967742,99.7677419354839,10.9,62.0774193548387,275.067741935484,38.1516129032258,250.551612903226,38.1516129032258,0.180868398910593,0.080288194548748
5520,54020,0,0,"LASP",41.1634457,-101.2702409,0,15,90.7083333333333,981.444444444444,39.4166666666667,0.681265789473684,90.7402597402597,154.168831168831,34.7564935064935,9948.3961038961,315.064935064935,-122.464285714286,437.529220779221,193.506493506494,-38.0584415584416,219.256493506494,-38.0584415584416,473.730519480519,82.6006493506493,11.7337662337662,61.8019480519481,229.711038961039,37.0227272727273,194.935064935065,37.0227272727273,0.183277981462273,0.0899584954461404
5520,54021,0,0,"LASP",41.3523266,-102.9730078,0,15,87.1666666666667,1266.05,36.35,0.471752564102564,87.3587301587302,163.971428571429,37.831746031746,9207.19682539683,313.120634920635,-114.873015873016,427.993650793651,182.028571428571,-27.5396825396825,209.384126984127,-27.5396825396825,436.269841269841,80.4063492063492,9.10793650793651,67.9460317460317,223.304761904762,29.2698412698413,186.895238095238,29.2698412698413,0.145210608907339,0.0911422492167776
5520,54023,0,0,"LASP",42.6988061,-97.9539527,0,15,91.2833333333333,478.45,46.0083333333333,0.79967037037037,91.2920634920635,133.6,29.4031746031746,10934.3968253968,313.596825396825,-133.631746031746,447.228571428571,206.012698412698,-55.7111111111111,227.714285714286,-55.7111111111111,550.847619047619,85.6126984126984,11.6222222222222,53.1206349206349,235.266666666667,43.0285714285714,223.542857142857,43.0285714285714,0.184855086220191,0.0783148053591766
5520,54024,0,0,"LASP",42.1849007,-97.1347279,0,15,89.7208333333333,479.45,55.5333333333333,0.841513852813853,89.5678233438486,131.602523659306,29.410094637224,10785.2429022082,305.391167192429,-133.624605678233,439.015772870662,201.684542586751,-55.3627760252366,223.794952681388,-55.3627760252366,667.148264984227,106.170347003155,13.782334384858,53.3406940063091,286.889589905363,54.2776025236593,260.388012618297,54.2776025236593,0.172922038906308,0.0694223615542832
5520,54025,0,0,"LASP",42.7695353,-98.5988124,0,15,89.725,531.15,48.9541666666667,0.758184773662551,89.7201257861635,136.603773584906,30.0723270440252,10859.4685534591,314.301886792453,-133.116352201258,447.418238993711,201.701257861635,-55.2452830188679,226.333333333333,-55.2452830188679,587.512578616352,96.6572327044025,11.2641509433962,56.4056603773585,259.11320754717,41.6477987421384,239.827044025157,41.6477987421384,0.168057106027312,0.074522932956122
5520,54026,0,0,"LASP",42.6534207,-98.6769859,0,15,88.9625,563.05,49.0333333333333,0.758702953586498,88.7753164556962,136.993670886076,30.3322784810127,10785.5886075949,312.382911392405,-132.753164556962,445.136075949367,200.123417721519,-54.9556962025316,224.591772151899,-54.9556962025316,588.832278481013,96.9398734177215,11.3291139240506,56.6550632911392,260.737341772152,41.5664556962025,242.148734177215,41.5664556962025,0.168082822694415,0.0743620180722591
5520,54027,0,0,"LASP",42.021567,-99.4624293,0,15,87.2958333333333,753,49.5833333333333,0.667442735042735,87.4600638977636,145.894568690096,32.7444089456869,10306.6996805112,309.408945686901,-129.948881789137,439.357827476038,194.178913738019,-48.0575079872204,218.913738019169,-48.0575079872204,595.05750798722,95.3642172523962,11.6549520766773,57.667731629393,267.083067092652,44.9424920127796,252.364217252396,44.9424920127796,0.150073619269992,0.0741090906288875
5520,54028,0,0,"LASP",42.5928366,-99.9988861,0,15,87.6136363636364,784.045454545455,46.6969696969697,0.685505833333333,87.8164556962025,143.882911392405,32.2879746835443,10308.667721519,312.091772151899,-126.731012658228,438.822784810127,194.139240506329,-46.6360759493671,220.03164556962,-46.6360759493671,559.079113924051,89.3132911392405,10.3639240506329,60.6993670886076,260.791139240506,38.7784810126582,236.537974683544,38.7784810126582,0.161126086074822,0.0778967497633078
5520,54029,0,0,"LASP",42.2796649,-101.7208618,0,15,80.1973684210526,1122.73684210526,39.9429824561403,0.590156962025316,80.379746835443,152.759493670886,35,9721.15506329114,305.310126582278,-124.943037974684,430.253164556962,180.025316455696,-44.0189873417722,206.955696202532,-44.3987341772152,478.95253164557,80.5981012658228,11.1613924050633,62.1962025316456,232.189873417722,37.5632911392405,203.23417721519,37.5632911392405,0.155665542420624,0.0832045959775036
5520,54030,0,0,"LASP",42.2503717,-103.7829219,0,15,78.4833333333333,1368.25,31.9208333333333,0.504735964912281,78.4778481012658,165.23417721519,37.9145569620253,9179,306.382911392405,-123.582278481013,429.965189873418,172.674050632911,-37.0474683544304,199.743670886076,-37.0474683544304,383.566455696203,74.5126582278481,9.2120253164557,67.4272151898734,194.759493670886,28.7278481012658,153.177215189873,28.7278481012658,0.156822384205783,0.0925438460574702
5520,54032,0,0,"LASP",41.1770247,-100.0548479,0,15,90.25,835.055555555556,47.1527777777778,0.761852444444445,90.1185897435897,148.272435897436,33.9519230769231,9954.50961538462,308.657051282051,-121.445512820513,430.102564102564,193.211538461538,-38.8012820512821,218.371794871795,-38.8012820512821,565.782051282051,96.7660256410256,10.7403846153846,62.9391025641026,270.022435897436,37.1891025641026,243.772435897436,37.1891025641026,0.182122705473702,0.0810397683910666
5520,54033,0,0,"LASP",41.2483521,-103.6630552,0,15,82.7272727272727,1470.77272727273,34.6439393939394,0.43509649122807,82.6082802547771,163.429936305732,38.7197452229299,8836.13057324841,305.920382165605,-110.579617834395,416.5,173.12101910828,-26.3726114649682,200.445859872611,-26.3726114649682,416.84076433121,73.5063694267516,8.68471337579618,65.3471337579618,209.187898089172,29.6751592356688,178.707006369427,29.6751592356688,0.142037530851397,0.0924071658284109
5520,54035,0,0,"LASP",40.9946407,-100.4720309,0,15,91.2666666666667,877.7,44.1166666666667,0.71085,91.4455128205128,151.012820512821,34.3878205128205,9926.91025641026,312.128205128205,-120.705128205128,432.833333333333,194.102564102564,-36.8782051282051,219.634615384615,-36.8782051282051,531.157051282051,93.1217948717949,9.77564102564103,65.2916666666667,261.278846153846,33.7916666666667,230.115384615385,33.7916666666667,0.177845874079006,0.0843324569819216
5520,54036,0,0,"LASP",40.0572037,-101.5499949,0,15,102.116666666667,997.75,40.4708333333333,0.535514285714286,101.930921052632,160.075657894737,36.6480263157895,9504.19078947369,324.055921052632,-106.411184210526,430.467105263158,200.154605263158,-18.1743421052632,226.628289473684,-18.1743421052632,487.447368421053,86.1052631578947,10.2565789473684,65.5427631578947,243.0625,31.3914473684211,211.677631578947,31.3914473684211,0.155230168888836,0.0930994035827804
5520,54037,0,0,"LASP",41.7218051,-100.7705095,0,15,85.6111111111111,952.611111111111,43.8796296296296,0.608186075949367,85.584126984127,154.219047619048,34.8952380952381,9935.09523809524,310.326984126984,-127.07619047619,437.403174603175,188.504761904762,-42.6888888888889,214.047619047619,-42.6888888888889,525.596825396825,89.9015873015873,11.3492063492063,62.0571428571429,251.085714285714,38.5746031746032,218.812698412698,38.5746031746032,0.151717998494653,0.0802370974038794
5520,54038,0,0,"LASP",41.4342597,-101.7086419,0,15,86.0541666666667,1084.25,37.7208333333333,0.591133777777778,86.4058441558442,153,34.8441558441558,9796.6038961039,308.801948051948,-124.077922077922,432.87987012987,187.24025974026,-40.211038961039,213.282467532468,-40.211038961039,452.38961038961,73.8116883116883,16.0584415584416,50.3798701298701,200.003246753247,51.8798701298701,168.152597402597,51.8798701298701,0.164023811462046,0.088713030150381
5520,54039,0,0,"LASP",41.7858723,-102.4579398,0,15,81.9649122807018,1186.21052631579,35.7017543859649,0.53662962962963,82.5641025641026,159.573717948718,36.3653846153846,9533.29807692308,306.653846153846,-126.483974358974,433.13782051282,180.580128205128,-39.099358974359,207.032051282051,-39.099358974359,427.961538461538,79.4551282051282,8.8301282051282,67.3205128205128,216.942307692308,28.9615384615385,180.532051282051,28.9615384615385,0.155163716998956,0.0888599527081718
5520,54042,0,0,"LASP",42.0059106,-101.0465689,0,15,84.8791666666667,996.55,43.3541666666667,0.597507017543859,84.8814102564103,153.358974358974,34.9967948717949,9841.89423076923,309.663461538462,-123.967948717949,433.63141025641,186.583333333333,-41.9519230769231,212.496794871795,-41.9519230769231,518.086538461538,86.3108974358974,12.4711538461538,59.5160256410256,243.807692307692,41.9294871794872,213.967948717949,41.9294871794872,0.151151825622012,0.0808818914354936
5520,54043,0,0,"LASP",42.1806217,-102.7815019,0,15,82.3666666666667,1220.85,36.1166666666667,0.551270175438597,82.4984126984127,157.009523809524,36.0888888888889,9431.43492063492,307.965079365079,-120.920634920635,428.885714285714,178.866666666667,-36.3936507936508,206.479365079365,-36.3936507936508,433.549206349206,79.7428571428571,9.5968253968254,67.4825396825397,219.644444444444,30.3206349206349,182.64126984127,30.3206349206349,0.158482777049085,0.0892287540600762
5520,54044,0,0,"LASP",42.607185,-103.5836566,0,15,77.3640350877193,1302.94736842105,33.530701754386,0.52746125,77.2578616352201,162.786163522013,36.7106918238994,9472.21698113207,308.61320754717,-129.028301886792,437.641509433962,173.465408805031,-42.1037735849057,201.795597484277,-42.7767295597484,403.091194968553,76.0377358490566,9.69811320754717,66.1415094339623,201.965408805031,30.8333333333333,161.716981132075,30.8333333333333,0.156124351622419,0.0893625886595011
5520,54103,0,0,"LASP",40.0735636,-96.4074068,0,15,111.25,395,68.3508771929825,0.778020720720721,111.059210526316,131.019736842105,30.1907894736842,10282.9210526316,321.190789473684,-104.717105263158,425.907894736842,216.822368421053,-27.2993421052632,239.730263157895,-27.2993421052632,820.032894736842,115.865131578947,18.0164473684211,50.7927631578947,324.940789473684,65.1085526315789,319.121710526316,65.1085526315789,0.147515354085458,0.0674830238500275
5520,54116,0,0,"LASP",41.9425827,-98.7032699,0,15,87.6491228070175,656.157894736842,50.4824561403509,0.730596153846154,87.8076923076923,141.987179487179,31.7916666666667,10440.1730769231,306.573717948718,-132.801282051282,439.375,196.214743589744,-50.8365384615385,219.599358974359,-50.8365384615385,607.794871794872,98.0448717948718,11.6025641025641,56.3782051282051,265.336538461538,43.599358974359,254.330128205128,43.599358974359,0.160015211816736,0.0731801008390271
5520,54119,0,0,"LASP",41.1258697,-99.4989389,0,15,92.2333333333333,747.9,49.6125,0.762287916666667,92.8392282958199,145.138263665595,33.4083601286174,9993.81672025723,308.138263665595,-119.864951768489,428.003215434084,196.540192926045,-37.6237942122186,220.697749196141,-37.6237942122186,594.717041800643,101.202572347267,10.8713826366559,61.048231511254,277.350482315113,39.3665594855305,253.35691318328,39.3665594855305,0.176721470202447,0.0789915214779924
5520,54124,0,0,"LASP",42.1847772,-97.134886,0,15,89.7208333333333,479.45,55.5333333333333,0.841513852813853,89.5678233438486,131.602523659306,29.410094637224,10785.2429022082,305.391167192429,-133.624605678233,439.015772870662,201.684542586751,-55.3627760252366,223.794952681388,-55.3627760252366,667.148264984227,106.170347003155,13.782334384858,53.3406940063091,286.889589905363,54.2776025236593,260.388012618297,54.2776025236593,0.172922038906308,0.0694223615542832
5520,54130,0,0,"LASP",42.2789651,-103.6599064,0,15,77.2375,1377.9,32.825,0.501034146341463,78.2444444444444,162.873015873016,37.4253968253968,9229.06031746032,305.755555555556,-123.498412698413,429.253968253968,172.771428571429,-37.9714285714286,200.098412698413,-37.9714285714286,392.222222222222,75.8857142857143,9.53015873015873,67.4095238095238,199.24126984127,29.4571428571429,157.784126984127,29.4571428571429,0.154650725338077,0.0916695993267054
5520,54203,0,0,"LASP",40.088258,-96.388121,0,15,110.899122807018,393.473684210526,68.3552631578947,0.779110964912281,110.904918032787,131.022950819672,30.1901639344262,10282.5672131148,321.039344262295,-104.803278688525,425.84262295082,216.698360655738,-27.4262295081967,239.583606557377,-27.4262295081967,820.681967213115,115.459016393443,18.1344262295082,50.6491803278689,324.790163934426,65.4360655737705,319.180327868852,65.4360655737705,0.147498194727676,0.0673592194852258
5520,54219,0,0,"LASP",41.15686,-99.4724,0,15,92.2333333333333,747.9,49.6125,0.758406222222222,92.5544871794872,145.352564102564,33.4166666666667,9998.85256410256,308.00641025641,-120.439102564103,428.445512820513,196.339743589744,-37.9935897435897,220.474358974359,-37.9935897435897,596.817307692308,101.317307692308,10.9038461538462,60.7371794871795,277.36858974359,39.7371794871795,253.708333333333,39.7371794871795,0.175127468234174,0.0785786152261176
5520,55001,0,0,"LASP",41.4882487,-119.8303989,0,15,69.4416666666667,1755.8,29.5708333333333,0.372548101265823,69.5551948051948,157.288961038961,42.1103896103896,7165.88961038961,283.233766233766,-85.1493506493507,368.383116883117,-9.16883116883117,162.935064935065,165.392857142857,-16.2077922077922,353.340909090909,43.0487012987013,10.8149350649351,33.5454545454545,124.36038961039,43.8116883116883,53.038961038961,114.123376623377,0.13619212634142,0.0929284110816159
5520,55002,0,0,"LASP",41.3171877,-118.9004059,0,15,85.4078947368421,1531.84210526316,20.2324561403509,0.225953307811992,85.2532051282051,165.929487179487,41.2980769230769,7825.63461538462,312.939102564103,-84.0288461538462,396.967948717949,-4.40064102564103,184.602564102564,189.926282051282,-10.349358974359,243.503205128205,28,9.12820512820513,27.5352564102564,80.5833333333333,36.7467948717949,45.2211538461538,73.9583333333333,0.128058733799522,0.107356139024632
5520,55003,0,0,"LASP",41.8823377,-117.1034859,0,15,65.5833333333333,1716.31578947368,25.6578947368421,0.274415416666667,64.9778481012658,171.870253164557,42.7626582278481,7566.03481012658,296.572784810127,-102.060126582278,398.632911392405,-19.8670886075949,161.629746835443,166.844936708861,-27.1518987341772,310.237341772152,36.0886075949367,11.6867088607595,29.0981012658228,104.072784810127,44.4588607594937,56.4683544303797,93.9873417721519,0.119314602393273,0.0908511396640261
5520,55004,0,0,"LASP",41.2263817,-116.5900339,0,15,70.0701754385965,1794.36842105263,25.1271929824561,0.358710970464135,69.6012861736334,164.736334405145,40.9003215434084,7780.14147909968,300.077170418006,-97.7073954983923,397.784565916399,-6.84244372990354,169.762057877814,174.1961414791,-24.5594855305466,303.733118971061,34.5755627009646,12.2733118971061,27.8295819935691,97.8971061093248,44.983922829582,56.5755627009646,87.7524115755627,0.141631165168426,0.0980331907199181
5520,55005,0,0,"LASP",41.0704517,-115.9007665,0,15,66.2938596491228,1852.05263157895,27.6578947368421,0.354331578947369,65.9258064516129,166.448387096774,40.5193548387097,7977.83225806452,297.554838709677,-108.383870967742,405.938709677419,1.3258064516129,167.535483870968,172.074193548387,-32.6290322580645,331.022580645161,37.7677419354839,13.6774193548387,27.4,104.077419354839,48.7516129032258,60.9032258064516,94.2290322580645,0.135513794525561,0.0937865698494187
5520,55006,0,0,"LASP",41.9460977,-114.0728079,0,15,56.9907407407407,1869.33333333333,28.2962962962963,0.463395780590717,56.9233226837061,155.801916932907,38.4728434504792,8105.05750798722,280.840255591054,-118.769968051118,399.610223642173,76.8977635782748,147.514376996805,163.916932907348,-44.3578274760383,338.766773162939,40.8626198083067,21.4121405750799,20.6741214057508,104.712460063898,66.888178913738,81.1565495207668,86.2619808306709,0.151424668519842,0.0898607507241334
5520,55007,0,0,"LASP",40.2636938,-119.7796496,0,15,95.9833333333333,1405.35,21.7333333333333,0.250125944547287,95.8705501618123,168.932038834951,43.1132686084142,7449.60194174757,318.715210355987,-68.5598705501618,387.275080906149,10.6407766990291,191.278317152104,195.255663430421,4.86407766990291,261.37216828479,37.0970873786408,8.4336569579288,41.3009708737864,101.7928802589,30.9935275080906,35.378640776699,100.31067961165,0.134521818893913,0.111891474571425
5520,55008,0,0,"LASP",40.4792817,-118.3329159,0,15,90.8916666666667,1519.75,17.7125,0.227699572649573,91.7843137254902,176.098039215686,42.4084967320261,7967.07189542484,324.722222222222,-85.5686274509804,410.290849673203,89.6699346405229,192.794117647059,198.653594771242,-5.26797385620915,209.166666666667,22.5392156862745,8.1078431372549,24.8104575163399,64.4117647058823,32.4869281045752,40.9607843137255,59.0359477124183,0.137443267032489,0.116128783358665
5520,55009,0,0,"LASP",40.1686217,-117.1872779,0,15,88.525,1677.3,21.6041666666667,0.274191111111111,88.3344155844156,169.63961038961,41.2435064935065,8018.2012987013,322.522727272727,-83.7305194805195,406.253246753247,76.301948051948,191.454545454545,196.016233766234,-8.51948051948052,258.88961038961,30.0909090909091,10.3636363636364,26.038961038961,83.3311688311688,39.2987012987013,48.4837662337662,69.5,0.141128519932473,0.112376337878804
5520,55010,0,0,"LASP",40.0802831,-116.5858881,0,15,81.0753968253968,1847.80952380952,24.6666666666667,0.314027631578947,80.5980392156863,159.875816993464,39.6928104575163,8031.11111111111,309.199346405229,-88.4607843137255,397.660130718954,63.656862745098,184.424836601307,188.545751633987,-16.1764705882353,298.823529411765,34.6601307189542,13.0686274509804,24.3137254901961,96.7352941176471,48.4934640522876,56.9117647058824,77.8790849673203,0.142180916619004,0.1065283389142
5520,55011,0,0,"LASP",40.0935212,-115.6324132,0,15,71.075,1987.9,29.125,0.385320888888889,71.6513157894737,159.029605263158,39.4572368421053,8051.50657894737,296.032894736842,-102.555921052632,398.588815789474,54.7861842105263,174.539473684211,179.105263157895,-27.0953947368421,349.105263157895,38.0394736842105,16.4440789473684,21.3848684210526,107.516447368421,59.5756578947368,66.7171052631579,94.1019736842105,0.146751132512113,0.0992691043851459
5520,55012,0,0,"LASP",40.328679,-114.8020439,0,15,66.7458333333333,1957.1,26.9458333333333,0.316601315789474,66.495145631068,163.106796116505,39.8414239482201,8118.28155339806,293.009708737864,-112.071197411003,405.080906148867,62.9061488673139,154.106796116505,174.462783171521,-33.8543689320388,321.097087378641,36.5275080906149,17.7766990291262,19.0679611650485,99.1165048543689,60.8187702265372,67.6893203883495,80.1585760517799,0.132233110030769,0.0960793889265033
5520,55013,0,0,"LASP",39.7695387,-119.5489579,0,15,93.6708333333333,1535,19.0958333333333,0.260314222222222,93.4620462046205,172.316831683168,43.4554455445545,7497.10231023102,314.881188118812,-76.7821782178218,391.663366336634,3.86138613861386,189.597359735974,193.762376237624,2.41914191419142,224.36303630363,31.980198019802,8.92079207920792,37.1485148514851,84.7359735973597,31.5247524752475,34.1815181518152,84.6930693069307,0.143562976613711,0.11705719806875
5520,55014,0,0,"LASP",39.2738067,-118.3101189,0,15,99.3703703703704,1505.05555555556,12.462962962963,0.156783300616406,100.05298013245,178.241721854305,42.9900662251656,7951.10927152318,329.14238410596,-81.0331125827815,410.175496688742,132.751655629139,142.337748344371,206.14238410596,2.28476821192053,147.602649006623,18.3311258278146,8.70529801324503,21,48.3211920529801,29.9966887417219,36.6059602649007,34.4867549668874,0.137341661463218,0.12808603826127
5520,55015,0,0,"LASP",39.0044442,-117.4662536,0,15,65.1759259259259,2134.5,19.9675925925926,0.37175595068753,66.052805280528,174.561056105611,43.7788778877888,7386.75247524752,287.762376237624,-106.409240924092,394.171617161716,58.7194719471947,76.5247524752475,165.092409240924,-23.3267326732673,237.986798679868,25.8019801980198,15.3861386138614,14.8118811881188,70.2277227722772,51.3663366336634,58.2013201320132,56.3795379537954,0.161152516539289,0.108942373752688
5520,55016,0,0,"LASP",39.5518146,-116.3870941,0,15,74.5925925925926,2044.27777777778,25.1342592592593,0.339646153846154,73.8976897689769,156.80198019802,40.016501650165,7818.17161716172,293.881188118812,-92.7854785478548,386.666666666667,53.980198019802,159.554455445545,178.633663366337,-20.1056105610561,306.178217821782,34.6336633663366,17.7326732673267,19.1782178217822,98.7227722772277,59.9471947194719,65.1188118811881,73.8712871287129,0.146591618847106,0.105167279936092
5520,55017,0,0,"LASP",39.3621311,-115.2707624,0,15,62.7731481481481,2101.33333333333,26.212962962963,0.361213852813853,63.2417218543046,169.953642384106,41.205298013245,7954.97682119205,287.062913907285,-120.155629139073,407.218543046358,49.841059602649,75.9900662251656,168.831125827815,-35.2615894039735,313.652317880795,33.0496688741722,21.5264900662252,12.4437086092715,93.0629139072848,69.887417218543,73.3377483443709,72.9569536423841,0.143714586602954,0.098201719278075
5520,55018,0,0,"LASP",39.2075029,-114.4976522,0,15,64.8333333333333,2193.9,27.975,0.426203070175439,64.9802631578947,172.444078947368,41.75,7930.93421052632,291.338815789474,-116.763157894737,408.101973684211,46.6546052631579,14.125,171.470394736842,-30.9572368421053,334.118421052632,35.7664473684211,21.6578947368421,15.4276315789474,98.8355263157895,70.1611842105263,80.8453947368421,73.7861842105263,0.158628885100128,0.100771164431129
5520,55022,0,0,"LASP",38.8779597,-116.4033739,0,15,64.7361111111111,2238.33333333333,22.7175925925926,0.366,64.4867549668874,163.46357615894,42.5198675496689,7379.94370860927,276.347682119205,-104.350993377483,380.698675496689,40.8046357615894,17.5695364238411,162.692052980132,-24.864238410596,274.314569536424,28.0496688741722,18.3576158940397,13.0860927152318,79.9172185430464,58.5364238410596,69.7913907284768,62.523178807947,0.155429425351989,0.105798658272686
5520,55023,0,0,"LASP",38.1481212,-115.612409,0,15,94.7352941176471,1789.23529411765,21.8774509803922,0.230351498929382,96.056856187291,170.602006688963,42.1371237458194,7859.20401337793,313.866220735786,-85.3578595317726,399.224080267559,24.4046822742475,123.66220735786,200.384615384615,-0.71571906354515,257.90635451505,26.0267558528428,13.6454849498328,15.5183946488294,74.9063545150502,53.9899665551839,60.9665551839465,69.8327759197324,0.140367229383292,0.119990715659847
5520,55024,0,0,"LASP",38.7946177,-114.5604399,0,15,69.3935185185185,2123.5,27.162037037037,0.385557142857143,69.9006622516556,175.033112582781,42.1158940397351,7942.28476821192,295.523178807947,-114.880794701987,410.403973509934,66.8576158940397,12.3046357615894,176.062913907285,-27.0629139072848,326.870860927152,33.9172185430464,20.5397350993377,14.1788079470199,93.887417218543,69.8940397350993,79.9801324503311,73.2781456953642,0.152496431512025,0.102760046332323
5520,55027,0,0,"LASP",37.6075607,-115.0336839,0,15,111.6875,1579.3,21.1625,0.246601315789474,111.682432432432,168.293918918919,41.9324324324324,7946.99324324324,328.314189189189,-67.6824324324324,395.996621621622,29.8141891891892,144.699324324324,217.344594594595,14.0371621621622,255.003378378378,28.0135135135135,9.1722972972973,22.8175675675676,77.070945945946,46.9695945945946,59.8243243243243,69.0371621621622,0.15045492149382,0.12985352563944
5520,55028,0,0,"LASP",37.6959387,-114.7461089,0,15,107.189814814815,1631.94444444444,22.7546296296296,0.283421621621622,106.758389261745,167.778523489933,41.5838926174497,8024.18456375839,325.43288590604,-72.8255033557047,398.258389261745,31.3456375838926,139.993288590604,213.674496644295,8.24832214765101,274.691275167785,30.6744966442953,9.68120805369128,22.3926174496644,82.2013422818792,50.9161073825503,64.1610738255034,72.4765100671141,0.153166240207624,0.125375963554806
5520,55037,0,0,"LASP",41.9347177,-115.4191359,0,15,48.9429824561403,1927.31578947368,29.3640350877193,0.461124583333333,47.7467948717949,173.701923076923,42.1378205128205,7710.42307692308,278.233974358974,-129.179487179487,407.413461538462,-29.0160256410256,145.528846153846,149.628205128205,-48.1634615384615,356.455128205128,41.375,16.6762820512821,26.7916666666667,115.253205128205,57.1057692307692,69.2307692307692,104.625,0.142874020798255,0.0833707178160405
5520,55043,0,0,"LASP",40.3534367,-115.6277619,0,15,69.8070175438596,1972.05263157895,30.2324561403509,0.412310666666667,69.2843137254902,159.111111111111,39.5228758169935,8036.45751633987,294.441176470588,-104.09477124183,398.535947712418,50.1960784313725,171.934640522876,176.415032679739,-29.3986928104575,365.359477124183,39.9640522875817,15.8758169934641,24.3725490196078,113.287581699346,57.4117647058824,66.9705882352941,102.232026143791,0.147936222415933,0.0963815607280314
5520,55101,0,0,"LASP",41.833551,-119.6696108,0,15,67.3916666666667,1763.55,28.2708333333333,0.35448354978355,67.403785488959,157.586750788644,42.4511041009464,7118.85173501577,280.665615141956,-85.9211356466877,366.586750788644,-10.9495268138801,159.892744479495,162.744479495268,-17.7728706624606,339.627760252366,40.1766561514196,11.2618296529968,30.615141955836,115.356466876972,45.6435331230284,55.4384858044164,105.233438485804,0.133226444298224,0.0924523863163745
5520,55103,0,0,"LASP",41.4177434,-117.4503139,0,15,77.0916666666667,1613.4,22.8541666666667,0.36088947368421,77.0414012738854,171.519108280255,42.1783439490446,7733.32165605096,310.12101910828,-91.1464968152866,401.267515923567,-10.8248407643312,175.573248407643,180.987261146497,-17.1910828025478,274.684713375796,32.3694267515924,9.70700636942675,30.3917197452229,93.0923566878981,38.0477707006369,49.0286624203822,84.7515923566879,0.147409106239088,0.103022074477835
5520,55108,0,0,"LASP",40.4669574,-118.3127891,0,15,90.8916666666667,1519.75,17.7125,0.228273593073593,92.2064516129032,176.341935483871,42.4225806451613,7974.17419354839,325.393548387097,-85.3161290322581,410.709677419355,93.1612903225806,193.277419354839,199.145161290323,-4.96774193548387,208.709677419355,22.5161290322581,8.06774193548387,24.8483870967742,64.2838709677419,32.3612903225806,40.8483870967742,58.7838709677419,0.137924119200497,0.116546562595845
5520,55114,0,0,"LASP",39.4020097,-118.7255249,0,15,108.758771929825,1316.05263157895,10.8947368421053,0.190248005089238,108.205298013245,180.490066225166,43.2649006622517,8017.82119205298,337.771523178808,-75.0033112582781,412.774834437086,133.970198675497,188.165562913907,214.735099337748,8.88079470198675,131.870860927152,15.9139072847682,6.95695364238411,21.5827814569536,41.8046357615894,25.8013245033113,30.887417218543,33.8774834437086,0.147978949911682,0.134159108272397
5520,55121,0,0,"LASP",38.8931842,-117.19377,0,15,64.6833333333333,2184.65,20.65,0.36921399695586,62.9765886287625,170.71237458194,43.4749163879599,7341.33110367893,280.789297658863,-107.478260869565,388.267558528428,46.0535117056856,61.3946488294314,161.277591973244,-25.5819397993311,254.966555183946,26.5518394648829,16.5953177257525,13.6555183946488,73.7090301003344,55.4314381270903,62.7090301003344,61.2608695652174,0.156697576735897,0.105700526657762
5520,55143,0,0,"LASP",40.1798727,-115.4929227,0,15,69.4166666666667,1997.3,29.6583333333333,0.379972368421053,68.7434210526316,159.460526315789,39.6282894736842,8015.54605263158,292.529605263158,-105.585526315789,398.115131578947,51.125,171.092105263158,175.628289473684,-29.6315789473684,359.898026315789,39.0756578947368,16.9078947368421,21.6776315789474,110.421052631579,60.6611842105263,68.3618421052632,98.2467105263158,0.142075342090776,0.0961950641710322
5520,55208,0,0,"LASP",40.653659,-118.00395,0,15,90.225,1524.7,19.1333333333333,0.247177056277056,90.7377049180328,175.668852459016,42.2983606557377,7965.24590163934,325.439344262295,-84.6393442622951,410.07868852459,76.9540983606557,191.967213114754,197.87868852459,-6.06229508196721,228.07868852459,24.8262295081967,8.17704918032787,26.8786885245902,70.6229508196721,33.127868852459,43.1377049180328,64.8327868852459,0.138057756962606,0.11380767086543
5520,60001,0,0,"LASP",36.7711947,-108.1106179,0,15,100.236842105263,1849.78947368421,24.2324561403509,0.302053881278539,101.472413793103,164.81724137931,39.1965517241379,8726.45517241379,320.61724137931,-94.4137931034483,415.031034482759,176.403448275862,143.027586206897,214.579310344828,-10.9758620689655,283.155172413793,38.5172413793103,10.7965517241379,32.7068965517241,99.8620689655172,44.6862068965517,81.051724137931,62.5275862068966,0.157753679012489,0.125184820697745
5520,60002,0,0,"LASP",36.1676097,-107.7013619,0,15,91.162037037037,2018.94444444444,21.8240740740741,0.196152252252252,90.7750865051903,166.982698961938,40,8529.05882352941,306.121107266436,-105.923875432526,412.044982698962,193.266435986159,105.093425605536,201.418685121107,-19.2733564013841,263.245674740484,44.8062283737024,12.2179930795848,45.1626297577855,112.363321799308,41.0449826989619,94.7439446366782,45.5397923875433,0.134418172415409,0.118881680895967
5520,60003,0,0,"LASP",36.5200127,-106.3360529,0,15,59.2708333333333,2400.55,36.275,0.510544144144144,56.777397260274,171.530821917808,42.3082191780822,7825.88698630137,262.229452054795,-138.633561643836,400.86301369863,151.27397260274,36.458904109589,157.472602739726,-44.1712328767123,449.91095890411,71.6952054794521,23.7842465753425,39.5445205479452,174.86301369863,76.9897260273973,159.140410958904,88.5856164383562,0.158169227910838,0.0897943410997963
5520,60005,0,0,"LASP",36.5885417,-104.1164099,0,15,91.8508771929825,2005.52631578947,35.0657894736842,0.381494520547945,91.840830449827,170.287197231834,43.3321799307958,7735.56055363322,288.089965397924,-100.207612456747,388.297577854671,192.38062283737,-6.47404844290657,192.38062283737,-6.47404844290657,419.128027681661,81.6989619377163,9.39792387543253,70.5536332179931,208.695501730104,31.3944636678201,208.695501730104,31.3944636678201,0.150497433174022,0.107426872702389
5520,60006,0,0,"LASP",36.7278337,-103.5750419,0,15,105.578947368421,1783.57894736842,34.1008771929825,0.401327314814815,106.194539249147,166.549488054608,42.320819112628,7913.56996587031,304.351535836177,-84.6757679180887,389.027303754266,209.320819112628,6.2901023890785,209.477815699659,6.2901023890785,407.9795221843,76.5699658703072,8.1160409556314,67.3959044368601,195.156996587031,28.2525597269625,195.156996587031,28.2525597269625,0.162048976815158,0.116121973721928
5520,60007,0,0,"LASP",35.7834627,-108.0570609,0,15,94.4166666666667,2033.11111111111,21.7777777777778,0.223411415525114,93.3888888888889,173.951388888889,42.3229166666667,8263.09375,305.309027777778,-101.086805555556,406.395833333333,192.809027777778,124.652777777778,200.868055555556,-12.1701388888889,265.329861111111,46.6180555555556,12.0555555555556,48.5659722222222,117.291666666667,38.8888888888889,99.1423611111111,47.7465277777778,0.141908850281131,0.121983273396279
5520,60008,0,0,"LASP",35.7840111,-107.2646486,0,15,89.4907407407407,2068.5,24.5555555555556,0.266931506849315,89.4895833333333,174.715277777778,42.1423611111111,8235.68402777778,302.774305555556,-107.0625,409.836805555556,188.427083333333,38.8645833333333,196.458333333333,-16.3854166666667,294.378472222222,54.0451388888889,13.7881944444444,51.6180555555556,134.090277777778,45.2326388888889,115.770833333333,47.7395833333333,0.144809704128262,0.117351296547848
5520,60010,0,0,"LASP",35.5743487,-105.6755989,0,15,75.8703703703704,2364.5,40.1157407407407,0.480386956521739,79.5226480836237,168.613240418118,44.8710801393728,7246.77700348432,272.240418118467,-99.6341463414634,371.87456445993,166.348432055749,-1.99651567944251,174.376306620209,-11.2996515679443,463.675958188153,86.815331010453,20.6271777003484,57.9895470383275,218.996515679442,65.6202090592334,207.236933797909,66.6445993031359,0.166005735798499,0.10303613596481
5520,60011,0,0,"LASP",35.7833333,-104.5666667,0,15,104.513888888889,1815.33333333333,33.5648148148148,0.38252100456621,106.145328719723,178.719723183391,44.9826989619377,7662.276816609,303.093425605536,-90.1418685121107,393.235294117647,205.397923875433,8.31833910034602,205.820069204152,8.31833910034602,401.193771626298,78.2664359861592,8.91003460207613,70.159169550173,203.034602076125,31.3944636678201,202.982698961938,31.3944636678201,0.159620660461001,0.116985994680255
5520,60012,0,0,"LASP",35.1719727,-103.7043529,0,15,140.00462962963,1303.72222222222,32,0.361931944444444,140.402097902098,166.58041958042,42.048951048951,8075.5034965035,335.891608391608,-54.7202797202797,390.611888111888,245.374125874126,37.8286713286713,245.374125874126,37.2027972027972,383.552447552448,75.3006993006993,8.42307692307692,68.1468531468531,191.63986013986,30.3811188811189,191.63986013986,30.3811188811189,0.171242680881146,0.137377465113967
5520,60014,0,0,"LASP",34.8555917,-107.3866879,0,15,106.833333333333,1938.64705882353,22.8921568627451,0.234665277777778,107.192307692308,180.524475524476,45.1748251748252,7783.27272727273,312.160839160839,-83.5664335664336,395.727272727273,199.909090909091,74.5314685314685,209,8.47902097902098,273.311188811189,55.9440559440559,11.2097902097902,64.2377622377622,140.374125874126,36.4405594405594,117.370629370629,41.3461538461538,0.150886679654443,0.131501992381744
5520,60015,0,0,"LASP",34.7961467,-106.6750109,0,15,118.666666666667,1743.94736842105,23.3114035087719,0.316434234234234,119.384615384615,177.104895104895,44.1958041958042,7979.22377622378,324.129370629371,-71.7832167832168,395.912587412587,213.632867132867,54.6958041958042,223.167832167832,17.8391608391608,277.286713286713,51.5909090909091,12.7202797202797,55.0804195804196,129.968531468531,40.8636363636364,113.611888111888,43.5699300699301,0.173831422431262,0.140480331029186
5520,60016,0,0,"LASP",34.0560923,-105.8578143,0,15,114.450980392157,1921.17647058824,29.9411764705882,0.323365727699531,113.264084507042,171.454225352113,45.3908450704225,7446.94718309859,307.095070422535,-66.0492957746479,373.144366197183,200.679577464789,53.3908450704225,210.443661971831,19.1091549295775,361.140845070423,73.4718309859155,12.7359154929577,65.9507042253521,186.334507042254,46.830985915493,171.218309859155,52.2147887323944,0.16105733966931,0.128480267813777
5520,60021,0,0,"LASP",33.8231137,-106.6542819,0,15,131.74537037037,1603.88888888889,23.3842592592593,0.263425980392157,132.485815602837,182.372340425532,46.2163120567376,7683.54964539007,330.304964539007,-59.6914893617021,389.996453900709,222,86.9326241134752,231.804964539007,34.1631205673759,277.13829787234,57.0354609929078,8.86170212765957,67.854609929078,146.08865248227,30.3191489361702,124.666666666667,38.258865248227,0.167776878914094,0.148136501968834
5520,60026,0,0,"LASP",32.3333333,-107.8333333,0,15,147.947916666667,1437.4375,23.28125,0.207920588235294,148.067857142857,185.514285714286,48.1357142857143,7467.17142857143,340.842857142857,-40.5607142857143,381.403571428571,235.8,141.635714285714,245.232142857143,53.6464285714286,278.760714285714,58.625,4.33214285714286,76.3428571428571,155.221428571429,18.9571428571429,128.364285714286,51.0821428571429,0.162266662403588,0.157707085738996
5520,60030,0,0,"LASP",32.8985357,-103.6629479,0,15,151,1210.61111111111,31.5185185185185,0.319419523809524,151.583333333333,174.108695652174,45.1413043478261,7563.4347826087,336.028985507246,-45.0144927536232,381.04347826087,236.811594202899,69.8333333333333,247.460144927536,52.6050724637681,377.666666666667,65.6666666666667,8.85507246376812,65.8188405797101,182.561594202899,32.0507246376812,168.311594202899,33.1847826086956,0.168525215670308,0.145323484447213
5520,60031,0,0,"LASP",31.9280116,-108.9941583,0,15,146.313725490196,1483,30.5588235294118,0.298356862745098,145.591240875912,182.839416058394,49.2299270072993,6926.71167883212,334.28102189781,-33.5839416058394,367.86496350365,226.419708029197,183.204379562044,235.124087591241,57.9014598540146,372.142335766423,79.7518248175183,5.92335766423358,71.463503649635,195.197080291971,28.0948905109489,165.156934306569,77.514598540146,0.167192203763882,0.146341288980468
5520,60053,0,0,"LASP",36.6172567,-106.9010999,0,15,60.4212962962963,2262.44444444444,36.7824074074074,0.501807555555556,60.4931034482759,180.406896551724,42.2758620689655,8089.28620689655,275.989655172414,-145.58275862069,421.572413793103,158.775862068966,95.9068965517241,164.451724137931,-44.6655172413793,439.434482758621,67.0931034482759,21.8,34.3448275862069,164.734482758621,72.5137931034483,142.362068965517,93.8793103448276,0.157059092356204,0.0906586638883094
5520,60054,0,0,"LASP",36.429871,-105.29927,0,15,47.0570175438597,2661.63157894737,43.5701754385965,0.616859817351598,46.6310344827586,172.134482758621,44.6034482758621,7253.43103448276,240.841379310345,-141.18275862069,382.024137931034,136.541379310345,-44.0551724137931,139.931034482759,-46.3379310344828,514.179310344828,89.2068965517241,23.2655172413793,50.9206896551724,221.396551724138,73.7620689655172,218.703448275862,73.9172413793103,0.171640643442407,0.0843119978332105
5520,60058,0,0,"LASP",35.4463117,-107.4433369,0,15,89.9074074074074,2140.77777777778,25.9675925925926,0.299986301369863,89.6445993031359,172.243902439024,42.9303135888502,7958.93379790941,296.682926829268,-100.191637630662,396.87456445993,184.993031358885,72.2508710801394,193.463414634146,-11.6898954703833,313.616724738676,58.2891986062718,14.5540069686411,53.8362369337979,145.731707317073,46.0592334494774,124.759581881533,53.9198606271777,0.150993357404115,0.11778594480094
5520,60059,0,0,"LASP",35.7466305,-106.779464,0,15,82.8991228070175,2193.57894736842,34.6578947368421,0.410173059360731,83.5798611111111,168.128472222222,42.9479166666667,7733.92013888889,286.847222222222,-100.260416666667,387.107638888889,176.6875,53.5347222222222,184.440972222222,-14.3229166666667,411.107638888889,68.8680555555556,21.0902777777778,45.1527777777778,171.100694444444,66.9791666666667,154.052083333333,77.9652777777778,0.156879945818362,0.106386133062829
5520,60060,0,0,"LASP",35.6605096,-105.3361242,0,15,77.5791666666667,2296.75,39.7041666666667,0.521529901960784,78.78125,174.385416666667,46.0798611111111,7079.20833333333,270.701388888889,-103.569444444444,374.270833333333,164.427083333333,-6.55555555555556,171.777777777778,-9.90972222222222,468.635416666667,91.15625,17.1944444444444,64.3402777777778,228.277777777778,55.6319444444444,222.118055555556,56.375,0.172603434177195,0.101753793902216
5520,60061,0,0,"LASP",35.3881137,-104.4610059,0,15,128.455882352941,1504.35294117647,31.0980392156863,0.343922522522522,126.703832752613,174.216027874564,43.7839721254355,7879.69337979094,323.630662020906,-70.0452961672474,393.675958188153,226.878048780488,25.9651567944251,229.243902439024,25.9651567944251,374,72.1602787456446,9.13588850174216,66.8292682926829,185.909407665505,31.8048780487805,185.344947735192,31.8048780487805,0.162979604981,0.130032192334641
5520,60062,0,0,"LASP",35.8403388,-103.6785946,0,15,123.355263157895,1482.73684210526,32.25,0.363499516908213,123.23875432526,169.826989619377,42.1314878892734,8126.22491349481,322.733564013841,-74.1141868512111,396.847750865052,228.56401384083,18.6851211072664,228.56401384083,18.6851211072664,386.892733564014,75.6712802768166,7.16955017301038,71.2837370242215,194.42214532872,25.8200692041523,194.42214532872,25.8200692041523,0.16204048365642,0.12545091663548
5520,60063,0,0,"LASP",34.4625537,-108.7731399,0,15,88.5735294117647,2111.82352941176,27.3529411764706,0.27254537037037,88.2587412587413,195.461538461538,48.986013986014,7334.36713286713,292.821678321678,-102.258741258741,395.08041958042,178.839160839161,120.65034965035,184.269230769231,-3.75524475524476,330.472027972028,68.458041958042,11.1293706293706,65.3741258741259,168.730769230769,36.6223776223776,141.461538461538,55.034965034965,0.140730774444394,0.113354897055614
5520,60064,0,0,"LASP",34.0384437,-107.7693099,0,15,82.2450980392157,2269.41176470588,30.0588235294118,0.315787323943662,81.8687943262411,192.734042553192,49.531914893617,7114.25177304965,279.237588652482,-105.893617021277,385.131205673759,167.542553191489,76.5851063829787,175.070921985816,-8.06382978723404,360.397163120567,78.5212765957447,9.85106382978723,75.5248226950355,202.443262411348,37.7056737588652,167.251773049645,53.6241134751773,0.144674158789679,0.109410451769998
5520,60066,0,0,"LASP",34.0197597,-105.1501699,0,15,131.078703703704,1630.77777777778,26.8472222222222,0.299859624413145,129.8,178.557894736842,46.3473684210526,7476.85614035088,323.389473684211,-57.8771929824561,381.266666666667,217.066666666667,49.1122807017544,227.080701754386,34.7684210526316,322.880701754386,67.1719298245614,9.73684210526316,68.7964912280702,167.39298245614,32.919298245614,158.6,34.4561403508772,0.167241217436918,0.141169646004453
5520,60067,0,0,"LASP",34.7803261,-104.9434186,0,15,125.652777777778,1611.77777777778,28.6944444444444,0.315199537037037,124.802816901408,176.211267605634,45.0457746478873,7629.41901408451,322.242957746479,-63.4929577464789,385.735915492958,214.408450704225,42.0035211267606,224.179577464789,27.4225352112676,343.035211267606,70.2922535211268,10.6830985915493,65.8098591549296,171.647887323944,34.7605633802817,167.024647887324,35.8591549295775,0.162870167247117,0.133806850092533
5520,60068,0,0,"LASP",34.4636507,-103.4776839,0,15,138.06862745098,1339,33.4950980392157,0.384374178403756,138.452631578947,165.659649122807,43.1368421052632,7807.74035087719,327.00350877193,-53.4280701754386,380.431578947368,238.701754385965,39.6701754385965,238.701754385965,37.5754385964912,400.249122807018,70.0315789473684,9.71228070175439,66.0105263157895,197.122807017544,33.4456140350877,197.122807017544,33.4456140350877,0.173222693351132,0.134959279227799
5520,60072,0,0,"LASP",33.6810096,-105.0706138,0,15,134.421568627451,1584.17647058824,27.7009803921569,0.315060869565217,134.554770318021,177.314487632509,46.7173144876325,7359.19787985866,322.657243816254,-53.3356890459364,375.992932862191,219.918727915194,56.1802120141343,230.233215547703,41,331.406360424028,68.5406360424028,9.50883392226148,70.0494699646643,174.275618374558,32.9540636042403,163.077738515901,35.5583038869258,0.172080720894919,0.144046363526393
5520,60073,0,0,"LASP",33.5037118,-104.475157,0,15,151.643518518519,1175.27777777778,27.0833333333333,0.316694685990338,151.800711743772,181.430604982206,45.2846975088968,7905.49110320285,344.665480427046,-51.5266903914591,396.192170818505,241.761565836299,69.2918149466192,253.163701067616,49.729537366548,323.309608540925,60.6975088967972,8.91459074733096,64.6227758007118,159.494661921708,30.1601423487544,149.409252669039,32.8861209964413,0.176597630006758,0.152104915103149
5520,60076,0,0,"LASP",32.9200137,-107.6265249,0,15,122.587962962963,1820.38888888889,30.2083333333333,0.308044761904762,123.163120567376,179.751773049645,48.5212765957447,7027.57446808511,310.585106382979,-56.4326241134752,367.017730496454,205.921985815603,111.042553191489,215.195035460993,34.6985815602837,362.237588652482,76.7198581560284,6.99645390070922,75.9645390070922,202.875886524823,30.031914893617,169.539007092199,58.3297872340426,0.162418057494995,0.134585966034913
5520,60077,0,0,"LASP",32.2282717,-106.7975929,0,15,157.425925925926,1320.83333333333,20.7685185185185,0.262273429951691,156.350364963504,178.459854014599,46.9598540145985,7503.75182481752,344.087591240876,-32.3722627737226,376.459854014599,243.310218978102,151.704379562044,253.204379562044,60.9890510948905,251.138686131387,53.9489051094891,4.56204379562044,73.3941605839416,138.13503649635,19.7919708029197,117.788321167883,39.543795620438,0.18420780643789,0.169783548157957
5520,60081,0,0,"LASP",31.9176187,-108.3188559,0,15,153.289215686275,1404.58823529412,23.5735294117647,0.205376960784314,153.278985507246,188.355072463768,48.7572463768116,7343.71014492754,348.36231884058,-34.3405797101449,382.702898550725,238.518115942029,184.800724637681,248.188405797101,60.3007246376812,283.213768115942,61.2173913043478,4.41304347826087,75.481884057971,155.916666666667,20.1485507246377,129.829710144928,54.2644927536232,0.16420157861353,0.161676669661335
5520,60101,0,0,"LASP",36.7454597,-108.1474769,0,15,102.526315789474,1821.73684210526,22.8991228070175,0.293566666666667,102.741496598639,164.938775510204,39.234693877551,8739.64285714286,321.867346938775,-93.1190476190476,414.986394557823,178.200680272109,144.493197278912,216.006802721088,-9.8843537414966,273.93537414966,37.5816326530612,10.4455782312925,33.3673469387755,97.5238095238095,43.0986394557823,79.0612244897959,59.9557823129252,0.157552118520161,0.126529529975667
5520,60111,0,0,"LASP",35.6552916,-104.3751645,0,15,117.759259259259,1618.16666666667,32.0925925925926,0.367387037037037,118.270833333333,174.652777777778,43.7118055555556,7897.89583333333,315.395833333333,-79.8055555555556,395.201388888889,220.659722222222,17.0694444444444,220.885416666667,17.0694444444444,384.868055555556,73.9479166666667,8.57986111111111,68.7534722222222,193.006944444444,30.1006944444444,192.982638888889,30.1006944444444,0.16305869839883,0.124494058512007
5520,60112,0,0,"LASP",35.4023345,-103.5092263,0,15,138.773148148148,1267,31.9490740740741,0.357300483091787,139.319444444444,169.159722222222,42.0520833333333,8183.79166666667,337.107638888889,-59.1666666666667,396.274305555556,245.569444444444,35.3645833333333,245.569444444444,34.5555555555556,382.864583333333,76.4409722222222,8.15625,69.1666666666667,191.197916666667,29.3923611111111,191.197916666667,29.3923611111111,0.168278195962786,0.135394654082801
5520,60115,0,0,"LASP",34.1107524,-106.8715622,0,15,122.328431372549,1723.70588235294,23.2156862745098,0.2925875,123.221428571429,185.010714285714,46.6285714285714,7626.73928571429,322.989285714286,-69.7714285714286,392.760714285714,212.592857142857,69.3392857142857,221.885714285714,25.75,280.171428571429,58.6892857142857,9.70357142857143,68.9714285714286,149.232142857143,31.6357142857143,125.653571428571,38.0785714285714,0.170084569315502,0.142533923370205
5520,60121,0,0,"LASP",33.1827307,-106.9863819,0,15,141.282407407407,1535,22.9490740740741,0.22026103286385,141.44128113879,172.060498220641,45.6227758007117,7521.83274021352,330.056939501779,-43.0533807829181,373.110320284698,228.626334519573,103.523131672598,239.014234875445,45.7508896797153,273.533807829182,58.1601423487544,6.46975088967972,73.7722419928826,151.747330960854,24.7722419928826,128.491103202847,38.2526690391459,0.163434758404427,0.154539383242864
5520,60153,0,0,"LASP",36.6191539,-106.9003714,0,15,60.4212962962963,2262.44444444444,36.7824074074074,0.501807555555556,60.3664383561644,180.554794520548,42.2979452054795,8089.24657534247,275.914383561644,-145.828767123288,421.743150684931,158.647260273973,95.777397260274,164.311643835616,-44.7945205479452,440.294520547945,67.1095890410959,21.8184931506849,34.2294520547945,164.804794520548,72.6541095890411,142.38698630137,94.2260273972603,0.156819551755319,0.0904965778877885
5520,60154,0,0,"LASP",36.3350337,-105.29169,0,15,49.0925925925926,2649.83333333333,43.6388888888889,0.614444444444445,50.4724137931034,172.368965517241,45.0448275862069,7153.73448275862,243.268965517241,-135.28275862069,378.551724137931,139.627586206897,-38.148275862069,142.796551724138,-40.7413793103448,515.08275862069,91.2172413793104,22.4793103448276,53.5034482758621,226.641379310345,71.1586206896552,224.251724137931,71.4034482758621,0.173780306310602,0.0864074029318127
5520,60158,0,0,"LASP",35.4463117,-107.443336,0,15,89.9074074074074,2140.77777777778,25.9675925925926,0.299986301369863,89.6445993031359,172.243902439024,42.9303135888502,7958.93379790941,296.682926829268,-100.191637630662,396.87456445993,184.993031358885,72.2508710801394,193.463414634146,-11.6898954703833,313.616724738676,58.2891986062718,14.5540069686411,53.8362369337979,145.731707317073,46.0592334494774,124.759581881533,53.9198606271777,0.150993357404115,0.11778594480094
5520,60163,0,0,"LASP",34.5445357,-108.7904439,0,15,89.6813725490196,2096.41176470588,27.0245098039216,0.255859817351598,90.4612676056338,193.866197183099,48.419014084507,7423.05281690141,295.80985915493,-100.517605633803,396.327464788732,182.045774647887,123.419014084507,187.535211267606,-2.7887323943662,322.816901408451,66.056338028169,10.9542253521127,63.9683098591549,162.514084507042,36.1654929577465,136.281690140845,54.5,0.13957886638147,0.115211558757736
5520,60166,0,0,"LASP",33.9958055,-105.1106501,0,15,131.078703703704,1630.77777777778,26.8472222222222,0.294665714285714,131.782456140351,179.154385964912,46.3929824561404,7484.29473684211,325.256140350877,-56.8421052631579,382.098245614035,219.028070175439,51.2456140350877,229.115789473684,36.6035087719298,321.245614035088,66.5754385964912,9.63508771929825,68.6210526315789,166.157894736842,32.3894736842105,157.308771929825,33.8526315789474,0.167901312744413,0.143160264937646
5520,60201,0,0,"LASP",36.8338846,-108.010155,0,15,97.2416666666667,1876.65,25.8541666666667,0.334457619047619,97.5680272108844,165.496598639456,39.2721088435374,8678.80272108844,316.853741496599,-99.0714285714286,415.925170068027,171.248299319728,138.578231292517,210.040816326531,-14.343537414966,308.942176870748,41.2687074829932,11.8095238095238,31.2721088435374,106.778911564626,48.9829931972789,86.8775510204082,69.6360544217687,0.158638519810946,0.120309561035694
5520,60221,0,0,"LASP",33.1786297,-107.0297999,0,15,142.171296296296,1527.66666666667,22.6574074074074,0.21763137254902,142.01083032491,172.180505415162,45.6353790613718,7520.53068592058,330.689530685921,-42.5523465703971,373.241877256318,229.202166064982,103.101083032491,239.58844765343,46.3574007220217,271.494584837545,57.9350180505415,6.35740072202166,74.3212996389892,151.375451263538,24.2129963898917,127.718411552347,37.6425992779783,0.163412482082685,0.155139730787029
5520,60263,0,0,"LASP",34.341296,-108.523606,0,15,79.9166666666667,2246.44444444444,29.8935185185185,0.335747826086957,80.3485915492958,197.760563380282,49.8556338028169,7180.13028169014,284,-109.109154929577,393.109154929577,168.94014084507,111.855633802817,174.549295774648,-9.70070422535211,355.852112676056,74.0281690140845,12.0176056338028,66.5352112676056,184.179577464789,39.0739436619718,153.964788732394,60.1232394366197,0.147986514586075,0.108786784159873
5520,60301,0,0,"LASP",36.8338846,-108.010155,0,15,97.2416666666667,1876.65,25.8541666666667,0.334457619047619,97.5680272108844,165.496598639456,39.2721088435374,8678.80272108844,316.853741496599,-99.0714285714286,415.925170068027,171.248299319728,138.578231292517,210.040816326531,-14.343537414966,308.942176870748,41.2687074829932,11.8095238095238,31.2721088435374,106.778911564626,48.9829931972789,86.8775510204082,69.6360544217687,0.158638519810946,0.120309561035694
5520,64002,0,0,"LASP",46.4854717,-97.0100549,0,15,53.3833333333333,299.4,42.8541666666667,0.814993495934959,53.5177514792899,125.988165680473,25.4260355029586,12378.6153846154,288.730769230769,-196.440828402367,485.171597633136,198.257396449704,-115.91124260355,204.011834319527,-115.91124260355,514.08875739645,85.6538461538462,11.1508875739645,59.2011834319527,230.263313609467,37.9378698224852,230.177514792899,37.9378698224852,0.158254763930697,0.0594152409850372
5520,64007,0,0,"LASP",47.845638,-97.6029243,0,15,38.8949275362319,349.086956521739,41.3152173913044,0.83042519379845,38.8843930635838,122.225433526012,24.6242774566474,12651.9046242775,274.953757225434,-210.687861271676,485.64161849711,191.14450867052,-134.760115606936,191.864161849711,-134.760115606936,495.352601156069,85.0231213872832,11.2890173410405,58.6127167630058,223.349710982659,42.2312138728324,223.349710982659,42.2312138728324,0.154770152212358,0.0549594190740109
5520,64013,0,0,"LASP",48.7529697,-97.1848759,0,15,32.5416666666667,251.090909090909,40.6666666666667,0.837696983872405,32.6203966005666,121.532577903683,24.1104815864023,12879.8498583569,268.747875354108,-223.249291784703,491.99716713881,187.104815864023,-144.651558073654,187.104815864023,-144.651558073654,487.339943342776,82.1869688385269,12.7677053824363,58.3399433427762,220.407932011331,44.7167138810198,220.407932011331,44.7167138810198,0.150318487830989,0.0519332037007315
5520,64014,0,0,"LASP",48.4560524,-97.5356201,0,15,37.0634920634921,283.238095238095,39.8650793650794,0.84291115320965,37.2146892655367,122.912429378531,24.5790960451977,12768.4435028249,273.709039548023,-214.793785310734,488.502824858757,190.994350282486,-137.983050847458,190.994350282486,-137.983050847458,478.327683615819,82.7175141242938,11.635593220339,59.728813559322,218.64406779661,40.7966101694915,218.64406779661,40.7966101694915,0.157323471623798,0.054710198610121
5520,64020,0,0,"LASP",46.2845877,-100.7953029,0,15,58.0357142857143,574.571428571429,33.9007936507937,0.721329135472371,58.5595238095238,142.35119047619,29.2172619047619,11616.5505952381,297.598214285714,-181.220238095238,478.818452380952,177.889880952381,-95.6636904761905,203.645833333333,-97.3571428571429,406.136904761905,76.6488095238095,8.89583333333333,64.5773809523809,192.717261904762,28.0297619047619,179.157738095238,28.0297619047619,0.166004698774592,0.0709800121311424
5520,64021,0,0,"LASP",46.9484737,-102.8519519,0,15,54.4621212121212,753.954545454545,34.5833333333333,0.699473563218391,54.5250737463127,136.53982300885,29.4483775811209,10928.5398230089,284.53982300885,-171.787610619469,456.327433628319,165.684365781711,-90.0147492625369,191.834808259587,-90.0147492625369,414.398230088496,87.7050147492625,9.32153392330384,68.023598820059,204.967551622419,30.1209439528024,186.339233038348,30.1209439528024,0.161170687558497,0.070280039087398
5520,64022,0,0,"LASP",47.4987607,-102.6094959,0,15,52.6780303030303,672.181818181818,35.0189393939394,0.731637805788982,52.6618497109827,136.468208092486,28.5606936416185,11386.5867052023,286.92774566474,-181.465317919075,468.393063583815,168.728323699422,-100.179190751445,194.124277456647,-100.179190751445,420.653179190751,86.7167630057804,10.5867052023121,66.1300578034682,204.791907514451,32.6156069364162,188.257225433526,32.6156069364162,0.1639337190499,0.0683568058126913
5520,64023,0,0,"LASP",48.4447167,-101.6472319,0,15,37.0909090909091,565.454545454545,35.4924242424242,0.824507715355805,37.3931623931624,130.7150997151,26.8290598290598,12024.9743589744,274.866096866097,-202.059829059829,476.925925925926,161.264957264957,-119.401709401709,185.626780626781,-125.689458689459,428.131054131054,79.994301994302,11.8632478632479,60.7407407407407,198.022792022792,39.8433048433048,189.128205128205,39.8717948717949,0.169441340356077,0.0606774807965856
5520,64024,0,0,"LASP",48.8647667,-101.5405509,0,15,34.8015873015873,500.47619047619,33.8134920634921,0.818526477272727,34.5310734463277,132.158192090395,26.7457627118644,12296.2429378531,274.062146892655,-211.370056497175,485.432203389831,171.084745762712,-119.062146892655,184.672316384181,-133.110169491525,405.437853107345,73.6666666666667,10.6129943502825,63.3446327683616,190.372881355932,35.0112994350282,188.322033898305,35.1694915254237,0.167698739512112,0.0599330038343303
5520,64025,0,0,"LASP",48.1143616,-103.1250563,0,15,47.975,660.45,32.0791666666667,0.719532510390951,48.6676136363636,137.588068181818,28.4318181818182,11687.4261363636,287.741477272727,-188.596590909091,476.338068181818,168.5625,-108.284090909091,193.678977272727,-109.15625,386.039772727273,72.9090909090909,9.875,63.6335227272727,185.846590909091,33.3068181818182,170.122159090909,33.3068181818182,0.163366348569862,0.06836680495643
5520,64026,0,0,"LASP",48.2692787,-102.4614329,0,15,38.4393939393939,673.363636363636,34.8863636363636,0.789265142591368,38.643059490085,134.504249291785,27.7847025495751,11854.7507082153,277.354107648725,-199.558073654391,476.912181303116,160.694050991501,-120.359773371105,185.093484419263,-122.334277620397,419.1388101983,79.3796033994334,10.7648725212465,63.4220963172805,199.084985835694,35.6402266288952,184.915014164306,35.6402266288952,0.166569997042334,0.0625520903927191
5520,64027,0,0,"LASP",46.4129929,-96.7567323,0,15,53.8369565217391,299.95652173913,44.3913043478261,0.822124206349206,53.9029411764706,124.3,25.1764705882353,12407.6235294118,288.094117647059,-196.664705882353,484.758823529412,199.947058823529,-116.023529411765,204.620588235294,-116.023529411765,531.920588235294,88.5617647058824,11.7705882352941,58.8117647058824,237.817647058824,40.1617647058824,237.711764705882,40.1617647058824,0.157283966604069,0.0586135338507308
5520,64029,0,0,"LASP",46.4439717,-101.4143059,0,15,55.9708333333333,642.9,35.1041666666667,0.712060123661868,56.310650887574,140.390532544379,29.1863905325444,11412.2485207101,293.713017751479,-176.985207100592,470.698224852071,173.461538461538,-96.7544378698225,199.05325443787,-96.7544378698225,420.452662721893,81.9940828402367,8.58579881656805,67.0118343195266,203.819526627219,27.585798816568,187.408284023669,27.585798816568,0.161472941663266,0.0695193388885941
5520,64030,0,0,"LASP",46.198459,-103.431806,0,15,58.7708333333333,891.45,32.5208333333333,0.667211764705882,58.8154761904762,143.747023809524,31.3184523809524,10631.1220238095,292.532738095238,-159.46130952381,451.994047619048,167.505952380952,-80.9672619047619,194.64880952381,-80.9672619047619,391.717261904762,82.6726190476191,8.64285714285714,69.6547619047619,199.372023809524,28.6904761904762,170.404761904762,28.6904761904762,0.164648551021594,0.0756158451443125
5520,64031,0,0,"LASP",47.4076426,-101.9319632,0,15,51.4583333333333,614.954545454545,35.625,0.756470558424173,51.5659824046921,134.82991202346,28.2199413489736,11509.8152492669,286.821114369501,-182.032258064516,468.853372434018,169.243401759531,-103.58357771261,194.401759530792,-103.58357771261,427.16715542522,86.3049853372434,10.3431085043988,65.5102639296188,206.255131964809,32.8269794721408,191.771260997067,32.8269794721408,0.16625129123843,0.0670381264731056
5520,64032,0,0,"LASP",47.2340597,-103.3213579,0,15,57.0615942028986,755.826086956522,32.9130434782609,0.628039759036145,57.2267441860465,139.953488372093,29.7936046511628,11050.8052325581,292.308139534884,-169.40988372093,461.718023255814,170.142441860465,-89.9680232558139,196.235465116279,-89.9680232558139,395.075581395349,83.4098837209302,8.59011627906977,68.6220930232558,196.441860465116,28.8372093023256,176.290697674419,28.8372093023256,0.150206328074668,0.0718327054827133
5520,64034,0,0,"LASP",45.9442265,-101.6387111,0,15,63.2458333333333,683.3,34.8958333333333,0.654566279069767,63.7626112759644,139.13056379822,29.3827893175074,11263.8694362018,301.106824925816,-164.379821958457,465.486646884273,179.296735905044,-86.0237388724036,205.902077151335,-86.0237388724036,418.272997032641,81.1780415430267,7.61424332344214,67.4718100890208,204.741839762611,27.2017804154303,180.296735905044,27.2017804154303,0.155523359003475,0.0731450496524732
5520,64035,0,0,"LASP",46.7309876,-103.9865945,0,15,57.5253623188406,851.695652173913,30.7101449275362,0.609593428184282,57.4824561403509,146.24269005848,31.3625730994152,10729.8596491228,294.207602339181,-165.073099415205,459.280701754386,167.517543859649,-84.2017543859649,194.169590643275,-84.3245614035088,368.885964912281,73.4473684210526,8.9766081871345,62.5292397660819,176.043859649123,33.0526315789474,155.418128654971,33.0526315789474,0.152966539786434,0.0749299325453046
5520,64036,0,0,"LASP",46.1041487,-102.0608219,0,15,61.6583333333333,740.9,35.4,0.696842570281125,61.787610619469,140.268436578171,30.0796460176991,10998.4896755162,296.525073746313,-162.666666666667,459.191740412979,174.368731563422,-83.3628318584071,201.01179941003,-83.3628318584071,424.371681415929,84.8318584070797,8.976401179941,67.9380530973451,209.657817109145,29.3038348082596,183.533923303835,29.3038348082596,0.164350060826637,0.0732159702686615
5520,64037,0,0,"LASP",46.7758047,-101.9283519,0,15,54.6904761904762,678.380952380952,35.8888888888889,0.740213991769547,54.6598240469208,136.425219941349,28.9941348973607,11236.0117302053,288.431085043988,-173.929618768328,462.360703812317,169.695014662757,-95.1436950146628,195.366568914956,-95.1436950146628,430.912023460411,86.5601173020528,10.049853372434,66.1671554252199,209.041055718475,31.4193548387097,191.557184750733,31.4193548387097,0.166030865479175,0.068897803003792
5520,64038,0,0,"LASP",48.5899857,-103.0592269,0,15,36.9492753623188,675.95652173913,32.0507246376812,0.782636046511628,36.7228571428571,133.88,27.34,11971.04,276.237142857143,-204.422857142857,480.66,159.94,-123.305714285714,183.985714285714,-125.86,385.134285714286,68.5114285714286,9.93142857142857,63.0628571428571,182.768571428571,33.5285714285714,172.88,33.5285714285714,0.169328460713006,0.0637755794098018
5520,64040,0,0,"LASP",47.9776527,-102.0433499,0,15,42.4722222222222,634.714285714286,36.1071428571429,0.793697927929611,42.8904899135447,132.847262247839,27.6484149855908,11767.3458213256,279.737752161383,-193.109510086455,472.847262247839,163.801152737752,-116.268011527378,188.50144092219,-116.564841498559,432.106628242075,84.9250720461095,11.5734870317003,62.9106628242075,204.389048991354,38.0086455331412,190.011527377522,38.0086455331412,0.167802272892963,0.0633299025581919
5520,64041,0,0,"LASP",47.7465897,-101.5077209,0,15,44.4772727272727,612.5,35.8371212121212,0.786992508226868,44.5287356321839,131.005747126437,27.2385057471264,11841.2298850575,281.066091954023,-191.632183908046,472.698275862069,166.123563218391,-112.419540229885,191.043103448276,-115.954022988506,429.778735632184,84.5287356321839,10.7672413793103,64.0747126436782,203.405172413793,35.6235632183908,193.91091954023,35.6235632183908,0.167302583270562,0.0638842152175126
5520,64113,0,0,"LASP",48.717625,-97.316075,0,15,34.5079365079365,253,40.2579365079365,0.837988810861423,33.9546742209632,122.025495750708,24.2804532577904,12852.1161473088,270.067988668555,-220.821529745042,490.889518413598,188.305949008499,-142.694050991501,188.305949008499,-142.694050991501,483.991501416431,81.9660056657224,12.4900849858357,58.8781869688385,219.906515580737,43.1756373937677,219.906515580737,43.1756373937677,0.15197452410484,0.0526723370585929
5520,64120,0,0,"LASP",46.2845786,-100.7951918,0,15,58.0357142857143,574.571428571429,33.9007936507937,0.721329135472371,58.5595238095238,142.35119047619,29.2172619047619,11616.5505952381,297.598214285714,-181.220238095238,478.818452380952,177.889880952381,-95.6636904761905,203.645833333333,-97.3571428571429,406.136904761905,76.6488095238095,8.89583333333333,64.5773809523809,192.717261904762,28.0297619047619,179.157738095238,28.0297619047619,0.166004698774592,0.0709800121311424
5520,64127,0,0,"LASP",46.42754,-96.75673,0,15,53.5595238095238,299.238095238095,44.3690476190476,0.821905691056911,53.7235294117647,124.197058823529,25.1529411764706,12413.3558823529,287.885294117647,-196.911764705882,484.797058823529,200.502941176471,-116.273529411765,204.479411764706,-116.273529411765,531.961764705882,88.5235294117647,11.7029411764706,58.8352941176471,237.95,40.1529411764706,237.873529411765,40.1529411764706,0.157067454523728,0.0585198130858991
5520,64129,0,0,"LASP",46.4874487,-101.4765709,0,15,55.6958333333333,653.15,35.2875,0.720561962833914,55.8461538461538,139.869822485207,29.1597633136095,11390.349112426,292.807692307692,-176.650887573964,469.458579881657,172.754437869822,-96.8639053254438,198.316568047337,-96.8639053254438,422.766272189349,82.7514792899408,8.76627218934911,66.9585798816568,205.014792899408,28.0680473372781,188.511834319527,28.0680473372781,0.162995456167182,0.069402683498459
5520,66001,0,0,"LASP",41.5501237,-84.3898389,0,15,91.1140350877193,241.210526315789,72.7061403508772,0.775578902953587,90.8199356913183,116.086816720257,29.8745980707395,9539.23151125402,286.520900321543,-96.6366559485531,383.157556270096,190.118971061093,-31.6430868167203,208.977491961415,-37.5273311897106,872.996784565916,92.6784565916399,45.0514469453376,20.5016077170418,269.363344051447,159.588424437299,263.881028938907,159.781350482315,0.121887363836564,0.0531605225924975
5520,66002,0,0,"LASP",41.3867557,-84.1216579,0,15,94.4824561403509,216.736842105263,72.1535087719298,0.765078632478632,94.2935483870968,114.729032258065,29.4870967741935,9572.57096774194,289.18064516129,-93.7870967741935,382.967741935484,194.764516129032,-27.8903225806452,212.803225806452,-34.6451612903226,865.325806451613,92.841935483871,44.9096774193548,20.7032258064516,269.535483870968,159.741935483871,263.558064516129,160.174193548387,0.122619757846172,0.054611022636913
5520,66003,0,0,"LASP",41.6511517,-84.5147859,0,15,88.5958333333333,271.4,73.3791666666667,0.790955128205128,88.7284345047923,115.607028753994,29.8370607028754,9514.53674121406,283.968051118211,-97.7444089456869,381.712460063898,187.281150159744,-34.8178913738019,206.638977635783,-39.1501597444089,880.840255591054,93.5335463258786,45.0223642172524,20.7859424920128,271.536741214057,159.067092651757,267.086261980831,159.207667731629,0.123039770552569,0.0524120139213338
5520,66008,0,0,"LASP",41.1974257,-83.7075339,0,15,97.1269841269841,224.428571428571,72.9880952380952,0.763857264957265,97.0870967741936,111,28.8741935483871,9540.5935483871,289.432258064516,-88.9064516129032,378.338709677419,195.874193548387,-26.8096774193548,215.487096774194,-31.1290322580645,873.361290322581,96.0677419354839,45.2548387096774,21.7193548387097,277.564516129032,160.774193548387,270.967741935484,161.093548387097,0.123267982667019,0.0553853654614896
5520,66024,0,0,"LASP",40.4824537,-84.1838359,0,15,99.45,293.25,76.1708333333333,0.765050877192982,99.6548387096774,112.674193548387,29.1225806451613,9518.55161290323,289.496774193548,-89.5838709677419,379.08064516129,197.132258064516,-28.741935483871,217.116129032258,-28.741935483871,914.748387096774,96.9258064516129,49.541935483871,21.0483870967742,287.748387096774,169.035483870968,274.01935483871,169.035483870968,0.121132400323992,0.05484549647291
5520,66025,0,0,"LASP",40.9809757,-84.1972889,0,15,97.0166666666667,233.45,73.45,0.742278324324324,97.2290322580645,114.390322580645,29.2967741935484,9603.5935483871,290.606451612903,-93.3032258064516,383.909677419355,195.941935483871,-31.2322580645161,215.738709677419,-32.5903225806452,882.235483870968,94.2451612903226,45.9451612903226,21.1258064516129,278.025806451613,162.787096774194,265.893548387097,162.790322580645,0.118419393412853,0.0547203058174985
5520,66026,0,0,"LASP",40.0762987,-84.1745919,0,15,103.777777777778,303.095238095238,79.5833333333333,0.787705701754386,103.964285714286,112.587662337662,29.6006493506494,9343.08766233766,291.214285714286,-82.1136363636364,373.327922077922,199.324675324675,-21.7045454545455,219.532467532468,-21.7045454545455,954.850649350649,102.243506493506,54.6850649350649,19.8928571428571,298.938311688312,182.366883116883,282.165584415584,182.366883116883,0.122964624793464,0.0547878296250142
5520,66027,0,0,"LASP",40.2671711,-84.7793129,0,15,99.6791666666667,302.25,78.4041666666667,0.783127040935673,99.5974025974026,114.568181818182,29.6915584415584,9459.54545454545,289.230519480519,-90.0746753246753,379.305194805195,196.542207792208,-28.6136363636364,216.165584415584,-28.6136363636364,942.905844155844,100.561688311688,50.762987012987,21.0649350649351,296.418831168831,174.003246753247,283.113636363636,174.003246753247,0.120918190119328,0.053585029460442
5520,66031,0,0,"LASP",40.1540697,-83.7262559,0,15,100.962962962963,328.611111111111,79.3148148148148,0.806860523592085,101.275080906149,114.715210355987,30.084142394822,9276.97087378641,288.838187702265,-85.4271844660194,374.265372168285,196.122977346278,-23.9708737864078,215.779935275081,-23.9708737864078,952.556634304207,103.323624595469,52.663430420712,20.8446601941748,302.097087378641,177.799352750809,286.588996763754,177.799352750809,0.125720504958469,0.0543477727652363
5520,66032,0,0,"LASP",40.6744266,-83.6735259,0,15,98.3666666666667,290.15,75.925,0.774344298245614,98.3636363636364,112.876623376623,29.3766233766234,9443.23051948052,289.564935064935,-88.3051948051948,377.87012987013,195.538961038961,-28.6396103896104,215.548701298701,-28.6396103896104,910.058441558442,99.7857142857143,48.4707792207792,21.5974025974026,289.707792207792,168.863636363636,275.207792207792,168.863636363636,0.122590848293257,0.0546754803657311
5520,66033,0,0,"LASP",40.7097397,-83.5725179,0,15,98.3425925925926,287.833333333333,75.9259259259259,0.775008974358974,98.3685897435897,113.233974358974,29.5224358974359,9418.22115384615,289.932692307692,-87.5160256410256,377.448717948718,195.349358974359,-28.2211538461538,215.384615384615,-28.2211538461538,910.288461538462,100.339743589744,48.3782051282051,21.6410256410256,290.25,169.233974358974,276.048076923077,169.233974358974,0.122636443679214,0.0546493121629176
5520,66034,0,0,"LASP",40.5642137,-83.0386289,0,15,97.2916666666667,306.9,79.0208333333333,0.791567111111111,96.9803921568627,117.09477124183,30.6895424836601,9226.01633986928,287.160130718954,-88.4640522875817,375.624183006536,191.349673202614,-27.640522875817,211.196078431373,-27.640522875817,949.352941176471,104.575163398693,50.3888888888889,21.5653594771242,303.542483660131,176.56862745098,290.127450980392,176.56862745098,0.12008532909858,0.0523376684641979
5520,66035,0,0,"LASP",40.246894,-83.2978987,0,15,101.120833333333,301.85,78.8791666666667,0.774915908013276,101.176470588235,118.202614379085,30.9281045751634,9210.91830065359,290.209150326797,-85.5228758169935,375.732026143791,195.509803921569,-23.4869281045752,214.924836601307,-23.4869281045752,946.820261437908,103.650326797386,51.3823529411765,21.1274509803922,301.575163398693,176.741830065359,286.71568627451,176.741830065359,0.119879211281074,0.0538920116136228
5520,66041,0,0,"LASP",40.0798127,-82.9285889,0,15,103.4625,285.2,80.9375,0.761881278538813,103.264705882353,118.751633986928,31.3333333333333,9097.05555555555,290.140522875817,-82.3006535947712,372.441176470588,196.225490196078,-19.8202614379085,215.686274509804,-19.8202614379085,972.058823529412,106.424836601307,54.2124183006536,20.6307189542484,307.575163398693,184.078431372549,293.830065359477,184.078431372549,0.115230918145878,0.0529790869668682
5520,66042,0,0,"LASP",40.4600977,-82.7639629,0,15,95.0092592592593,336.166666666667,81.8564814814815,0.807738888888889,95.3843648208469,118.254071661238,31.0684039087948,9152.62540716612,284.094462540717,-90.8925081433225,374.986970684039,188.586319218241,-28.6644951140065,208.361563517915,-28.6644951140065,980.57654723127,107.794788273616,53.0228013029316,21.3811074918567,312.846905537459,182.081433224756,300.517915309446,182.081433224756,0.11860815934192,0.0505469304800845
5520,66058,0,0,"LASP",39.6578707,-84.3980039,0,15,109.037037037037,274.555555555556,83.7222222222222,0.782979631000864,108.993421052632,115.726973684211,30.5263157894737,9189.79605263158,295.509868421053,-77.2993421052632,372.809210526316,192.259868421053,-14.8421052631579,222.753289473684,-14.8421052631579,1006.65789473684,111.368421052632,60.7565789473684,18.4013157894737,307.082236842105,199.141447368421,282.6875,199.141447368421,0.117847160758865,0.0535701221125489
5520,66059,0,0,"LASP",39.2921467,-84.6179359,0,15,113.481481481481,239.388888888889,87.6851851851852,0.796705555555556,113.598006644518,119.475083056478,31.5747508305648,9022.86046511628,299.53488372093,-72.3189368770764,371.853820598007,150.059800664452,-8.14950166112957,225.571428571429,-8.14950166112957,1054.39202657807,115.265780730897,66.1760797342193,17.1926910299003,316.279069767442,214.232558139535,290.016611295681,214.232558139535,0.116275208324409,0.0526188263128402
5520,66060,0,0,"LASP",39.493375,-84.6652972,0,15,109.595833333333,266,86.3125,0.798120456456456,109.798013245033,120.003311258278,31.453642384106,9097.98013245033,297.748344370861,-77.2980132450331,375.046357615894,177.05298013245,-13.158940397351,222.490066225166,-13.158940397351,1036.54635761589,115.245033112583,63.3973509933775,18.1258278145695,314.311258278146,207.788079470199,287.950331125828,207.788079470199,0.117047006156524,0.0523668787367724
5520,66061,0,0,"LASP",39.4892987,-84.0114069,0,15,111.0125,282.85,85.45,0.802114803159324,111.246710526316,112.361842105263,30.2828947368421,9042.67763157895,292.378289473684,-71.7434210526316,364.121710526316,187.315789473684,-10.4572368421053,223.167763157895,-10.4572368421053,1027.77631578947,114.226973684211,63.3980263157895,18.1842105263158,312.282894736842,205.391447368421,288.013157894737,205.391447368421,0.120155019208677,0.0536682637793785
5520,66064,0,0,"LASP",39.3611652,-83.8637013,0,15,111.600877192982,292.736842105263,87.4736842105263,0.817682508297771,111.543046357616,112.509933774834,30.5794701986755,8946.48013245033,290.725165562914,-70.5794701986755,361.304635761589,173.576158940397,-9,222.158940397351,-9,1046.82119205298,116.645695364238,65.271523178808,18.0397350993377,316.685430463576,211.26821192053,292.490066225166,211.26821192053,0.120915508128535,0.0530514319235642
5520,66065,0,0,"LASP",39.4776857,-83.8167579,0,15,110.45,296.2,85.375,0.817156858226648,110.584967320261,111.633986928105,30.359477124183,8986.1862745098,289.901960784314,-71.3398692810458,361.241830065359,192.545751633987,-10.4313725490196,221.679738562092,-10.4313725490196,1028.46405228758,114.993464052288,63.3104575163399,18.4967320261438,313.316993464052,205.218954248366,289.954248366013,205.218954248366,0.122715330485047,0.0537119618127783
5520,66066,0,0,"LASP",39.8497537,-83.4663239,0,15,105.859649122807,301.631578947368,81.3026315789474,0.802781442710316,105.716171617162,115.646864686469,30.8250825082508,9079.14191419142,289.663366336634,-78.6798679867987,368.343234323432,198.567656765677,-16.986798679868,217.673267326733,-16.986798679868,974.260726072607,107.739273927393,55.957095709571,20.1782178217822,304.792079207921,185.174917491749,287.547854785479,185.174917491749,0.124281157366613,0.0546136315739373
5520,66067,0,0,"LASP",39.6821707,-83.8036269,0,15,108.925,299.05,83.4208333333333,0.811346372372372,108.580858085809,111.745874587459,30.1518151815182,9080.70957095709,289.990099009901,-74.2244224422442,364.214521452145,201.26402640264,-13.6897689768977,220.815181518152,-13.6897689768977,999.313531353135,110.722772277228,59.8085808580858,19.1650165016502,308.481848184818,195.089108910891,287.891089108911,195.089108910891,0.124308386057222,0.0544761500816514
5520,66068,0,0,"LASP",39.8925897,-83.9067219,0,15,106.34649122807,306.315789473684,81.4517543859649,0.801447278452542,106.127450980392,112.392156862745,29.9084967320261,9205.80718954248,290.807189542484,-78.1960784313726,369.003267973856,200.18954248366,-17.718954248366,219.970588235294,-17.718954248366,976.02614379085,106.137254901961,56.7320261437908,19.6895424836601,304.823529411765,187.202614379085,286.908496732026,187.202614379085,0.124160445180885,0.0547150913792587
5520,66072,0,0,"LASP",39.1991097,-82.6751939,0,15,111.475,248.8,86.025,0.875840599040599,111.066225165563,127.903973509934,34.2119205298013,8672.16225165563,293.860927152318,-74.4172185430464,368.278145695364,190.437086092715,-6.23509933774834,218.470198675497,-6.23509933774834,1030.68543046358,112.119205298013,63.5529801324503,18.2450331125828,310.066225165563,206.619205298013,298.73178807947,206.619205298013,0.132970938945061,0.0541201564411349
5520,66073,0,0,"LASP",39.3166637,-82.1680389,0,15,109.7875,257.75,85.7958333333333,0.885718543859649,110.079734219269,128.893687707641,34.4784053156146,8646.26910299003,292.983388704319,-75.5880398671096,368.571428571429,198.029900332226,-6.97674418604651,217.043189368771,-6.97674418604651,1030.65448504983,113.279069767442,64.3953488372093,17.8338870431894,312.116279069767,207.983388704319,304.079734219269,207.983388704319,0.134492634275503,0.0539508692297995
5520,66074,0,0,"LASP",39.1527143,-82.9107789,0,15,112.388888888889,251.888888888889,86.0833333333333,0.872690430528376,112.271523178808,125.384105960265,33.7814569536424,8678.39072847682,293.966887417219,-71.4801324503311,365.44701986755,170.62582781457,-4.07284768211921,219.847682119205,-4.89403973509934,1031.84437086093,111.556291390728,64.2086092715232,17.9172185430464,308.076158940397,208.592715231788,295.433774834437,208.592715231788,0.133069953683271,0.0545410552806047
5520,66075,0,0,"LASP",39.9655986,-82.5305735,0,15,102.347222222222,295.333333333333,83.6435185185185,0.821994444444444,102.527508090615,121.495145631068,32.0647249190938,8997.49838187702,289.326860841424,-83.4239482200647,372.750809061489,194.323624595469,-19.2783171521036,213.783171521036,-19.2783171521036,1003.66343042071,110.666666666667,57.5728155339806,20.294498381877,316.485436893204,192.032362459547,303.935275080906,192.032362459547,0.121780017182191,0.0518907509870108
5520,66076,0,0,"LASP",39.2309737,-82.2853793,0,15,111.25,248.7,86.1916666666667,0.879150891933029,110.950495049505,129.785478547855,34.6600660066007,8636.75577557756,293.914191419142,-75.3597359735974,369.273927392739,198.749174917492,-6.02970297029703,217.795379537954,-6.02970297029703,1033.83168316832,113.488448844884,64.4587458745875,17.7920792079208,311.716171617162,208.828382838284,303.158415841584,208.828382838284,0.133102241201105,0.0539414740020709
5520,66085,0,0,"LASP",38.9081057,-83.7588579,0,15,115.039473684211,270.157894736842,91.4561403508772,0.82645824811885,114.927392739274,119.778877887789,32.4785478547855,8741.48184818482,294.23102310231,-68.7854785478548,363.016501650165,139.498349834983,-3.2013201320132,222.983498349835,-3.2013201320132,1095.49504950495,117.531353135314,69.7722772277228,16.9042904290429,324.399339933993,227.240924092409,305.359735973597,227.240924092409,0.117806538432563,0.0516344375003494
5520,66086,0,0,"LASP",38.6696358,-83.4163514,0,15,116.291666666667,272.055555555556,91.7037037037037,0.845317133825079,116.438127090301,125.903010033445,34.133779264214,8563.23745819398,296.183946488294,-66.9765886287625,363.160535117057,179.153846153846,33.2274247491639,222.52508361204,0.789297658862876,1099.60535117057,116.986622073579,70.0033444816054,16.4548494983278,324.76254180602,232.43143812709,311.05016722408,233.010033444816,0.121692460168765,0.0522891232028083
5520,66087,0,0,"LASP",38.8817267,-82.7884369,0,15,115.75,237.052631578947,87.8070175438596,0.865269956140351,115.445182724252,128.813953488372,34.6810631229236,8563.39534883721,297.003322259136,-68.5382059800665,365.541528239203,191.182724252492,16.7209302325581,221.790697674419,-0.0764119601328904,1051.34551495017,112.730897009967,66.9269102990033,16.7308970099668,311.033222591362,219.611295681063,303.750830564784,219.784053156146,0.130639813092834,0.05448710215104
5520,66088,0,0,"LASP",38.6500007,-82.4223789,0,15,119.115740740741,230.277777777778,89.462962962963,0.860105948414167,119.199335548173,131.455149501661,35.624584717608,8437.20265780731,299.887043189369,-64.0066445182724,363.893687707641,205.06976744186,42.8073089700997,224.1926910299,5.62126245847176,1072.17275747508,119.431893687708,70.3920265780731,15.9966777408638,317.843853820598,228.734219269103,313.794019933555,229.697674418605,0.129069759190485,0.0547174093240516
5520,66126,0,0,"LASP",40.0778757,-84.1360999,0,15,103.766666666667,304.2,79.525,0.790033771929825,103.921824104235,112.508143322476,29.599348534202,9338.68403908795,291.055374592834,-82.0879478827362,373.14332247557,199.224755700326,-21.6775244299674,219.442996742671,-21.6775244299674,954.745928338762,102.237785016287,54.586319218241,19.9446254071661,299.14006514658,182.107491856678,282.550488599349,182.107491856678,0.123411085071085,0.0548215128357711
5520,66141,0,0,"LASP",40.0945941,-82.8994756,0,15,102.469298245614,292.105263157895,81.0789473684211,0.764738222222222,102.808441558442,118.883116883117,31.3441558441558,9099.72727272727,289.840909090909,-82.9220779220779,372.762987012987,195.772727272727,-20.3474025974026,215.25,-20.3474025974026,974.415584415584,106.688311688312,54.262987012987,20.6590909090909,308.538961038961,184.392857142857,294.983766233766,184.392857142857,0.115306944437387,0.052776266753952
5520,66159,0,0,"LASP",39.6680438,-84.2514604,0,15,109.601851851852,276.055555555556,83.4814814814815,0.788066596491228,109.712871287129,113.917491749175,30.2244224422442,9180.35313531353,294.732673267327,-75.4455445544555,370.178217821782,195.719471947195,-13.8382838283828,223.36303630363,-13.8382838283828,1000.85148514851,110.280528052805,60.5148514851485,18.4224422442244,305.83498349835,197.541254125413,282.544554455446,197.541254125413,0.119998511234119,0.0542802173947168
5520,66161,0,0,"LASP",39.4989563,-84.0134234,0,15,111.0125,282.85,85.45,0.801074504434012,111.219672131148,112.36393442623,30.2655737704918,9051.74098360656,292.537704918033,-71.8655737704918,364.403278688525,187.754098360656,-10.6,223.255737704918,-10.6,1025.63606557377,113.904918032787,63.2032786885246,18.1967213114754,311.780327868852,204.754098360656,287.616393442623,204.754098360656,0.120227404941255,0.0537622888483012
5520,66165,0,0,"LASP",39.5569036,-83.8484908,0,15,110.277777777778,296.444444444444,85,0.812351643432907,110.12131147541,111.452459016393,30.2098360655738,9033.73770491803,290.331147540984,-72.1639344262295,362.495081967213,199.062295081967,-11.4786885245902,221.809836065574,-11.4786885245902,1016.67213114754,113.327868852459,62.0262295081967,18.672131147541,311.072131147541,201.377049180328,288.4,201.377049180328,0.123099890465655,0.0541182611382785
5520,66166,0,0,"LASP",39.8496832,-83.4658472,0,15,105.859649122807,301.631578947368,81.3026315789474,0.802781442710316,105.716171617162,115.646864686469,30.8250825082508,9079.14191419142,289.663366336634,-78.6798679867987,368.343234323432,198.567656765677,-16.986798679868,217.673267326733,-16.986798679868,974.260726072607,107.739273927393,55.957095709571,20.1782178217822,304.792079207921,185.174917491749,287.547854785479,185.174917491749,0.124281157366613,0.0546136315739373
5520,66168,0,0,"LASP",39.8881087,-83.9166709,0,15,106.703703703704,305,81.6018518518518,0.802019815564552,106.19801980198,112.3300330033,29.8910891089109,9208.13201320132,290.891089108911,-78.1122112211221,369.003300330033,200.280528052805,-17.6633663366337,220.079207920792,-17.6633663366337,976.115511551155,106.118811881188,56.7722772277228,19.6666666666667,304.792079207921,187.310231023102,286.811881188119,187.310231023102,0.12427241282092,0.0547336106501316
5520,66188,0,0,"LASP",38.6295227,-82.4578029,0,15,119.115740740741,230.277777777778,89.462962962963,0.860162396396396,119.247491638796,131.387959866221,35.6053511705686,8435.84615384615,299.896321070234,-63.8862876254181,363.782608695652,204.90635451505,48.8561872909699,224.234113712375,5.69899665551839,1072.5652173913,119.284280936455,70.3678929765886,16.0066889632107,318.197324414716,228.936454849498,313.882943143813,230.066889632107,0.129058178839676,0.0547159270583299
5520,67001,0,0,"LASP",34.5662622,-94.7071599,0,15,156.00462962963,321.333333333333,108.236111111111,0.827987037037037,155.673758865248,134.198581560284,36.6595744680851,7911.51418439716,332.613475177305,-28.4822695035461,361.095744680851,154.31914893617,49.4290780141844,254.41134751773,49.4290780141844,1301.32624113475,167.836879432624,66.5744680851064,22.7730496453901,410.563829787234,250.514184397163,292.248226950355,250.514184397163,0.117725965009904,0.0574289158553954
5520,67002,0,0,"LASP",34.7512366,-95.7740762,0,15,162.245614035088,242.578947368421,95.2236842105263,0.778027142857143,162.229965156794,127.501742160279,34.397212543554,8226.14634146341,340.11149825784,-24.7909407665505,364.90243902439,206.034843205575,51.7735191637631,265.177700348432,51.7735191637631,1141.34494773519,154.101045296167,51.5714285714286,29.184668989547,377.020905923345,187.658536585366,259.756097560976,187.658536585366,0.132359220341556,0.0691894958003239
5520,67003,0,0,"LASP",34.95,-95.8166667,0,15,162.208333333333,230.611111111111,92.4907407407407,0.760595774647887,162.145833333333,127.434027777778,34.1631944444444,8291.48263888889,340.909722222222,-25.8784722222222,366.788194444444,206.527777777778,50.7777777777778,265.84375,50.7777777777778,1112.59375,150.84375,48.4791666666667,29.8298611111111,368.642361111111,178.041666666667,255.854166666667,178.041666666667,0.132637794607628,0.070729124865842
5520,67004,0,0,"LASP",34.5060197,-96.2103339,0,15,163.291666666667,218.944444444444,88.5324074074074,0.769588095238095,163.257950530035,129.010600706714,34.4876325088339,8297.77385159011,342.685512367491,-25.8586572438163,368.544169611307,207.144876325088,52.0424028268551,267.109540636042,52.0424028268551,1063.27915194346,143.724381625442,47.3180212014134,30.9681978798587,360.597173144876,168.427561837456,245.918727915194,168.427561837456,0.142199575114711,0.0750098052177553
5520,67005,0,0,"LASP",34.448321,-96.828193,0,15,163,292.625,81.0625,0.729576712328767,163.437722419929,130.480427046263,34.7330960854093,8350.56227758007,343.291814946619,-27.1067615658363,370.398576512456,207.722419928826,52.220640569395,268.366548042705,52.220640569395,971.868327402135,139.822064056939,40.644128113879,34.6939501779359,341.79359430605,141.142348754448,236.291814946619,141.142348754448,0.149646837503253,0.0827187842292193
5520,67006,0,0,"LASP",34.3763427,-97.8587639,0,15,167.132352941176,312.176470588235,70.3088235294118,0.599999530516432,166.611888111888,137.479020979021,35.5839160839161,8431.52797202797,352.632867132867,-28.8076923076923,381.440559440559,212.097902097902,54.0244755244755,272.29020979021,54.0244755244755,849.713286713287,130.22027972028,31.8986013986014,39.513986013986,306.440559440559,115.587412587413,219.041958041958,115.587412587413,0.143319028245162,0.0929681230190499
5520,67007,0,0,"LASP",34.1364298,-97.2128782,0,15,168.980392156863,268.705882352941,75.9803921568627,0.694516666666667,169.157142857143,131.842857142857,35.2964285714286,8241.68928571429,349.1,-19.5071428571429,368.607142857143,212.675,59.3678571428571,272.621428571429,59.3678571428571,914.053571428571,130.221428571429,39.5678571428571,34.575,320.985714285714,135.989285714286,222.664285714286,135.989285714286,0.154762594039468,0.0902226384072978
5520,67008,0,0,"LASP",34.1880867,-98.5401769,0,15,170.946078431373,319.705882352941,62.2794117647059,0.485504566210046,170.917857142857,142.717857142857,35.9642857142857,8627.21071428571,363.528571428571,-27.3607142857143,390.889285714286,217.560714285714,56.6785714285714,279.760714285714,56.6321428571429,749.585714285714,115.857142857143,28.2428571428571,40.6642857142857,271.453571428571,100.839285714286,201.5,100.839285714286,0.137585266904276,0.103094997288901
5520,67009,0,0,"LASP",34.3044237,-98.4175119,0,15,169.37962962963,321.222222222222,64.1712962962963,0.501552777777778,169.505338078292,140.583629893238,35.7010676156584,8614.58362989324,360.637010676157,-27.7046263345196,388.341637010676,215.957295373665,55.4021352313167,278.099644128114,55.4021352313167,770.281138790036,121.622775800712,28.6903914590747,41.1494661921708,281.302491103203,102.241992882562,208.096085409253,102.241992882562,0.136895550898898,0.100409016317316
5520,67010,0,0,"LASP",34.9151007,-99.7137839,0,15,159.535087719298,532.052631578947,50.8114035087719,0.462823943661972,159.524647887324,150.612676056338,37.0070422535211,8792.1514084507,358.267605633803,-43.9084507042254,402.176056338028,218.764084507042,43.9049295774648,271.035211267606,43.9049295774648,611.665492957746,104.077464788732,15.5387323943662,51.7112676056338,242.281690140845,59.9471830985916,195.781690140845,59.9471830985916,0.150800799368402,0.1124813370011
5520,67012,0,0,"LASP",35.1693515,-95.6484468,0,15,162.171296296296,216.666666666667,92.4212962962963,0.752613043478261,162.158620689655,128.113793103448,34.2034482758621,8316.18965517241,342.1,-26.2793103448276,368.379310344828,207.168965517241,50.3793103448276,265.989655172414,50.3793103448276,1104.88275862069,148.248275862069,47.3586206896552,29.3275862068966,362.193103448276,175.634482758621,257.2,175.634482758621,0.131828568556994,0.0709590917603544
5520,67013,0,0,"LASP",35.1738817,-95.7806629,0,15,161.712962962963,222.444444444444,90.662037037037,0.752306392694064,161.743859649123,127.835087719298,34.1052631578947,8337.96842105263,341.638596491228,-26.940350877193,368.578947368421,206.828070175439,49.7438596491228,265.887719298246,49.7438596491228,1086.94385964912,146.624561403509,45.740350877193,30.0631578947368,359.610526315789,169.863157894737,254.301754385965,169.863157894737,0.134176897570549,0.0721232246572971
5520,67014,0,0,"LASP",35.1013362,-96.434896,0,15,160.127192982456,266.105263157895,83.9912280701754,0.753198591549296,160.285714285714,131.076655052265,34.6829268292683,8402.43554006969,342.06968641115,-31.0034843205575,373.073170731707,205.205574912892,48.0801393728223,265.250871080139,48.0801393728223,1006.17421602787,141.780487804878,39.5609756097561,33.7108013937282,350.505226480836,145.407665505226,245.484320557491,145.407665505226,0.146429490958905,0.0781294843476724
5520,67016,0,0,"LASP",35.551189,-97.478191,0,15,156.699074074074,356.722222222222,71.375,0.635841095890411,156.487804878049,128.19512195122,33.3101045296167,8772.43554006969,343.285714285714,-35.1742160278746,378.459930313589,203.665505226481,40.794425087108,266.968641114983,40.794425087108,852.696864111498,137.205574912892,27.5365853658537,42.4599303135888,319.850174216028,102.989547038328,241.97212543554,102.989547038328,0.144262317349842,0.087577727764465
5520,67017,0,0,"LASP",35.1750957,-97.4236139,0,15,159.906862745098,356.058823529412,74.0294117647059,0.665645098039216,160.062937062937,131.912587412587,34.458041958042,8567.92307692308,344.958041958042,-32.5734265734266,377.531468531469,206.618881118881,45.9265734265734,267.258741258741,45.9265734265734,888.520979020979,138.51048951049,31.0104895104895,39.8951048951049,326.230769230769,114.937062937063,237.318181818182,114.937062937063,0.147789613548935,0.087378789223402
5520,67018,0,0,"LASP",35.0432357,-98.1282339,0,15,159.882352941176,392.823529411765,67.3823529411765,0.590803652968036,159.480836236934,136.240418118467,34.8292682926829,8684.10452961672,349.299651567944,-37.0522648083624,386.351916376307,207.006968641115,43.5609756097561,268.306620209059,43.5609756097561,803.857142857143,130.128919860627,27.1045296167247,43.7909407665505,299.940766550523,97.0243902439024,224.850174216028,97.0243902439024,0.145180030061427,0.0935729940157174
5520,67019,0,0,"LASP",35.8994217,-98.6006019,0,15,149.666666666667,490.789473684211,59.8640350877193,0.500831481481481,149.451388888889,137.732638888889,34.1041666666667,9094.88194444445,349.027777777778,-49.9340277777778,398.961805555556,204.371527777778,29.9895833333333,265.15625,29.9895833333333,716.024305555556,116.795138888889,19.3541666666667,47.03125,278.350694444444,72.6805555555556,227.0625,72.6805555555556,0.134776769835157,0.0945190376577609
5520,67020,0,0,"LASP",35.4656557,-99.7351069,0,15,149.180555555556,645.666666666667,51.25,0.50423698630137,149.216783216783,147.818181818182,36.3111888111888,8818.34265734266,348.318181818182,-52.7517482517483,401.06993006993,201.101398601399,33.1783216783217,261.20979020979,33.1783216783217,616.814685314685,104.716783216783,13.6153846153846,52.4405594405594,246.678321678322,55.8321678321678,203.321678321678,55.8321678321678,0.154370315151716,0.107229916492186
5520,67021,0,0,"LASP",35.2628247,-99.8852919,0,15,151.785087719298,645.526315789474,49.8201754385965,0.491521596244132,152.19723183391,150.335640138408,36.9480968858132,8750.28027681661,350.958477508651,-50.2387543252595,401.19723183391,210.57785467128,37.0449826989619,263.207612456747,37.0449826989619,600.982698961938,101.59169550173,13.3044982698962,53.2318339100346,241.086505190311,53.5190311418685,199.356401384083,53.5190311418685,0.156354298032427,0.110910073370515
5520,67024,0,0,"LASP",36.4091897,-95.8134099,0,15,150.236842105263,220.157894736842,83.6798245614035,0.751512328767123,150.40830449827,131.370242214533,33.3114186851211,8912.7508650519,340.01384083045,-47.5847750865052,387.598615916955,199.103806228374,31.1003460207612,261.982698961938,31.1003460207612,1003.79584775087,126.006920415225,38.1418685121107,32.4429065743945,335.678200692042,136.456747404844,274.359861591696,136.456747404844,0.138176071811675,0.072095432371274
5520,67025,0,0,"LASP",36.5716557,-96.1208799,0,15,148.408333333333,247.4,81.0333333333333,0.765683105022831,148.443686006826,134.368600682594,33.7474402730375,8998.29010238908,340.38566552901,-52.7849829351536,393.170648464164,197.969283276451,27.7440273037543,260.890784982935,27.7440273037543,970.095563139932,125.382252559727,33.9590443686007,34.9931740614335,327.443686006826,122.453924914676,274.382252559727,122.453924914676,0.145492740953642,0.0741879833615345
5520,67026,0,0,"LASP",36.7671854,-96.0624096,0,15,145.609649122807,259.842105263158,80.8114035087719,0.770719634703196,145.92439862543,134.876288659794,33.6941580756014,9073.18213058419,339.281786941581,-56.319587628866,395.601374570447,195.735395189003,24.2474226804124,259.340206185567,24.2474226804124,971.656357388316,127,33.3333333333333,35.9347079037801,331.907216494845,118.439862542955,279.147766323024,118.439862542955,0.144804298726324,0.0729583251218952
5520,67027,0,0,"LASP",36.2318987,-97.6037139,0,15,151.05701754386,333.473684210526,67.9473684210526,0.547590410958904,150.862068965517,130.265517241379,32.7103448275862,9203.6724137931,346.744827586207,-45.1586206896552,391.903448275862,233.58275862069,30.7137931034483,267.827586206897,30.7137931034483,812.224137931035,126.08275862069,22.7793103448276,43.5758620689655,305.837931034483,88.4344827586207,253.779310344828,88.4344827586207,0.127748712954352,0.0851996709629023
5520,67028,0,0,"LASP",36.8835027,-97.8572699,0,15,144.25462962963,360,63.8148148148148,0.509785585585586,144,135.244827586207,32.5344827586207,9591.08620689655,350.396551724138,-60.0655172413793,410.462068965517,241.072413793103,17.8034482758621,265.81724137931,17.8034482758621,766.455172413793,107.368965517241,21.2310344827586,42.7137931034483,288.765517241379,76.5827586206897,261.648275862069,76.5827586206897,0.122927483728663,0.0844294882248981
5520,67029,0,0,"LASP",36.1876257,-98.9120329,0,15,147.069444444444,539.611111111111,55.662037037037,0.53752602739726,147.137931034483,143.155172413793,34.6551724137931,9164.98620689655,350.679310344828,-56.2758620689655,406.955172413793,219.606896551724,26.8344827586207,263.989655172414,26.8344827586207,668.706896551724,109.924137931034,17.1241379310345,47.6620689655172,264.262068965517,65.2172413793104,220.665517241379,65.2172413793104,0.149173836587922,0.0992242575608532
5520,67030,0,0,"LASP",36.6600227,-98.9715489,0,15,146.430555555556,506.722222222222,53.5787037037037,0.52823105022831,146.549828178694,147.896907216495,35.1649484536082,9324.6323024055,352.505154639175,-62.2302405498282,414.735395189003,241.127147766323,23.9381443298969,264.948453608247,23.9381443298969,641.20618556701,99.1890034364261,15.1786941580756,47.2302405498282,254.721649484536,61.5463917525773,227.996563573883,61.5463917525773,0.150157282991131,0.100679459108759
5520,67031,0,0,"LASP",36.9436159,-99.3626644,0,15,141.967592592593,568.166666666667,50.9583333333333,0.511698222222222,142.496551724138,152.189655172414,35.7241379310345,9366,350.155172413793,-69.6655172413793,419.820689655172,237.534482758621,20.1068965517241,261.831034482759,20.1068965517241,611.98275862069,93.9344827586207,13.1379310344828,50.0413793103448,252.096551724138,55.3,232.58275862069,55.3,0.149657768305865,0.101371021669281
5520,67032,0,0,"LASP",36.7098467,-99.7284459,0,15,141.569444444444,647.944444444444,48.2592592592593,0.500026126126126,141.738983050847,153.077966101695,36.0237288135593,9303.1186440678,349.08813559322,-70.1796610169492,419.26779661017,236.176271186441,20.4237288135593,260.735593220339,20.4237288135593,580.718644067797,91.8372881355932,12.7491525423729,50.2135593220339,239.48813559322,54.5152542372881,219.359322033898,54.5152542372881,0.153542070307921,0.105219199497958
5520,67033,0,0,"LASP",36.6018107,-101.2240449,0,15,136.771929824561,917.315789473684,39.1754385964912,0.459215740740741,136.975862068966,162.255172413793,38.6448275862069,8940.02413793103,345.479310344828,-68.9137931034483,414.393103448276,228.510344827586,22.1793103448276,252.296551724138,22.1793103448276,471.862068965517,75.2034482758621,10.2206896551724,59.0275862068966,216.593103448276,36.751724137931,202.779310344828,36.751724137931,0.165691104924494,0.117661364996297
5520,67035,0,0,"LASP",36.8049077,-100.6138549,0,15,136.338235294118,807.294117647059,43.1764705882353,0.442261777777778,136.4,158.606896551724,37.3931034482759,9165.7275862069,345.665517241379,-73.2068965517241,418.872413793103,229.624137931034,17.8137931034483,253.986206896552,17.8137931034483,517.451724137931,81.5896551724138,11.8620689655172,55.5172413793103,229.98275862069,43.8896551724138,213.61724137931,43.8896551724138,0.150848562000203,0.109383074590353
5520,67052,0,0,"LASP",34.1276469,-95.7650614,0,15,166.851851851852,178.666666666667,95.375,0.783793055555556,166.975609756098,129.996515679442,35.6062717770035,8025.01742160279,342.766550522648,-17.0104529616725,359.777003484321,209.756097560976,59.7735191637631,267.390243902439,59.7735191637631,1141.23344947735,148.696864111498,56.2020905923345,26.3031358885017,366.738675958188,206.243902439024,254.445993031359,206.243902439024,0.135270509113837,0.0709332648758303
5520,67053,0,0,"LASP",34.2294157,-96.0230859,0,15,165.552083333333,191,91.40625,0.776013333333333,165.545454545455,129.559440559441,35.1468531468531,8128.24475524476,342.723776223776,-20.4440559440559,363.167832167832,208.895104895105,56.6923076923077,267.234265734266,56.6923076923077,1099.60839160839,144.898601398601,52.1293706293706,28.5104895104895,363.164335664336,188.283216783217,248.160839160839,188.283216783217,0.139062431126035,0.0732549473804888
5520,67054,0,0,"LASP",34.4198537,-97.4574519,0,15,165.285087719298,302.368421052632,74.7719298245614,0.665491079812206,165.229681978799,136.572438162544,35.678445229682,8360.5371024735,349.219081272085,-28.5229681978799,377.742049469965,210.081272084806,53.6890459363958,269.968197879859,53.6890459363958,895.416961130742,133.65371024735,35.8621908127208,37.3604240282686,320.424028268551,126.148409893993,223.742049469965,126.148409893993,0.149152283274482,0.0892221495151566
5520,67055,0,0,"LASP",34.8702507,-98.9547729,0,15,158.710784313725,458,54.9656862745098,0.485175342465753,158.646853146853,138.706293706294,34.5664335664336,8934.82517482518,353.989510489511,-41.5384615384615,395.527972027972,238.699300699301,41.3916083916084,271.797202797203,40.7937062937063,657.405594405594,103.188811188811,24.5664335664336,40.3181818181818,234.272727272727,86.2097902097902,189.902097902098,86.2237762237762,0.145987236317472,0.106010754270545
5520,67056,0,0,"LASP",34.9870807,-99.9762579,0,15,157.648148148148,588.611111111111,49.0324074074074,0.477031924882629,157.968421052632,152.543859649123,37.5719298245614,8688.14035087719,356.385964912281,-44.8491228070175,401.235087719298,220.571929824561,43.6385964912281,268.298245614035,43.6385964912281,585.284210526316,98.1263157894737,13.6,53.1263157894737,234.512280701754,53.1824561403509,194.294736842105,53.1824561403509,0.15858273037998,0.115731926477953
5520,67057,0,0,"LASP",35.2307747,-94.4560837,0,15,158.355263157895,194.052631578947,90.4035087719298,0.760307305936073,158.814035087719,136.754385964912,36.3543859649123,8215.11929824561,341.259649122807,-29.7228070175439,370.982456140351,175.056140350877,49.1017543859649,261.312280701754,49.1017543859649,1088.95789473684,142.438596491228,51.7929824561404,24.4631578947368,346.126315789474,192.961403508772,259.512280701754,192.961403508772,0.13282183011918,0.0701770589810509
5520,67058,0,0,"LASP",35.7256547,-95.5709839,0,15,156.824561403509,195.368421052632,88.2280701754386,0.748301408450704,156.692041522491,130.22491349481,34.1141868512111,8535.61591695502,340.460207612457,-35.5051903114187,375.965397923875,203.557093425606,42.2041522491349,262.982698961938,42.2041522491349,1059.95847750865,136.301038062284,45.2975778546713,29.5778546712803,353.581314878893,161.885813148789,264.238754325259,161.885813148789,0.133144319707215,0.0709493429051809
5520,67059,0,0,"LASP",35.9702777,-96.2929845,0,15,153.372549019608,248.941176470588,80.2843137254902,0.764651351351352,153.561643835616,135.16095890411,34.263698630137,8749.13356164384,342.493150684931,-46.3116438356164,388.804794520548,201.746575342466,35.5068493150685,262.565068493151,35.5068493150685,961.558219178082,132.582191780822,34.9794520547945,34.2431506849315,329.821917808219,130.88698630137,257.852739726027,130.88698630137,0.150445522847539,0.0777435993176163
5520,67060,0,0,"LASP",35.7693995,-97.6918713,0,15,153.632352941176,349.117647058824,67.7058823529412,0.565855707762557,153.796551724138,130.165517241379,33.1655172413793,8977.4275862069,345.624137931035,-40.3344827586207,385.958620689655,202.762068965517,35.9310344827586,267.372413793103,35.9310344827586,816.658620689655,131.765517241379,24.851724137931,44.0137931034483,309.289655172414,93.6379310344828,241.558620689655,93.6379310344828,0.133036895350353,0.0873336622541495
5520,67061,0,0,"LASP",35.3485437,-98.3945919,0,15,154.926470588235,449.470588235294,63.1372549019608,0.537862962962963,155.017482517483,136.15034965035,34.472027972028,8848.67482517482,348.520979020979,-41.013986013986,389.534965034965,203.164335664336,38.2832167832168,266.835664335664,38.2832167832168,757.975524475524,123.863636363636,24.0384615384615,45.7902097902098,288.314685314685,85.6608391608392,224.786713286713,85.6608391608392,0.139114116849121,0.0945549227616573
5520,67062,0,0,"LASP",35.5805137,-99.0221019,0,15,152.384259259259,528.777777777778,58.1712962962963,0.448296759259259,152.319727891156,139.914965986395,34.6394557823129,8979.6156462585,351.380952380952,-46.7823129251701,398.163265306122,206.591836734694,34.1734693877551,266.52380952381,34.1734693877551,697.017006802721,115.785714285714,19.0986394557823,48.0952380952381,268.972789115646,70.9659863945578,220.65306122449,70.9659863945578,0.129865574247521,0.0977548392690398
5520,67063,0,0,"LASP",36.3215256,-94.6654907,0,15,144.954166666667,320.2,94.4041666666667,0.807209803921569,145.156996587031,128.665529010239,33.9078498293515,8464.58703071672,327.529010238908,-46.2116040955631,373.740614334471,191.204778156997,31.2252559726962,250.576791808874,31.2252559726962,1135.47440273038,134.22866894198,50.6723549488055,26.0784982935154,363.412969283276,182.488054607509,294.003412969283,182.488054607509,0.129266002809322,0.0626135643016069
5520,67064,0,0,"LASP",36.2929021,-95.6865475,0,15,151.24537037037,209.055555555556,84.8888888888889,0.738681981981982,151.281355932203,130.301694915254,33.2338983050847,8856.13559322034,339.410169491525,-45.535593220339,384.945762711864,199.589830508475,32.6101694915254,262.047457627119,32.6101694915254,1020.94237288136,127.040677966102,40.5322033898305,31.3559322033898,341.216949152542,143.53220338983,274.674576271186,143.53220338983,0.133423002023078,0.0709187887333429
5520,67066,0,0,"LASP",36.5492127,-97.6223289,0,15,148.544117647059,333.529411764706,67.5392156862745,0.510965315315315,148.092783505155,131.762886597938,32.3676975945017,9405.78350515464,349.137457044674,-51.3711340206186,400.508591065292,242.920962199313,24.9862542955326,267.776632302406,24.9862542955326,806.158075601375,118,22.4089347079038,42.4707903780069,301.539518900344,85.0618556701031,262.305841924399,85.0618556701031,0.119913813387808,0.0832084781836963
5520,67068,0,0,"LASP",36.2392945,-99.5786444,0,15,143.201754385965,675.684210526316,49.7850877192982,0.542705314009662,143.202054794521,146.917808219178,35.5513698630137,9080.68150684931,345.623287671233,-61.6712328767123,407.294520547945,223.38698630137,24.5719178082192,259.27397260274,24.5719178082192,596.02397260274,101.369863013699,13.2328767123288,50.4143835616438,242.037671232877,57.0582191780822,207.164383561644,57.0582191780822,0.162759043263088,0.106406433599449
5520,67069,0,0,"LASP",36.5291627,-100.3431859,0,15,137.421052631579,793.157894736842,44.9780701754386,0.466838738738739,137.306896551724,156.537931034483,36.7896551724138,9171.64482758621,344.962068965517,-74.2965517241379,419.258620689655,230.068965517241,17.4620689655172,254.351724137931,17.4620689655172,540.458620689655,86.2758620689655,11.7551724137931,53.3241379310345,230.075862068966,48.6206896551724,213.341379310345,48.6206896551724,0.152985343944682,0.108016523059163
5520,67071,0,0,"LASP",36.7771067,-102.2655719,0,15,126.25,1179.36842105263,35.3026315789474,0.413447945205479,126.254295532646,167.374570446735,40.3092783505155,8670.71134020619,334.230240549828,-76.3676975945017,410.59793814433,218.312714776632,16.2955326460481,239.553264604811,16.2955326460481,423.460481099656,68,8.96219931271478,61.7560137457045,193.59793814433,29.4192439862543,189.171821305842,29.4192439862543,0.161674664151711,0.118524147736854
5520,67103,0,0,"LASP",34.5284297,-95.3548669,0,15,162.828703703704,262,102.300925925926,0.805035680751174,162.480701754386,130.19649122807,35.6947368421053,7991.37543859649,338.445614035088,-21.3333333333333,359.778947368421,192.084210526316,55.1824561403509,262.315789473684,55.1824561403509,1232.22105263158,164.428070175439,58.1473684210526,26.1719298245614,395.364912280702,217.526315789474,279.466666666667,217.526315789474,0.125606747571079,0.0638192724304542
5520,67106,0,0,"LASP",34.3763967,-97.8588019,0,15,167.132352941176,312.176470588235,70.3088235294118,0.599999530516432,166.611888111888,137.479020979021,35.5839160839161,8431.52797202797,352.632867132867,-28.8076923076923,381.440559440559,212.097902097902,54.0244755244755,272.29020979021,54.0244755244755,849.713286713287,130.22027972028,31.8986013986014,39.513986013986,306.440559440559,115.587412587413,219.041958041958,115.587412587413,0.143319028245162,0.0929681230190499
5520,67129,0,0,"LASP",36.1875909,-98.9119712,0,15,147.069444444444,539.611111111111,55.662037037037,0.53752602739726,147.137931034483,143.155172413793,34.6551724137931,9164.98620689655,350.679310344828,-56.2758620689655,406.955172413793,219.606896551724,26.8344827586207,263.989655172414,26.8344827586207,668.706896551724,109.924137931034,17.1241379310345,47.6620689655172,264.262068965517,65.2172413793104,220.665517241379,65.2172413793104,0.149173836587922,0.0992242575608532
5520,67161,0,0,"LASP",35.3630177,-98.3946159,0,15,154.926470588235,449.470588235294,63.1372549019608,0.539269907407407,154.936842105263,136.087719298246,34.459649122807,8850.61052631579,348.463157894737,-41.0385964912281,389.501754385965,203.077192982456,38.1929824561403,266.79298245614,38.1929824561403,757.961403508772,123.849122807018,23.9824561403509,45.8280701754386,288.435087719298,85.5122807017544,224.989473684211,85.5122807017544,0.139351026285447,0.0945342159992804
5520,69004,0,0,"LASP",45.4462537,-120.7024989,0,15,98.7,506.8,26.6125,0.34168236,98.3243243243243,132.003003003003,38.9219219219219,7052.73873873874,294.765765765766,-40.1051051051051,334.870870870871,14.9399399399399,188.258258258258,190.930930930931,10.5765765765766,320.468468468468,50.2942942942943,7.59459459459459,50.3813813813814,142.975975975976,33.3933933933934,36.006006006006,128.765765765766,0.125147201462282,0.0930584781410141
5520,69005,0,0,"LASP",45.7988157,-119.4143299,0,15,112.120833333333,293.5,21.5375,0.504107753333333,111.604229607251,131.480362537764,38.1993957703927,7337.42598187311,309.561933534743,-30.214501510574,339.776435045317,24.2175226586103,202.63746223565,207.867069486405,19.4652567975831,259.570996978852,35.8368580060423,6.37764350453172,40.9063444108761,102.392749244713,29.02416918429,33.8006042296073,92.7190332326284,0.174623920646938,0.108946238538314
5520,69006,0,0,"LASP",45.2238277,-118.9095229,0,15,60.7916666666667,1211.2,43.8541666666667,0.630061906666667,62.6325301204819,144.319277108434,40.9367469879518,6757.74698795181,266.310240963855,-81.8343373493976,348.144578313253,-14.828313253012,148.731927710843,151.436746987952,-21.6325301204819,520.548192771084,69.3102409638554,15.4457831325301,37.433734939759,199.397590361446,62.8704819277108,74.6777108433735,180.463855421687,0.146801083142583,0.0718255623876105
5520,69007,0,0,"LASP",45.6547347,-117.2752449,0,15,52.75,1259.61904761905,46.5595238095238,0.728686586666667,52.6017964071856,146.01497005988,40.0269461077844,7177.59580838323,262.455089820359,-97.8832335329341,360.338323353293,-19.8982035928144,142.428143712575,145.350299401198,-38.8562874251497,554.269461077844,64.7425149700599,21.5868263473054,27.9131736526946,186.191616766467,82.8293413173653,100.278443113772,171.90119760479,0.15706582977941,0.0666427106122371
5520,69008,0,0,"LASP",45.72192,-116.7795945,0,15,60.6583333333333,1202.9,45.5583333333333,0.689634133333333,63.6160714285714,141.22619047619,39.0476190476191,7289.44345238095,271.75,-85.4434523809524,357.193452380952,33.7708333333333,155.375,158.744047619048,-28.0892857142857,542.696428571429,61.3720238095238,23.1904761904762,24.8392857142857,172.008928571429,87.1994047619048,106.202380952381,149.610119047619,0.157088445967085,0.0717200905220257
5520,69011,0,0,"LASP",44.1598087,-121.2737049,0,15,66.8730158730159,1218.61904761905,43.5198412698413,0.572768793333333,68.7300613496933,155.48773006135,45.659509202454,6187.24233128834,270.524539877301,-65.2944785276074,335.819018404908,-0.788343558282209,149.20245398773,151.622699386503,-5.29447852760736,466.257668711656,73.0398773006135,13.5521472392638,45.9754601226994,207.383435582822,50.8773006134969,59.4846625766871,190.070552147239,0.147481467298461,0.0783849332617947
5520,69012,0,0,"LASP",44.4990167,-120.4448399,0,15,67.0227272727273,1207.77272727273,33.4848484848485,0.5681,66.1641337386018,155.261398176292,44.273556231003,6534.99088145897,271.87537993921,-75.1550151975684,347.030395136778,-8.99392097264438,149.863221884498,152.799392097264,-14.1367781155015,406.623100303951,55.2796352583587,14.9635258358663,35.5197568389058,156.422492401216,55.6474164133739,66.5410334346505,135.872340425532,0.153652727525805,0.0814343588586922
5520,69013,0,0,"LASP",44.2168556,-119.2408498,0,15,53.6359649122807,1459.26315789474,31.8640350877193,0.660158226666667,53.9446153846154,162.590769230769,42.9969230769231,6966.45846153846,269.393846153846,-104.295384615385,373.689230769231,-26.4769230769231,141.006153846154,145.735384615385,-34.1076923076923,384.590769230769,48.0553846153846,15.7507692307692,29.8092307692308,136.24,58.1046153846154,69.2,121.086153846154,0.176449812991637,0.0816895411576434
5520,69014,0,0,"LASP",44.1328667,-118.5877689,0,15,44.1929824561403,1580.73684210526,34.2982456140351,0.61650244,44.679012345679,162.873456790123,41.5648148148148,7419.4475308642,264.641975308642,-122.666666666667,387.308641975309,-41.4197530864198,136.682098765432,141.506172839506,-50.4938271604938,409.530864197531,54.7839506172839,15.75,32.891975308642,152.055555555556,59.5864197530864,71.3827160493827,138.70987654321,0.157501997087041,0.0752425783848567
5520,69015,0,0,"LASP",44.5020757,-117.9704899,0,15,51.5583333333333,1441.25,35.0333333333333,0.583739593333333,53.2,155.390909090909,39.4878787878788,7830.30909090909,274.409090909091,-114.306060606061,388.715151515151,-37.6090909090909,150.581818181818,154.739393939394,-47.3181818181818,413.812121212121,56.2484848484848,15.8818181818182,33.8969696969697,155.578787878788,60.9242424242424,75.7939393939394,142.463636363636,0.152253353793198,0.0770717913527264
5520,69018,0,0,"LASP",43.3663377,-123.5037309,0,15,107.95,363.4,110.8375,0.88629042,108.021875,125.540625,47.43125,4830.771875,267.30625,5.10625,262.2,54.390625,171.034375,172.553125,50.728125,1344.4375,235.753125,10.625,70.290625,670.240625,63.584375,73.578125,607.459375,0.0962842504999477,0.0389977242941673
5520,69019,0,0,"LASP",43.9074737,-122.5593339,0,15,84.6785714285714,768.095238095238,132.710317460317,0.92608274,85.8461538461538,124.969230769231,43.5261538461538,5510.16923076923,258.030769230769,-26.0738461538462,284.104615384615,24.3446153846154,158.335384615385,158.852307692308,19.8430769230769,1568.15384615385,257.178461538462,19.8984615384615,62.2923076923077,737.018461538462,106.172307692308,108.273846153846,667.6,0.0761889048906726,0.0283350044879187
5520,69020,0,0,"LASP",43.5640747,-121.6686709,0,15,52.1363636363636,1544.36363636364,65.1818181818182,0.721679126666667,52.7926829268293,149.609756097561,44.0182926829268,6336.63719512195,252.893292682927,-82.8719512195122,335.765243902439,-16.4237804878049,135.271341463415,137.231707317073,-23.2530487804878,764.810975609756,130.868902439024,17.0884146341463,59.3536585365854,366.545731707317,67.8658536585366,72.0243902439024,337.128048780488,0.130853942538376,0.0566256418882002
5520,69023,0,0,"LASP",43.6934896,-118.5355243,0,15,65.9365079365079,1342.80952380952,26.1111111111111,0.419172013333333,65.0830769230769,162.553846153846,41.1353846153846,7727.57846153846,288.049230769231,-102.852307692308,390.901538461538,-26.1723076923077,160.526153846154,166.292307692308,-33.6523076923077,315.815384615385,39.9907692307692,12.1692307692308,31.1815384615385,112.861538461538,45.7846153846154,55.3969230769231,103.670769230769,0.138156019874756,0.0874374419077278
5520,69024,0,0,"LASP",43.2877676,-117.8137424,0,15,75.0595238095238,1314.14285714286,24.968253968254,0.281739753333333,75.5548589341693,166.918495297806,41.4294670846395,7803.82131661442,305.17868338558,-92.7586206896552,397.937304075235,-3.82758620689655,172.761755485893,179.115987460815,-22.1692789968652,296.614420062696,34.2413793103448,10.9592476489028,28.2601880877743,97.8244514106583,43.3636363636364,54.717868338558,88.6551724137931,0.120376191488439,0.0924524756272526
5520,69026,0,0,"LASP",42.9708857,-123.2140269,0,15,100.09126984127,618.952380952381,93.1309523809524,0.894318433333333,100.85046728972,136.485981308411,47.1433021806854,5349.45482866044,277.395638629283,-9.27725856697819,286.672897196262,41.2211838006231,171.504672897196,172.292834890966,38.1152647975078,1101.05607476636,190.738317757009,9.98442367601246,68.2866043613707,544.470404984424,57.9563862928349,65.411214953271,489.573208722741,0.128436150557807,0.0502512760278649
5520,69027,0,0,"LASP",42.5805007,-122.7083359,0,15,90.2583333333333,909.6,72.5458333333333,0.85136136,90.3913043478261,146.472049689441,45.944099378882,5974.80745341615,282.962732919255,-32.5900621118012,315.552795031056,23.2360248447205,169.44099378882,169.767080745342,19.9378881987578,863.975155279503,147.711180124224,10.083850931677,63.2329192546584,414.329192546584,56.860248447205,58.2919254658385,371.313664596273,0.154621666695517,0.0621382586455606
5520,69028,0,0,"LASP",42.373981,-121.8048799,0,15,67.2301587301587,1430.90476190476,42.3452380952381,0.738423186666667,67.1528662420382,154.044585987261,43.5923566878981,6667.57006369427,273.608280254777,-75.7006369426752,349.308917197452,-7.76114649681529,153.853503184713,155.044585987261,-13.6942675159236,509.964968152866,85.3025477707006,8.75796178343949,55.1305732484076,234.175159235669,44.187898089172,50.3789808917197,212.700636942675,0.184243584105948,0.0805161350621325
5520,69029,0,0,"LASP",42.6688651,-120.793358,0,15,61.9541666666667,1632.6,35.8125,0.6202781,62.5389408099688,154.264797507788,43.9439252336449,6607.09034267913,268.467289719626,-78.4953271028037,346.96261682243,-10.1526479750779,148.956386292835,150.604361370717,-15.9314641744548,423.495327102804,59.6386292834891,13.3707165109034,38.8348909657321,163.869158878505,49.8130841121495,60.6448598130841,150.629283489097,0.171978035820642,0.0856010180820034
5520,69030,0,0,"LASP",42.9546357,-119.0157629,0,15,71.5595238095238,1452.95238095238,23.2380952380952,0.379922913333333,71.2201257861635,162.349056603774,43.4685534591195,7055.69496855346,285.421383647799,-83.6603773584906,369.081761006289,5.20440251572327,160.194968553459,165.25786163522,-15.6572327044025,280.905660377359,31.4905660377358,11.0566037735849,25.2389937106918,87.9685534591195,45.3836477987421,55,76.4654088050314,0.14223638407933,0.0957256111297582
5520,69031,0,0,"LASP",42.34767,-118.6488892,0,15,74.5416666666667,1532.65,22.0541666666667,0.316059906666667,73.9492063492063,166.91746031746,43.3047619047619,7277.09206349206,294.339682539683,-86.9174603174603,381.257142857143,52.1333333333333,166.314285714286,171.555555555556,-14.7492063492063,267.95873015873,30.0126984126984,9.82222222222222,25.2126984126984,82.447619047619,43.368253968254,52.9809523809524,71.6380952380952,0.134814291976637,0.0987891814483455
5520,69032,0,0,"LASP",42.4372177,-117.6769719,0,15,76.6291666666667,1463.35,22.7833333333333,0.26309082,75.7711598746081,173.25078369906,42.974921630094,7613.38244514107,308.382445141066,-92.0219435736677,400.404388714734,52.5203761755486,172.163009404389,178.172413793103,-17.4137931034483,276.626959247649,31.448275862069,10.3730407523511,26.6677115987461,87.6739811912226,42.3887147335423,53.8432601880878,75.6457680250784,0.122948723585873,0.0966781671355942
5520,69035,0,0,"LASP",45.2809207,-117.2062679,0,15,33.0833333333333,1627,49.1833333333333,0.738129766666667,33.644578313253,147.746987951807,39.8493975903614,7316.29518072289,244.692771084337,-122.183734939759,366.876506024096,-43.9879518072289,125.460843373494,128.135542168675,-59.5060240963855,586.301204819277,72.0903614457831,22.1626506024096,29.9698795180723,204.668674698795,85.6114457831325,104.463855421687,192.265060240964,0.149241441910119,0.0601448641403433
5520,69036,0,0,"LASP",44.1791537,-120.6251759,0,15,64.8531746031746,1282.09523809524,28.25,0.47562998,64.6310975609756,162.591463414634,45.5884146341463,6492.53658536585,274.231707317073,-78.5182926829268,352.75,-9.92378048780488,147.725609756098,150.856707317073,-14.8109756097561,342.189024390244,46.3719512195122,14.234756097561,34.6128048780488,131.426829268293,49.9146341463415,61.8780487804878,112.713414634146,0.144230737730081,0.0851129476645469
5520,69038,0,0,"LASP",44.8296527,-117.5242079,0,15,57.825,1277.3,36.8416666666667,0.617924586666667,57.5632530120482,150.725903614458,39.2861445783133,7771.90662650602,274.737951807229,-104.566265060241,379.30421686747,-30.5753012048193,153.710843373494,157.85843373494,-42.4939759036145,440.566265060241,56.7771084337349,16.8222891566265,32.1024096385542,159.569277108434,64.2138554216867,80.3012048192771,148.102409638554,0.154654700095146,0.0757565631344535
5520,69039,0,0,"LASP",42.1561397,-120.9364169,0,15,65.5131578947368,1573.57894736842,35.6184210526316,0.59141026,65.685534591195,160.836477987421,44.6823899371069,6625.6320754717,274.512578616352,-81.374213836478,355.88679245283,-7.94654088050314,152.012578616352,152.943396226415,-14.3238993710692,425.138364779874,58.059748427673,10.814465408805,40.0062893081761,161.047169811321,45.8238993710692,56.7578616352201,149.952830188679,0.165603208736288,0.0858603176098866
5520,69044,0,0,"LASP",45.6457597,-120.0826419,0,15,108.05303030303,398.227272727273,22.1931818181818,0.355974206666667,108.755952380952,128.675595238095,37.7232142857143,7324.54761904762,306.145833333333,-30.8809523809524,337.026785714286,21.8779761904762,200.654761904762,205.4375,17.6607142857143,262.857142857143,39.4047619047619,6.48214285714286,45.5178571428571,111.321428571429,29,32.5327380952381,99.0952380952381,0.140739204752693,0.104538343846434
5520,69045,0,0,"LASP",45.0713783,-119.8749011,0,15,78.469696969697,975.090909090909,32.9734848484849,0.497871546666667,78.3644578313253,142.984939759036,41.9879518072289,6566.8313253012,276.984939759036,-59.3644578313253,336.349397590361,2.68674698795181,162.777108433735,165.376506024096,-2.27409638554217,397.183734939759,50.855421686747,13.5210843373494,33.894578313253,145.14156626506,52.0542168674699,61.605421686747,127.792168674699,0.142890317843295,0.0845600246977628
5520,69046,0,0,"LASP",45.6793737,-118.7501219,0,15,95.1136363636364,637.090909090909,36.9507575757576,0.50137644,96.1766467065868,132.005988023952,38.1347305389222,7120.91317365269,298.089820359281,-43.2634730538922,341.353293413174,13.2574850299401,186.580838323353,190.317365269461,7.99101796407186,437.311377245509,58.0928143712575,10.811377245509,39.685628742515,169.110778443114,47.7125748502994,55.4161676646707,154.215568862275,0.142011214657185,0.086950427727175
5520,69048,0,0,"LASP",44.4171957,-119.1134189,0,15,55.5916666666667,1411.75,34.4166666666667,0.682237306666667,55.4969696969697,161.663636363636,43.1636363636364,6871.42727272727,269.890909090909,-100.39696969697,370.287878787879,-23.4757575757576,141.642424242424,146.236363636364,-30.9636363636364,413.542424242424,52.0878787878788,16.269696969697,30.4878787878788,147.457575757576,61.0181818181818,73.0454545454545,131.2,0.176730427886468,0.0799777510862102
5520,69049,0,0,"LASP",44.9134489,-118.4006221,0,15,41.1785714285714,1544.47619047619,47.6626984126984,0.775664233333333,40.5361445783133,148.530120481928,40.4879518072289,7038.31024096385,249.457831325301,-112.873493975904,362.331325301205,-39.605421686747,129.707831325301,132.274096385542,-48.0632530120482,575.795180722892,80.9006024096386,18.9548192771084,38.1867469879518,225.481927710843,73.7198795180723,89.1867469879518,208.186746987952,0.162637480203468,0.0636580547681389
5520,69051,0,0,"LASP",43.2980868,-122.3456805,0,15,60.8666666666667,1350.55,111.629166666667,0.875285253333333,61.2990654205607,135.688473520249,43.8598130841121,5922.76635514019,247.816199376947,-58.0872274143302,305.903426791277,-2.50155763239875,139.809968847352,140.464174454829,-8.10903426791277,1336.84735202492,226.529595015576,17.3613707165109,65.6386292834891,648.249221183801,86.8816199376947,88.1993769470405,588.809968847352,0.0891798472209593,0.0331888555915341
5520,69053,0,0,"LASP",43.8392471,-120.1979127,0,15,64.1208333333333,1405.8,25.45,0.363769193333333,63.9753846153846,162.261538461538,43.7815384615385,6918.51384615385,278.913846153846,-87.8215384615385,366.735384615385,-15.8923076923077,151.88,155.812307692308,-21.48,306.353846153846,39.9723076923077,14.76,30.0153846153846,110.772307692308,50.4092307692308,61.4,92.3784615384615,0.129137043465548,0.087362407888577
5520,69054,0,0,"LASP",43.7011047,-119.6283029,0,15,61.2857142857143,1467.85714285714,25.6746031746032,0.43169106,60.9221183800623,158.17445482866,41.8629283489097,7253.81619937695,276.560747663551,-97.1993769470405,373.760124610592,-23.2429906542056,152.171339563863,156.517133956386,-30.3084112149533,310.538940809969,39.0747663551402,13.6230529595016,28.8068535825545,109.965732087227,49.9158878504673,58.3520249221184,95.0342679127726,0.141656123172315,0.0875647965390095
5520,69055,0,0,"LASP",43.2474327,-118.5823739,0,15,69.8293650793651,1388.09523809524,23.9404761904762,0.38954444,70.8695652173913,162.484472049689,42.2391304347826,7430.26708074534,289.888198757764,-90.7360248447205,380.624223602484,-16.1459627329193,163.475155279503,169.099378881988,-22.2267080745342,283.962732919255,32.6086956521739,10.9130434782609,27.2670807453416,93.6428571428571,43.2670807453416,52.7360248447205,84.3509316770186,0.141944111892812,0.0942729199101575
5520,69056,0,0,"LASP",43.6715697,-117.0835649,0,15,94.5583333333333,896.4,23.4625,0.456923973333333,94.027950310559,153.642857142857,38.2608695652174,8294.24223602485,321.012422360248,-75.2701863354037,396.282608695652,-3.97826086956522,194.406832298137,202.5,-12.6894409937888,283.493788819876,34.2422360248447,8.54347826086956,32.0776397515528,98.6708074534161,37.9006211180124,47.4937888198758,91.5776397515528,0.161726511188507,0.103568375651155
5520,69060,0,0,"LASP",42.4414407,-121.0171359,0,15,58.9583333333333,1636.45,38.0083333333333,0.66616214,59.0063291139241,159.667721518987,44.8164556962025,6531.9335443038,267.310126582278,-84.5632911392405,351.873417721519,-13.0474683544304,144.401898734177,145.335443037975,-19.2658227848101,456.357594936709,65.620253164557,12.3354430379747,42.0443037974684,179.632911392405,49.8259493670886,59.5569620253165,165.727848101266,0.174663676508344,0.0816871347752264
5520,69061,0,0,"LASP",42.0147517,-119.4780049,0,15,66.1625,1756.95,26.2916666666667,0.31442436,66.168253968254,160.269841269841,42.9968253968254,7100.49523809524,281.047619047619,-87.5111111111111,368.55873015873,2.57142857142857,158.098412698413,161.587301587302,-18.7015873015873,312.209523809524,35.2698412698413,11.4126984126984,27.0031746031746,99.8507936507936,46.2920634920635,56.352380952381,89.6507936507936,0.128216407785778,0.0931023059573979
5520,69062,0,0,"LASP",42.9576667,-118.8677979,0,15,68.3928571428571,1497.80952380952,24.1865079365079,0.411635713333333,67.7142857142857,162.17701863354,43.3540372670807,7070.78260869565,281.931677018634,-87.8291925465839,369.760869565217,-7.37577639751553,156.947204968944,161.922360248447,-19.3447204968944,292.378881987578,32.8726708074534,11.3478260869565,25.5465838509317,92.472049689441,46.639751552795,56.4130434782609,81.2608695652174,0.145830468701105,0.0937717361055259
5520,69063,0,0,"LASP",42.2115047,-117.7711409,0,15,69.1359649122807,1624.68421052632,24.2149122807018,0.30468376,69.2825396825397,171.669841269841,42.8539682539683,7557.77142857143,300.044444444444,-97.4380952380952,397.48253968254,19.0380952380952,165.447619047619,171.015873015873,-22.9047619047619,290.68253968254,32.7619047619048,10.8063492063492,26.768253968254,92.6,44.2603174603175,55.8634920634921,82.0920634920635,0.128350092333478,0.0947004015155412
5520,69064,0,0,"LASP",42.3630417,-117.0811619,0,15,67.4351851851852,1602.77777777778,26.0925925925926,0.28142724,67.4574132492114,172.343848580442,42.7854889589905,7590.32492113565,299.312302839117,-100.182965299685,399.495268138801,-17.5646687697161,163.914826498423,169.621451104101,-25.3785488958991,312.996845425867,35.4132492113565,11.4258675078864,28.5993690851735,102.930599369085,44.4006309148265,56.7476340694006,93.3659305993691,0.119340563441787,0.0904762411542085
5520,69105,0,0,"LASP",45.9162387,-119.5588989,0,15,112.468253968254,269.238095238095,19.8134920634921,0.5212382,112.477876106195,130.737463126844,37.9144542772861,7443.02359882006,310.309734513274,-30.1504424778761,340.46017699115,23.2389380530973,204.162241887906,209.834808259587,18.5722713864307,235.852507374631,34.23598820059,5.67551622418879,42.6076696165192,96.4247787610619,26.3451327433628,30.0737463126844,87.1327433628319,0.183318265537693,0.112184489816555
5520,69112,0,0,"LASP",44.4990597,-120.4448769,0,15,67.0227272727273,1207.77272727273,33.4848484848485,0.5681,66.1641337386018,155.261398176292,44.273556231003,6534.99088145897,271.87537993921,-75.1550151975684,347.030395136778,-8.99392097264438,149.863221884498,152.799392097264,-14.1367781155015,406.623100303951,55.2796352583587,14.9635258358663,35.5197568389058,156.422492401216,55.6474164133739,66.5410334346505,135.872340425532,0.153652727525805,0.0814343588586922
5520,69130,0,0,"LASP",42.954209,-119.01495,0,15,71.5595238095238,1452.95238095238,23.2380952380952,0.379922913333333,71.205047318612,162.356466876972,43.4731861198738,7054.70977917981,285.400630914826,-83.6656151419558,369.066246056782,5.25552050473186,160.170347003155,165.230283911672,-15.6561514195584,280.977917981073,31.4984227129338,11.0599369085174,25.2334384858044,87.9747634069401,45.403785488959,55.0220820189274,76.4605678233439,0.142214632406864,0.0957082085615091
5520,69136,0,0,"LASP",44.3417036,-120.5617158,0,15,62.3690476190476,1296.47619047619,32.6666666666667,0.56365636,63.306990881459,159.38905775076,45.1246200607903,6484.70820668693,270.990881458967,-78.6443768996961,349.635258358663,-11.1367781155015,146.346504559271,149.294832826748,-16.2462006079027,385.322188449848,52.6504559270517,14.838905775076,35.5410334346505,149.142857142857,53.726443768997,65.2279635258359,129.136778115502,0.156248687190702,0.0827545059743929
5520,69139,0,0,"LASP",42.1429531,-120.9225538,0,15,65.5740740740741,1580,35.6018518518519,0.5864646,65.8512658227848,160.689873417722,44.6424050632911,6630.35759493671,274.607594936709,-81.2626582278481,355.870253164557,-7.79746835443038,152.262658227848,153.183544303797,-14.1962025316456,424.920886075949,57.873417721519,10.7911392405063,39.9525316455696,160.762658227848,45.7658227848101,56.6803797468354,149.737341772152,0.16477493891954,0.0859798136228416
5520,69155,0,0,"LASP",43.2474197,-118.5824279,0,15,69.8293650793651,1388.09523809524,23.9404761904762,0.38954444,70.8695652173913,162.484472049689,42.2391304347826,7430.26708074534,289.888198757764,-90.7360248447205,380.624223602484,-16.1459627329193,163.475155279503,169.099378881988,-22.2267080745342,283.962732919255,32.6086956521739,10.9130434782609,27.2670807453416,93.6428571428571,43.2670807453416,52.7360248447205,84.3509316770186,0.141944111892812,0.0942729199101575
5520,69160,0,0,"LASP",42.38999,-121.01745,0,15,60.7708333333333,1613.65,37.2541666666667,0.660276246666667,60.0283911671924,160.186119873817,44.8580441640379,6543.43217665615,268.561514195584,-84.211356466877,352.772870662461,-12.3091482649842,145.485804416404,146.413249211356,-18.5362776025237,451.104100946372,64.4479495268139,12.0410094637224,41.7665615141956,176.558359621451,49.1451104100946,59.0883280757098,163.1261829653,0.174331627756862,0.0822645875400686
5520,69203,0,0,"LASP",45.2220066,-121.3798835,0,15,75.2416666666667,892.95,84.8041666666667,0.665581213333333,75.2951807228916,123.954819277108,40.2048192771084,6238.87048192771,256.039156626506,-47.1506024096386,303.189759036145,4.44879518072289,156.578313253012,157.882530120482,-0.442771084337349,1041.49096385542,169.343373493976,15.7439759036145,57.6777108433735,484.120481927711,80.7439759036145,83.3313253012048,453.64156626506,0.0884880246140468,0.0436631986900677
5520,69204,0,0,"LASP",45.4001548,-120.0255662,0,15,98.4204545454545,602.681818181818,25.8939393939394,0.360163333333333,99.2589285714286,132.03869047619,39.1369047619048,6986.96130952381,295.422619047619,-38.0744047619048,333.497023809524,17.4047619047619,188.080357142857,191.71130952381,13.0446428571429,307.559523809524,42.0952380952381,8.99107142857143,39.5446428571429,119.458333333333,37.0535714285714,42.8095238095238,105.8125,0.133358362186116,0.0970746987146018
5520,69205,0,0,"LASP",45.6178436,-119.9560706,0,15,110.720833333333,355.05,21.4791666666667,0.370539553333333,109.779456193353,129.930513595166,38.1057401812689,7280.98187311178,307.2416918429,-29.8640483383686,337.105740181269,23.5135951661631,201.051359516616,205.900302114804,19.2447129909366,262.365558912387,37.9788519637462,6.68277945619335,43.1178247734139,107.138972809668,29.6918429003021,33.809667673716,95.5649546827795,0.143552250695217,0.104907136983011
5520,69206,0,0,"LASP",45.1631965,-118.2155811,0,15,53.3888888888889,1357.2380952381,48.5436507936508,0.74399674,53.3564954682779,139.392749244713,39.1540785498489,7042.38670694864,258.725075528701,-92.7220543806647,351.447129909366,-25.785498489426,143.299093655589,145.495468277946,-34.3021148036254,589.586102719033,81.3564954682779,18.0906344410876,37.8549848942598,227.700906344411,72.0090634441088,87.8277945619335,211.728096676737,0.158019846535414,0.066121760785595
5520,69207,0,0,"LASP",45.9459607,-117.4514159,0,15,57.1541666666667,1196.1,51.7041666666667,0.761307353333333,56.7283582089552,139.259701492537,39.3014925373134,7031.02686567164,262.259701492537,-87.3880597014925,349.64776119403,-23.2835820895522,145.498507462687,147.877611940299,-31.9283582089552,614.217910447761,76.2716417910448,20.9194029850746,32.7462686567164,222.235820895522,81.8597014925373,96.7671641791045,206.002985074627,0.156247852627542,0.0643890830707257
5520,69208,0,0,"LASP",44.9103489,-116.9510621,0,15,49.4126984126984,1394.95238095238,46.3253968253968,0.697865813333333,48.4434250764526,152.688073394495,39.0489296636086,7925.25076452599,268.914373088685,-117.837920489297,386.752293577982,-43.0978593272171,146.024464831804,150.559633027523,-54.2079510703364,560.345565749235,74.782874617737,18.2018348623853,36.6758409785933,211.877675840979,72.697247706422,88.7278287461774,200.929663608563,0.149557857895787,0.0653577036197256
5520,69212,0,0,"LASP",44.4616613,-120.1210669,0,15,63.2142857142857,1282.42857142857,34.7936507936508,0.571214673333333,62.2530487804878,156.524390243902,43.7743902439024,6655.41768292683,270.435975609756,-83.4298780487805,353.865853658537,-14.469512195122,147.02743902439,150.310975609756,-20.0731707317073,417.795731707317,55.265243902439,16.280487804878,33.7073170731707,156.993902439024,58.8109756097561,70.4573170731707,136.454268292683,0.151544757503181,0.0793983157495586
5520,69213,0,0,"LASP",44.5221367,-119.9279329,0,15,66.4041666666667,1238.55,33.7833333333333,0.56931606,66.2865853658537,156.774390243902,43.7164634146341,6665.70426829268,274.905487804878,-80,354.905487804878,-10.5914634146341,151.067073170732,154.628048780488,-16.125,405.814024390244,51.9146341463415,15.905487804878,32.1676829268293,148.164634146341,57.6737804878049,69.5396341463415,129.243902439024,0.154969941087973,0.0820776817049197
5520,69214,0,0,"LASP",44.4808587,-118.2260359,0,15,46.1428571428571,1517.52380952381,37.2976190476191,0.65858166,45.1625766871166,158.024539877301,40.441717791411,7570.63496932515,264.88036809816,-121.09509202454,385.975460122699,-42.680981595092,139.585889570552,143.521472392638,-51.8006134969325,452.757668711656,62.6656441717791,16.8803680981595,35.1472392638037,173.217791411043,64.7791411042945,79.2668711656442,158.527607361963,0.158753740939326,0.0721679795389114
5520,69215,0,0,"LASP",44.7983921,-117.1876246,0,15,53.3769841269841,1344.80952380952,41.5912698412698,0.62056746,55.421686746988,152.03313253012,38.8734939759036,7989.19578313253,275.743975903614,-110.987951807229,386.731927710843,-37.8795180722892,153.605421686747,158.298192771084,-48.2048192771084,491.198795180723,65.6325301204819,16.7048192771084,35.7168674698795,185.503012048193,65.8674698795181,81.1777108433735,174.268072289157,0.14736224028555,0.071770631090721
5520,69218,0,0,"LASP",43.1276525,-123.2923081,0,15,104.520833333333,494.5,100.166666666667,0.885360086666667,104.475155279503,133.310559006211,47.2329192546584,5194.58385093168,275.978260869565,-3.50310559006211,279.481366459627,46.5372670807453,172.888198757764,173.767080745342,43.2484472049689,1187.23602484472,206.068322981366,10.3478260869565,68.8291925465839,588.158385093168,60.4534161490683,68.6801242236025,528.571428571429,0.114985012741305,0.0459536426191324
5520,69219,0,0,"LASP",43.6397927,-122.3059389,0,15,66.5375,1179,120.054166666667,0.89603638,65.1614906832298,132.751552795031,43.2950310559006,5892.95341614907,248.807453416149,-54.5869565217391,303.394409937888,0.850931677018634,143.090062111801,143.546583850932,-4.70186335403727,1412.86645962733,238.145962732919,19.7080745341615,64.3819875776397,679.307453416149,96.7298136645963,98.0062111801242,618.813664596273,0.0836436002132575,0.0306486085624719
5520,69220,0,0,"LASP",43.1653387,-121.2664489,0,15,60.0291666666667,1546.6,38.1333333333333,0.6355204,60.0062893081761,158.160377358491,44.6698113207547,6567.42767295598,269.210691823899,-81.0943396226415,350.305031446541,-12.9685534591195,145.03144654088,147.471698113208,-18.9716981132075,466.317610062893,75.3930817610063,13.5471698113208,49.622641509434,208.116352201258,50.1572327044025,58.811320754717,187.46855345912,0.163739136578633,0.0794645238271426
5520,69221,0,0,"LASP",43.3071526,-120.6402588,0,15,71.725,1417.9,23.5916666666667,0.37912756,72.4375,158.55625,43.89375,6816.7625,284.36875,-72.603125,356.971875,-4.746875,160.040625,164.04375,-9.56875,281.496875,37.765625,12.925,32.45,104.4875,43.759375,55.65,89.421875,0.141985477334634,0.0958727109135303
5520,69222,0,0,"LASP",43.2106357,-119.0159679,0,15,73.4166666666667,1362.2380952381,22.5555555555556,0.368367906666667,73.6261682242991,161.246105919003,42.6479750778816,7280.40186915888,289.722741433022,-84.1495327102804,373.872274143302,-11.613707165109,164.457943925234,169.959501557632,-17.386292834891,270.109034267913,31.0654205607477,10.8068535825545,26.7258566978193,88.417445482866,42.4641744548287,51.1775700934579,78.5295950155763,0.140908565868287,0.0965362070850884
5520,69223,0,0,"LASP",43.5866262,-118.5897464,0,15,66.6309523809524,1340.66666666667,25.4047619047619,0.403972833333333,67.9938271604938,162.25,41.358024691358,7681.13888888889,289.981481481481,-98.2222222222222,388.203703703704,-22.8425925925926,162.922839506173,168.716049382716,-29.8395061728395,301.472222222222,37.25,11.6172839506173,30.4166666666667,106.046296296296,43.7777777777778,52.9845679012346,97.6265432098765,0.139130607861489,0.0902353241610709
5520,69226,0,0,"LASP",42.2219917,-123.0636979,0,15,91.2543859649123,914.526315789474,66.0438596491228,0.85879526,92.0666666666667,149.330158730159,46.7238095238095,5903.47301587302,285.139682539683,-30.8984126984127,316.038095238095,25.6190476190476,170.196825396825,170.577777777778,22.7777777777778,790.698412698413,140.555555555556,8.50793650793651,66.4222222222222,390.314285714286,47.7619047619048,49.2349206349206,355.142857142857,0.170160286884332,0.0680561704707718
5520,69227,0,0,"LASP",42.4934857,-122.4215469,0,15,75.1333333333333,1216.15,70.3916666666667,0.833820606666667,76.3880126182965,145.728706624606,44.7444794952681,6165.14511041009,270.599369085174,-51.5678233438486,322.167192429022,8.1198738170347,158.041009463722,158.268138801262,3.48264984227129,826.971608832808,141.17665615142,10.4794952681388,62.0820189274448,393.356466876972,57.6056782334385,58.6214511041009,354.132492113565,0.153984927144389,0.0613472767444891
5520,69228,0,0,"LASP",42.2676287,-121.4868428,0,15,70.468253968254,1406.80952380952,33.4801587301587,0.667661186666667,70.2870662460568,161.350157728707,44.3785488958991,6732.14195583596,281.217665615142,-78.0252365930599,359.242902208202,-6.41955835962145,156.917981072555,158.580441640379,-12.1735015772871,399.444794952681,61.8864353312303,8.62776025236593,46.981072555205,167.8738170347,40.5678233438486,49.8233438485804,153.583596214511,0.188441137688671,0.0900468844778106
5520,69229,0,0,"LASP",42.3450345,-120.7495196,0,15,61.2149122807018,1667.63157894737,37.0964912280702,0.661480826666667,60.9335443037975,155.629746835443,44.0221518987342,6605.69620253165,267.208860759494,-82.2879746835443,349.496835443038,-11.3006329113924,147.712025316456,148.430379746835,-17.8164556962025,447.322784810127,60.9525316455696,12.4430379746835,39.3069620253165,169.591772151899,49.4493670886076,60.1677215189873,157.96835443038,0.177680407129509,0.0840127845571542
5520,69230,0,0,"LASP",42.6188696,-119.6736929,0,15,72.575,1557,24.0291666666667,0.304664593333333,72.6908517350158,159.492113564669,43.5141955835962,6936.81072555205,286.044164037855,-76.4637223974763,362.507886435331,65.8328075709779,162.078864353312,165.826498422713,-10.5299684542587,290.470031545741,32.0536277602524,11.6719242902208,24.8769716088328,89.7255520504732,46.1640378548896,57.217665615142,76.416403785489,0.12908662677307,0.095882605289941
5520,69231,0,0,"LASP",42.6557897,-118.9886249,0,15,68.1375,1591.7,24.3625,0.3671173,68.4574132492114,163.990536277603,43.8990536277603,6986.41324921136,283.066246056782,-85.9747634069401,369.041009463722,37.3091482649842,157.324921135647,162.104100946372,-16.4763406940063,291.492113564669,32.5804416403786,11.1735015772871,25.1324921135647,90.3154574132492,47.0630914826498,57.211356466877,77.7570977917981,0.139416495249468,0.0949626305814994
5520,69234,0,0,"LASP",45.6869957,-118.2487869,0,15,75.0833333333333,975.227272727273,51.9356060606061,0.71058134,76.2202380952381,131.229166666667,37.9523809523809,7037.91071428571,279.178571428571,-62.1101190476191,341.28869047619,-4.52083333333333,166.122023809524,168.907738095238,-10.827380952381,624.85119047619,86.6517857142857,15.2470238095238,42.4851190476191,248.931547619048,65.8898809523809,77.0446428571429,231.142857142857,0.152222854991503,0.0697404239723567
5520,69235,0,0,"LASP",45.080723,-117.3125024,0,15,42.4393939393939,1497.68181818182,44.8484848484849,0.68536542,42.0059523809524,148.723214285714,39.5773809523809,7522.78571428571,255.369047619048,-116.541666666667,371.910714285714,-41.3273809523809,135.767857142857,139.020833333333,-54.3095238095238,542.907738095238,69.2261904761905,19.9821428571429,32.1309523809524,196.020833333333,77.1755952380952,94.6666666666667,183.857142857143,0.147386905315511,0.0644517422230889
5520,69238,0,0,"LASP",44.3919161,-121.5215586,0,15,63.6875,1194.4,73.3666666666667,0.678648866666667,65.2883435582822,142.401840490798,43.601226993865,6120.8282208589,258.990797546012,-62.2239263803681,321.21472392638,-3.08282208588957,145.41717791411,147.346625766871,-7.71779141104294,859.046012269939,141.239263803681,16.6840490797546,53.898773006135,401.699386503068,73.7147239263804,78.079754601227,372.205521472393,0.110872909457858,0.0521348731144277
5520,69239,0,0,"LASP",44.5976467,-120.2151395,0,15,67.9791666666667,1190.4,34.6583333333333,0.567355,67.1454545454545,152.842424242424,43.5484848484848,6594.92121212121,272.166666666667,-75.1181818181818,347.284848484849,-8.78484848484849,151.512121212121,154.518181818182,-14.0969696969697,417.818181818182,55.4727272727273,15.4757575757576,34.3060606060606,157.481818181818,57.4484848484848,68.4151515151515,137.039393939394,0.151986721521916,0.0808215563023583
5520,69240,0,0,"LASP",44.8230607,-119.4272309,0,15,67.4431818181818,1183.40909090909,35.8674242424242,0.588113006666667,68.1646341463415,154.65243902439,43.4207317073171,6588.42987804878,274.981707317073,-76.984756097561,351.966463414634,-7.6219512195122,151.865853658537,155.490853658537,-13.4939024390244,426.786585365854,52.5670731707317,15.5792682926829,31.5731707317073,151.990853658537,59.0426829268293,70.9573170731707,133.981707317073,0.155820210493124,0.0810204040119642
5520,69241,0,0,"LASP",44.9779678,-118.9090759,0,15,51.5166666666667,1379.9,44.3875,0.691589246666667,52.7198795180723,150.957831325301,41.9969879518072,6725.11746987952,259.274096385542,-95.8042168674699,355.078313253012,-24.2349397590361,137.930722891566,141.003012048193,-31.566265060241,524.882530120482,69.9819277108434,17.1626506024096,35.9518072289157,199.668674698795,67.4789156626506,80.3253012048193,180.19578313253,0.156707103622214,0.0696788719817106
5520,69243,0,0,"LASP",43.8371705,-123.2383928,0,15,106.0125,312.05,116.25,0.907697766666667,106.314814814815,119.771604938272,45.1203703703704,4976.88580246914,265.200617283951,2.69753086419753,262.503086419753,50.2685185185185,170.904320987654,172.564814814815,46.4104938271605,1391.82407407407,236.37962962963,13.9506172839506,66.2469135802469,672.935185185185,79.8827160493827,85.8950617283951,611.561728395062,0.0926882442059305,0.0364369293775093
5520,69244,0,0,"LASP",43.239379,-122.672937,0,15,78.3181818181818,1015.68181818182,113.613636363636,0.91011554,79.1308411214953,134.538940809969,44.791277258567,5715.68224299065,261.436137071651,-35.785046728972,297.221183800623,16.1246105919003,154.654205607477,155.239875389408,11.8535825545171,1356.77570093458,228.364485981308,15.4267912772586,65.4704049844237,654.909657320872,82.9127725856698,85.981308411215,587.847352024922,0.0952675168885197,0.035246301945098
5520,69245,0,0,"LASP",43.2756335,-121.7738733,0,15,52.1271929824561,1567.57894736842,68.9605263157895,0.72561192,52.0407523510972,152.25078369906,44.4137931034483,6355.06269592476,254.94670846395,-83.5047021943574,338.451410658307,-17.4764890282132,134.818181818182,136.438871473354,-24.2037617554859,825.050156739812,141.617554858934,15.7554858934169,62.2319749216301,400.382445141066,66.6238244514107,69.6144200626959,366.090909090909,0.123383270276095,0.0531750062772449
5520,69246,0,0,"LASP",43.9679287,-120.1643219,0,15,62.2916666666667,1387.7,27.9041666666667,0.408568686666667,63.1203703703704,163.070987654321,43.9753086419753,6888.1450617284,278.095679012346,-89.0462962962963,367.141975308642,-16.6697530864198,150.407407407407,154.37962962963,-22.3148148148148,326.663580246914,42.9814814814815,15.2345679012346,30.7777777777778,119.472222222222,52.1018518518519,63.4228395061728,100.648148148148,0.134133453808176,0.0857410227743385
5520,69247,0,0,"LASP",43.8507711,-119.5307076,0,15,55.0666666666667,1508.05,28.0458333333333,0.51306112,55.4767801857585,159.609907120743,42.1671826625387,7173.61919504644,270.808049535604,-103.399380804954,374.207430340557,-27.7863777089783,145.445820433437,149.792569659443,-35.2260061919505,337.486068111455,42.6532507739938,14.4922600619195,29.6377708978328,120.798761609907,52.7678018575851,61.7832817337461,105.687306501548,0.152126913559664,0.0842226559020528
5520,69248,0,0,"LASP",44.0017724,-118.8492195,0,15,45.0416666666667,1576.5,32.1458333333333,0.60613416,44.9846625766871,162.920245398773,41.9877300613497,7299.34355828221,262.981595092025,-120.411042944785,383.39263803681,-39.8834355828221,135.432515337423,140.349693251534,-48.6533742331288,386.726993865031,50.3865030674847,15.3343558282209,31.5828220858896,140.907975460123,56.9662576687117,67.3803680981595,128.662576687117,0.158990502070925,0.0769166448826222
5520,69249,0,0,"LASP",43.3301972,-117.08403,0,15,79.8583333333333,1230.6,26.6083333333333,0.394442286666667,81.0495356037152,160.179566563467,40.3839009287926,7862.9133126935,307.399380804954,-84.2910216718266,391.69040247678,-6.04643962848297,178.448916408669,185.303405572755,-17.8359133126935,314.594427244582,35.6625386996904,10.4551083591331,29.7058823529412,104.891640866873,42.7461300309598,54.343653250774,97.0773993808049,0.141779607311884,0.095744713077871
5520,69251,0,0,"LASP",42.7381828,-122.5754307,0,15,82.0745614035088,1051.63157894737,83.4298245614035,0.873466553333333,80.0094339622642,142.720125786164,45.4465408805031,5926.74528301887,269.90251572327,-40.8553459119497,310.75786163522,14.8081761006289,158.694968553459,159.147798742138,10.5943396226415,1023.54088050314,173.600628930818,11.7924528301887,64.0440251572327,491.915094339623,65.3616352201258,66.7641509433962,442.657232704403,0.131234486739274,0.0502991242101332
5520,69254,0,0,"LASP",42.5779778,-119.5878481,0,15,73.1271929824561,1569.89473684211,23.9517543859649,0.307038806666667,73.1477987421384,160.298742138365,43.6069182389937,6945.32075471698,286.786163522013,-76.7641509433962,363.550314465409,72.374213836478,162.48427672956,166.393081761006,-10.2641509433962,287.364779874214,31.6635220125786,11.4276729559748,24.9025157232704,88.5314465408805,45.8176100628931,56.6509433962264,74.9842767295598,0.130585779483809,0.0967901422418786
5520,69255,0,0,"LASP",42.0023607,-118.6336519,0,15,71.9458333333333,1626.7,22.1916666666667,0.341983333333333,72.6487341772152,168.237341772152,42.6930379746835,7486.00316455696,297.534810126582,-91.9651898734177,389.5,8.92405063291139,167.851265822785,173.177215189873,-18.496835443038,265.129746835443,30.3101265822785,9.87658227848101,25.9240506329114,83.3322784810127,42.2974683544304,51.9905063291139,73.8069620253165,0.141947682704826,0.100518935319703
5520,69256,0,0,"LASP",42.5261832,-117.1751241,0,15,68.9625,1560.45,26.0666666666667,0.31101358,69.2689873417721,172.183544303797,42.6993670886076,7604.78164556962,301.186708860759,-98.3386075949367,399.525316455696,-4.02215189873418,165.76582278481,171.569620253165,-23.7911392405063,313.395569620253,35.379746835443,11.3829113924051,28.5189873417722,102.563291139241,44.376582278481,56.7278481012658,93.0348101265823,0.125001627166524,0.0916068954846125
5520,69339,0,0,"LASP",44.669185,-120.12219,0,15,70.0916666666667,1153.7,34.3708333333333,0.548927573333333,71.0519877675841,152.152905198777,43.4159021406728,6598.12232415902,275.709480122324,-70.9510703363914,346.660550458716,-5.01529051987768,155.461773700306,158.544342507645,-10.1498470948012,408.700305810398,53.3516819571865,15.0978593272171,33.4954128440367,151.556574923547,56.2324159021407,67.217125382263,132.039755351682,0.151338019917013,0.082987142735144
5520,79001,0,0,"LASP",49.17711,-101.84405,0,15,29.8015873015873,539.333333333333,33.4047619047619,0.816756613333333,29.8704225352113,131.543661971831,26.5464788732394,12337.185915493,270.459154929577,-217.016901408451,487.476056338028,175.740845070423,-111.312676056338,180.056338028169,-138.366197183099,401.932394366197,71.4056338028169,10.9915492957746,62.8422535211268,188.83661971831,36.6338028169014,188.650704225352,37.2253521126761,0.165155741644664,0.0584762719219614
5520,79004,0,0,"LASP",49.63922,-104.37779,0,15,33.3674242424242,636.136363636364,30.9848484848485,0.721298893333333,33.5320334261838,131.91922005571,27.1142061281337,11977.3509749304,271.25069637883,-206.782729805014,478.033426183844,157.019498607242,-112.409470752089,180.33147632312,-128.559888579387,371.568245125348,67.1058495821727,11.3091922005571,60.2033426183844,173.977715877437,40.2562674094708,165.796657381616,40.3565459610028,0.153586802539589,0.0616551648997504
5520,79005,0,0,"LASP",49.72655,-105.68782,0,15,35.5434782608696,729.739130434783,29.695652173913,0.6747077,35.5882352941176,125.509803921569,26.7394957983193,11482.4845938375,266.229691876751,-194.047619047619,460.27731092437,154.145658263305,-81.1036414565826,177.540616246499,-118.210084033613,357.579831932773,65.5182072829132,12.1372549019608,57.2072829131653,165.946778711485,44.4649859943978,156.672268907563,44.7563025210084,0.149451814159569,0.063908945338796
5520,79007,0,0,"LASP",49.64013,-107.99196,0,15,34.7121212121212,890.863636363636,29.8409090909091,0.619813293333333,34.9030470914127,135.218836565097,29.5734072022161,10721.648199446,264.232686980609,-185.576177285319,449.808864265928,145.481994459834,-27.2216066481994,168.274238227147,-107.382271468144,357.686980609418,66.3573407202216,13.98891966759,52.3850415512465,161.426592797784,47.808864265928,150.085872576177,52.5706371191136,0.141207421547406,0.0646499855894959
5520,79009,0,0,"LASP",49.93823,-109.53094,0,15,32.6159420289855,857.130434782609,29.1594202898551,0.650203133333333,32.5467032967033,138.137362637363,29.4807692307692,10869.6675824176,262.604395604396,-198.703296703297,461.307692307692,149.304945054945,-28.5659340659341,166.700549450549,-111.903846153846,350.282967032967,62.6318681318681,14.8928571428571,47.1291208791209,146.571428571429,48.3434065934066,145.071428571429,57.2032967032967,0.1462498251003,0.0640887957917052
5520,79014,0,0,"LASP",50.33853,-105.39733,0,15,32.5138888888889,606.625,30.8159722222222,0.725919266666667,32.570652173913,124.978260869565,25.8994565217391,11942.2690217391,265.459239130435,-206.836956521739,472.296195652174,155.923913043478,-84.0788043478261,179.057065217391,-128.057065217391,369.546195652174,66.0679347826087,14.2282608695652,53.3125,166.298913043478,49.9076086956522,159.508152173913,50.7201086956522,0.153432566671886,0.0610607661167006
5520,79015,0,0,"LASP",50.48447,-106.27955,0,15,32.125,646.208333333333,30.2534722222222,0.700579833333333,32.3551912568306,123.377049180328,25.8551912568306,11794.1120218579,264.387978142077,-203.161202185792,467.549180327869,154.357923497268,-40.6994535519126,176.997267759563,-126.18306010929,363.262295081967,64.6229508196721,14.7868852459016,50.0437158469945,158.166666666667,52.5327868852459,154.743169398907,56.2513661202186,0.149664252449094,0.0614226224477108
5520,79016,0,0,"LASP",50.10608,-107.73392,0,15,34.7954545454545,814.681818181818,29.6628787878788,0.679517733333333,35.0635359116022,126.577348066298,27.7762430939227,11018.2983425414,261.367403314917,-186.207182320442,447.574585635359,148.917127071823,-28.3176795580111,171.580110497238,-111.480662983425,355.582872928177,67.2983425414365,13.8756906077348,52.8729281767956,159.563535911602,47.9447513812155,152.950276243094,52.5276243093923,0.152656412678798,0.0649242552139571
5520,79017,0,0,"LASP",50.92159,-108.07392,0,15,32.18,654.56,28.2866666666667,0.590278266666667,32.4986522911051,122.086253369272,26.0539083557951,11763.7762803235,260.902964959569,-200.237196765499,461.140161725067,160.358490566038,-36.6064690026954,175.533692722372,-125.919137466307,338.188679245283,64.2129380053908,13.1132075471698,56.2398921832884,155.800539083558,43.8463611859838,154.716981132075,45.7601078167116,0.130717599815323,0.0614085058383266
5520,79026,0,0,"LASP",51.0667,-108.24651,0,15,31.5,639.95652173913,27.9891304347826,0.570597846666667,31.3467741935484,121.991935483871,25.8172043010753,11886.1612903226,261.188172043011,-203.118279569892,464.306451612903,166.610215053763,-43.2069892473118,175.577956989247,-128.943548387097,335.534946236559,62.5295698924731,12.747311827957,56.2204301075269,155.217741935484,43.3817204301075,154.819892473118,44.5725806451613,0.126177543785588,0.0605578309983297
5520,79027,0,0,"LASP",51.88169,-109.08625,0,15,19.155303030303,680.227272727273,29.1856060606061,0.567081586666667,18.9497354497354,121.60582010582,25.1772486772487,12166.6481481481,249.145502645503,-225.214285714286,474.359788359788,165.206349206349,-105.222222222222,165.206349206349,-145.222222222222,351.494708994709,62.4206349206349,12.2883597883598,58.7698412698413,170.267195767196,45.1402116402116,170.267195767196,45.4232804232804,0.116502769637022,0.0545884245117811
5520,79104,0,0,"LASP",49.43546,-104.58456,0,15,35.731884057971,690.739130434783,29.8152173913043,0.720200733333333,35.9388888888889,134.611111111111,27.7583333333333,11811.625,274.905555555556,-201.036111111111,475.941666666667,157.708333333333,-110.916666666667,181.436111111111,-123.463888888889,357.308333333333,66.1111111111111,9.63888888888889,63.8333333333333,172.344444444444,34.8222222222222,162.544444444444,34.8444444444444,0.158998729685037,0.0643743747793377
5520,79105,0,0,"LASP",49.93055,-105.1658,0,15,33.0416666666667,662.916666666667,30.0590277777778,0.684547573333333,32.9556786703601,125.590027700831,26.3490304709141,11785.1551246537,265.443213296399,-201.351800554017,466.795013850416,154.803324099723,-104.174515235457,178.185595567867,-125.329639889197,361.09972299169,66.0526315789474,12.0664819944598,58.1274238227147,168.465373961219,43.4709141274238,160.027700831025,43.4958448753463,0.147371317289519,0.061780999672675
5520,79106,0,0,"LASP",49.96035,-106.55085,0,15,37.9356060606061,715.227272727273,30.0719696969697,0.66765898,38.1095890410959,127.939726027397,27.3369863013699,11398.4136986301,271.109589041096,-188.830136986301,459.939726027397,156.328767123288,-27.3424657534247,179.158904109589,-114.416438356164,360.005479452055,64.1616438356164,14.2958904109589,50.5506849315069,158.553424657534,51.1232876712329,152.276712328767,55.5753424657534,0.149036618261696,0.0646716365597088
5520,79107,0,0,"LASP",49.16728,-107.15311,0,15,38.4166666666667,853.25,26.9166666666667,0.592679166666667,38.6378830083565,142.930362116992,29.974930362117,11153.0501392758,278.211699164345,-191.41782729805,469.629526462396,152.958217270195,-80.4178272980501,176.966573816156,-110.922005571031,322.412256267409,62.857938718663,10.0947075208914,63.2116991643454,160.838440111421,35.2395543175487,145.573816155989,36.6657381615599,0.142548004660512,0.0679687727067786
5520,79108,0,0,"LASP",49.55277,-108.30864,0,15,33.4659090909091,930.272727272727,30.6363636363636,0.607876093333333,33.3601108033241,135.706371191136,30.0470914127424,10510.0609418283,260.085872576177,-184.434903047091,444.520775623269,141.750692520776,-27.0526315789474,164.207756232687,-105.781163434903,368.141274238227,67.1385041551247,15.0914127423823,50.3545706371191,162.925207756233,50.584487534626,151.271468144044,56.4293628808864,0.13705569768875,0.0635023401690231
5520,79109,0,0,"LASP",49.66796,-109.74971,0,15,26.9097222222222,1036.33333333333,29.9375,0.657595753333333,26.9501385041551,139.930747922438,30.0554016620499,10687.8864265928,256.95567867036,-201.714681440443,458.670360110803,137.418282548476,-32.9196675900277,159.631578947368,-114.545706371191,358.135734072022,63.0332409972299,15.2603878116343,46.2603878116344,148.498614958449,49.3739612188366,145.684210526316,59.0886426592798,0.147068594944541,0.0632137604694727
5520,79114,0,0,"LASP",50.30948,-105.03062,0,15,31.0530303030303,580.636363636364,30.8560606060606,0.7233577,31.1092896174863,125.786885245902,25.9153005464481,12094.5737704918,265.524590163934,-209.852459016393,475.377049180328,156.303278688525,-110.620218579235,179.196721311475,-131.81693989071,370.117486338798,66.8989071038251,13.4672131147541,55.6530054644809,169.96174863388,47.6420765027322,162.601092896175,47.7185792349727,0.150973537299585,0.0600098426417881
5520,79115,0,0,"LASP",50.36951,-106.1421,0,15,33.1212121212121,659.545454545455,30.6287878787879,0.698240666666667,33.0245231607629,124.310626702997,26.0599455040872,11748.3269754768,265.043596730245,-202.525885558583,467.569482288828,154.441416893733,-35.8528610354223,177.33514986376,-124.811989100817,367.700272479564,64.8038147138965,14.9891008174387,49.6839237057221,159.91280653951,53.0190735694823,155.435967302452,56.7574931880109,0.149299768149537,0.0615729227529544
5520,79116,0,0,"LASP",50.01867,-107.00595,0,15,37.9886363636364,746.863636363636,29.5416666666667,0.66306186,37.9313186813187,129.846153846154,27.8159340659341,11276.2472527473,271.370879120879,-187.203296703297,458.574175824176,155.021978021978,-27.0604395604396,177.730769230769,-112.596153846154,354.574175824176,64.0659340659341,14.021978021978,50.7774725274725,156.565934065934,50.0576923076923,150.532967032967,55.0521978021978,0.149562848845757,0.0652666979640253
5520,79117,0,0,"LASP",50.31006,-108.9352,0,15,35.7118055555556,732.166666666667,29,0.613251793333333,35.7307692307692,130.604395604396,28.0741758241758,11105.228021978,263.428571428571,-193.590659340659,457.019230769231,157.31043956044,-27.0412087912088,172.115384615385,-112.296703296703,348.793956043956,64.8241758241758,14.4313186813187,50.6208791208791,151.695054945055,46.3791208791209,149.961538461538,53.3241758241758,0.137870583838637,0.0635627107739107
5520,79118,0,0,"LASP",50.80496,-109.95185,0,15,34.6557971014493,693.739130434783,27.2644927536232,0.515853546666667,34.8455284552846,135.392953929539,28.1138211382114,11458.4986449865,267.211382113821,-206.048780487805,473.260162601626,174.59620596206,-29.1327913279133,174.59620596206,-118.271002710027,326.747967479675,58.5420054200542,12.3360433604336,53.6991869918699,147.69918699187,41.319783197832,147.69918699187,44.0731707317073,0.120523204218127,0.0625040231768558
5520,79125,0,0,"LASP",51.3145,-107.19899,0,15,25.5833333333333,603.136363636364,28.7575757575758,0.662590586666667,25.644385026738,122.181818181818,25.3663101604278,12199.1363636364,258.382352941176,-214.903743315508,473.286096256685,152.026737967914,-114.844919786096,172.831550802139,-140.024064171123,345.235294117647,62.4679144385027,13.644385026738,54.1737967914438,156.713903743316,48.2593582887701,155.187165775401,49.0695187165775,0.138345772802438,0.058399856436227
5520,79127,0,0,"LASP",51.50394,-109.16821,0,15,22.844696969697,694.909090909091,28.2992424242424,0.5409914,23.1029023746702,124.736147757256,25.7440633245383,12006.9841688654,255.047493403694,-219.699208443272,474.746701846966,168.158311345646,-69.6068601583113,168.158311345646,-138.379947229551,339.002638522427,60.2348284960422,12.0976253298153,57.598944591029,161.696569920844,43.0131926121372,161.696569920844,43.4749340369393,0.11627456694239,0.056849198427188
5520,79204,0,0,"LASP",49.63106,-104.71634,0,15,33.5037878787879,674.454545454545,30.1287878787879,0.70597142,33.6834733893557,131.518207282913,27.2717086834734,11851.2044817927,270.697478991597,-203.047619047619,473.745098039216,155.991596638655,-113.109243697479,179.49299719888,-126.140056022409,361.022408963585,66.3809523809524,10.5910364145658,61.6610644257703,171.848739495798,38.1372549019608,162.641456582633,38.1372549019608,0.152963417333678,0.062615147118814
5520,79209,0,0,"LASP",49.96046,-109.5316,0,15,33.3224637681159,838.695652173913,29.0398550724638,0.646070413333333,33.1256830601093,138.073770491803,29.431693989071,10897.8224043716,263.341530054645,-198.650273224044,461.991803278689,150.81693989071,-28.1939890710383,167.549180327869,-111.75956284153,348.428961748634,62.4262295081967,14.792349726776,47.3497267759563,146.081967213115,47.948087431694,144.74043715847,56.5983606557377,0.145601983170531,0.0641937870497764
5520,79217,0,0,"LASP",50.92153,-108.07043,0,15,32.18,654.56,28.2866666666667,0.5901258,32.4783783783784,122.086486486486,26.0513513513514,11764.7945945946,260.883783783784,-200.275675675676,461.159459459459,160.305405405405,-36.8972972972973,175.521621621622,-125.959459459459,338.235135135135,64.2189189189189,13.1162162162162,56.2378378378378,155.818918918919,43.8675675675676,154.732432432432,45.7702702702703,0.130667498338178,0.0613936956009449
5520,79309,0,0,"LASP",49.96045,-109.53173,0,15,33.3224637681159,838.695652173913,29.0398550724638,0.646070413333333,33.1256830601093,138.073770491803,29.431693989071,10897.8224043716,263.341530054645,-198.650273224044,461.991803278689,150.81693989071,-28.1939890710383,167.549180327869,-111.75956284153,348.428961748634,62.4262295081967,14.792349726776,47.3497267759563,146.081967213115,47.948087431694,144.74043715847,56.5983606557377,0.145601983170531,0.0641937870497764
5520,79402,0,0,"LASP",49.45006,-107.48622,0,15,37.7007575757576,844.818181818182,28.3181818181818,0.613461953333333,37.8272980501393,141.172701949861,29.933147632312,11000.9554317549,275.311977715877,-189.208913649025,464.520891364903,151.08077994429,-44.7186629526462,174.571030640669,-108.910863509749,338.350974930362,63.4122562674095,12.0111420612813,56.3175487465181,159.055710306407,42.5376044568245,145.883008356546,45.5821727019499,0.143747071150022,0.0667105457108125
5520,79403,0,0,"LASP",49.30987,-107.79203,0,15,37.2460317460317,875.47619047619,28.202380952381,0.58498758,37.4138888888889,141.369444444444,30.2361111111111,10848.3222222222,272.152777777778,-187.877777777778,460.030555555556,148.891666666667,-49.9916666666667,172.191666666667,-107.202777777778,337.644444444444,63.7194444444444,12.075,57.2277777777778,160.027777777778,41.7222222222222,145.266666666667,44.075,0.138342807241185,0.0664519975899657
5520,79404,0,0,"LASP",49.59567,-109.77067,0,15,26.8550724637681,1047,29.6413043478261,0.637807546666667,26.3305555555556,140.675,30.2083333333333,10669.925,256.744444444444,-202.183333333333,458.927777777778,136.2,-33.5333333333333,158.919444444444,-114.902777777778,357.394444444444,62.8972222222222,15.1861111111111,46.3916666666667,148.458333333333,49.1027777777778,145.211111111111,58.8638888888889,0.142754079199999,0.0627717756015646
5520,79405,0,0,"LASP",49.10171,-109.12272,0,15,36.2572463768116,925.521739130435,28.2608695652174,0.51463814,36.4512534818941,148.426183844011,31.5292479108635,10641.8802228412,270.281337047354,-192.963788300836,463.245125348189,145.860724233983,-27.0362116991643,168.827298050139,-105.286908077994,338.782729805014,60.3286908077994,13.849582172702,50.2924791086351,148.849582172702,45.6239554317549,138.58217270195,51.5236768802228,0.124794305989539,0.0653265369733593
5520,79406,0,0,"LASP",49.30547,-108.42765,0,15,34.96875,930.375,29.9756944444444,0.577308473333333,35.3704735376045,140.50139275766,30.8328690807799,10481.3509749304,264.228412256267,-184.345403899721,448.573816155989,143.309192200557,-27.5264623955432,165.935933147632,-103.598885793872,358.590529247911,64.991643454039,14.5069637883008,51.4178272980501,160.729805013928,48.5626740947075,147.233983286908,53.1838440111421,0.133636251218816,0.0645942877761945
5520,79407,0,0,"LASP",49.82211,-108.08259,0,15,33.9722222222222,878,30.3020833333333,0.653668106666667,34.0333333333333,131.45,29.0277777777778,10723.8861111111,260.502777777778,-185.019444444444,445.522222222222,144.727777777778,-27.6,167.280555555556,-108.158333333333,363.275,67.6583333333333,14.5222222222222,51.4555555555556,161.891666666667,49.1027777777778,152.394444444444,54.7194444444444,0.146620662429044,0.0642652347837861
5520,79408,0,0,"LASP",50.38406,-108.70866,0,15,35.7608695652174,733.130434782609,29.1231884057971,0.62050562,35.8919667590028,127.952908587258,27.6537396121884,11179.7673130194,262.739612188366,-192.337950138504,455.07756232687,156.493074792244,-27.4432132963989,173.085872576177,-113.254847645429,347.930747922438,65.6925207756233,14.1108033240997,52.207756232687,153.739612188366,45.2409972299169,151.432132963989,51.7202216066482,0.13963562029491,0.0638293038040373
5520,79418,0,0,"LASP",49.44552,-105.86176,0,15,36.8333333333333,775.727272727273,28.8219696969697,0.68414748,37.0921787709497,130.335195530726,27.7709497206704,11368.3631284916,270.388268156425,-190.941340782123,461.329608938547,154.298882681564,-90.7960893854749,177.935754189944,-115.360335195531,343.941340782123,64.9217877094972,10.4860335195531,61.4581005586592,166.013966480447,38.5,154.614525139665,38.7821229050279,0.156108412192459,0.0662983767855015
5520,79420,0,0,"LASP",49.02875,-105.99056,0,15,38.4356060606061,865.590909090909,26.7159090909091,0.688927286666667,38.4619718309859,136.414084507042,28.8647887323944,11305.7633802817,275.504225352113,-188.656338028169,464.160563380282,154.557746478873,-97.7915492957746,178.898591549296,-113.647887323944,320.907042253521,63.7070422535211,7.7943661971831,69.7549295774648,165.876056338028,27.8732394366197,151.414084507042,28.2028169014085,0.164605311153869,0.0698690412158881
5520,79424,0,0,"LASP",50.68855,-106.55868,0,15,31.7777777777778,644.208333333333,29.2881944444444,0.694416126666667,31.5570652173913,121.307065217391,25.5244565217391,11863.3586956522,262.910326086957,-203.130434782609,466.040760869565,154.4375,-60.741847826087,176.546195652174,-128.176630434783,350.885869565217,63.9483695652174,13.9510869565217,51.8342391304348,154.820652173913,50.3586956521739,152.75,53.2065217391304,0.149601510108523,0.0617157330887656
5520,81002,0,0,"LASP",43.284162,-97.8751124,0,15,85.0833333333333,433.3,48.8625,0.80627106,85.692789968652,132.059561128527,28.5548589341693,11221.3134796238,310.805642633229,-144.335423197492,455.141065830721,201.404388714734,-65.7210031347962,225.012539184953,-65.7210031347962,585.003134796238,92.115987460815,11.5956112852665,53.9686520376176,251.043887147335,44.7554858934169,232.523510971787,44.7554858934169,0.17410351898134,0.0720461687748829
5520,81004,0,0,"LASP",43.8312097,-98.6458819,0,15,80.5458333333333,482.5,44.7791666666667,0.767473953333333,80.7422360248447,134.928571428571,28.8012422360248,11282.6645962733,311.45652173913,-149.034161490683,460.490683229814,196.074534161491,-70.1366459627329,221.798136645963,-70.1366459627329,539.372670807453,87.2267080745342,9.86335403726708,57.1894409937888,240.006211180124,37.6739130434783,213.503105590062,37.6739130434783,0.169835816217683,0.0726991636052774
5520,81005,0,0,"LASP",43.1834022,-98.7072332,0,15,88.265873015873,495.047619047619,48.9603174603175,0.75099342,88.1211180124224,137.925465838509,29.9037267080745,10972.5621118012,315.66149068323,-137.704968944099,453.366459627329,200.571428571429,-58.4875776397515,226,-58.4875776397515,587.913043478261,95.9689440993789,11.2142857142857,56.1428571428571,258.701863354037,43.0465838509317,233.378881987578,43.0465838509317,0.16394116343743,0.072967078574717
5520,81006,0,0,"LASP",43.9043437,-99.3437499,0,15,79.0416666666667,506.545454545455,41.155303030303,0.69784598,79.4861538461538,146.286153846154,30.5476923076923,11217.8584615385,316.495384615385,-153.341538461538,469.836923076923,193.729230769231,-69.3876923076923,220.538461538462,-69.3876923076923,493.824615384615,81.5753846153846,8.48923076923077,60.5938461538462,227.363076923077,31.7169230769231,205.393846153846,31.7169230769231,0.16063041173944,0.0744446929134358
5520,81007,0,0,"LASP",43.3137817,-99.8703379,0,15,89.0833333333333,637.9,45.9875,0.69219488,89.1552795031056,144.552795031056,31.5869565217391,10637.8385093168,320.055900621118,-130.704968944099,450.760869565217,197.990683229814,-50.2826086956522,224.605590062112,-50.2826086956522,550.922360248447,87.5062111801242,10.9906832298137,58.8757763975155,252.729813664596,39.7608695652174,223.33850931677,39.7608695652174,0.161099839855982,0.0772860768493503
5520,81008,0,0,"LASP",43.2008645,-100.8980976,0,15,83.6666666666667,839.842105263158,40.3421052631579,0.667791866666667,83.7115987460815,149.912225705329,33.1755485893417,10305.6112852665,314.307210031348,-131.808777429467,446.115987460815,188.918495297806,-50.2006269592476,216.12539184953,-50.2006269592476,483.385579937304,83.9905956112853,7.84012539184953,65.3855799373041,238.545454545455,30.6865203761755,209.811912225705,30.6865203761755,0.168000281730375,0.0820826811601571
5520,81009,0,0,"LASP",43.6550387,-102.5111319,0,15,85.85,853.8,34.6291666666667,0.5151535,85.7561728395062,155.364197530864,34.2098765432099,10205.8672839506,319.799382716049,-128.070987654321,447.87037037037,189.645061728395,-45.8888888888889,218.074074074074,-45.8888888888889,415.913580246914,77.2932098765432,7.63271604938272,67.3302469135803,210.555555555556,27.9104938271605,176.756172839506,27.9104938271605,0.146067486259127,0.0860182772745924
5520,81011,0,0,"LASP",44.9067977,-97.9423379,0,15,63.4246031746032,461.571428571429,42.8134920634921,0.803238,63.2598187311178,130.205438066465,26.9939577039275,11807.3111782477,294.70996978852,-178.066465256798,472.776435045317,184.235649546828,-96.6042296072508,208.821752265861,-96.6042296072508,514.084592145015,87.9123867069486,10.5770392749245,58.8247734138973,232.374622356495,36.7280966767372,221.73413897281,36.7280966767372,0.167829106937938,0.0657876242199847
5520,81013,0,0,"LASP",44.5010807,-98.3160719,0,15,71.4041666666667,408.8,42.1708333333333,0.7844021,71.3058103975535,132.923547400612,27.7920489296636,11649.5382262997,304.443425076453,-165.929663608563,470.373088685015,190.703363914373,-85.4006116207951,216.152905198777,-85.4006116207951,506.097859327217,84.4189602446483,9.37920489296636,57.9449541284404,226.819571865443,34.7767584097859,207.082568807339,34.7767584097859,0.169795624098818,0.0694089886705377
5520,81014,0,0,"LASP",44.0386067,-98.4322579,0,15,78.0614035087719,448.578947368421,44.4824561403509,0.77059486,78.0184049079755,132.20245398773,28.1564417177914,11437.0889570552,308.573619631902,-153.794478527607,462.368098159509,195.113496932515,-75.3435582822086,220.638036809816,-75.3435582822086,534.150306748466,86.1226993865031,9.95092024539877,56.4110429447853,235.662576687117,37.6840490797546,210.79754601227,37.6840490797546,0.168272526497346,0.0712087012338745
5520,81015,0,0,"LASP",44.121783,-99.2503172,0,15,73.5,533.722222222222,40.0601851851852,0.712424953333333,74.0766871165644,144.134969325153,29.9938650306748,11363.1042944785,311.751533742331,-160.383435582822,472.134969325153,189.819018404908,-77.2484662576687,216.60736196319,-77.2484662576687,482.187116564417,79.8067484662577,8.06441717791411,60.5858895705521,221.432515337423,30.6441717791411,202.269938650307,30.6441717791411,0.162420667248003,0.0730049796917778
5520,81016,0,0,"LASP",44.1738082,-99.5004818,0,15,74.3125,531.75,39.4041666666667,0.679385366666667,74.2111801242236,148.086956521739,30.4565217391304,11421.4782608696,315.422360248447,-163.027950310559,478.450310559006,190.310559006211,-78.0341614906832,217.527950310559,-78.0341614906832,472.537267080745,79.083850931677,8.16459627329193,60.832298136646,217.45652173913,30.527950310559,200.568322981366,30.527950310559,0.15640835973997,0.0731470190238906
5520,81021,0,0,"LASP",45.1555417,-98.2072749,0,15,62.2539682539683,424.190476190476,41.3015873015873,0.817960586666667,62.3433734939759,134.048192771084,27.4879518072289,11877.6084337349,297.093373493976,-182.138554216867,479.231927710843,184.090361445783,-98.644578313253,208.746987951807,-98.644578313253,494.879518072289,85.5933734939759,10.1807228915663,59.5,224.231927710843,35.1807228915663,214.039156626506,35.1807228915663,0.172945305914997,0.0664148345333102
5520,81022,0,0,"LASP",45.0136163,-99.8583744,0,15,66.325,576.15,38.1,0.719633746666667,66.429003021148,138.474320241692,28.5981873111782,11613.9879154079,306.909365558912,-168.477341389728,475.38670694864,184.655589123867,-89.1057401812689,211.350453172205,-89.4501510574018,456.395770392749,79.036253776435,9.07250755287009,59.8036253776435,207.33836858006,33.6223564954683,193.882175226586,33.6223564954683,0.163490800381143,0.0715016097452667
5520,81024,0,0,"LASP",45.1286458,-100.5576004,0,15,71.025,572.05,36.7333333333333,0.614347846666667,71.5435435435435,132.507507507508,28.033033033033,11457.8408408408,307.102102102102,-157.75975975976,464.861861861862,188.366366366366,-76.4684684684685,215.462462462462,-81.4264264264264,439.678678678679,77.3063063063063,8.64264264264264,60.7537537537538,202.936936936937,32.963963963964,181.786786786787,32.963963963964,0.146201451168585,0.0734797038955007
5520,81025,0,0,"LASP",45.3558482,-100.6150464,0,15,69.031746031746,581.142857142857,36.4404761904762,0.643595586666667,68.9880239520958,132.347305389222,27.9520958083832,11496.4730538922,303.691616766467,-162.09880239521,465.790419161677,186.580838323353,-83.4790419161677,213.179640718563,-84.814371257485,436.278443113772,77.440119760479,8.61077844311377,60.9251497005988,200.508982035928,32.2275449101796,180.11377245509,32.2275449101796,0.151470297151065,0.0730173346770286
5520,81026,0,0,"LASP",44.0210147,-102.5874329,0,15,84.1111111111111,839.666666666667,34.6759259259259,0.555185553333333,84.2705167173252,148.620060790274,33.0334346504559,10208.0303951368,314.498480243161,-128.781155015198,443.279635258359,187.635258358663,-44.2370820668693,216.340425531915,-47.3495440729483,416.462006079027,77.3677811550152,8.51063829787234,65.0212765957447,205.188449848024,30.5501519756839,172.510638297872,30.6079027355623,0.153317407981141,0.0856783850787497
5520,81027,0,0,"LASP",44.2081337,-103.6533359,0,15,63.8055555555556,1540.57142857143,46.4325396825397,0.793570406666667,64.1272727272727,136.390909090909,34.2484848484848,8816.0303030303,275.433333333333,-116.954545454545,392.387878787879,126.224242424242,-38.1030303030303,181.290909090909,-44.8969696969697,560.051515151515,95.2272727272727,16.3666666666667,56.7,257.330303030303,58.5818181818182,211.215151515152,58.669696969697,0.190028180742364,0.0774941266336633
5520,81028,0,0,"LASP",44.5118757,-103.1333309,0,15,78.7041666666667,907.6,37.075,0.629889446666667,78.7033639143731,142.758409785933,32.262996941896,10144.2354740061,305.758409785933,-131.204892966361,436.963302752294,160.128440366972,-44.4373088685015,210.036697247706,-52.1896024464832,439.250764525994,83.5015290519878,9.76452599388379,64.6146788990826,213.908256880734,35.6269113149847,175.244648318043,35.7461773700306,0.164282913580369,0.0829681233207356
5520,81030,0,0,"LASP",44.2125557,-101.3067249,0,15,84.2896825396825,675.238095238095,36.1825396825397,0.598253166666667,83.9693251533742,146.91717791411,31.4355828220859,10869.3036809816,322.248466257669,-138.061349693252,460.30981595092,194.251533742331,-56.3251533742331,222.616564417178,-58.6533742331288,434.116564417178,77.6441717791411,8,63.6349693251534,209.5,29.8006134969325,179.831288343558,29.8006134969325,0.155599651123319,0.0823081466348053
5520,81031,0,0,"LASP",45.2341239,-103.7823662,0,15,70.375,972.15,33.5625,0.515881713333333,70.1536144578313,149.415662650602,32.8975903614458,10271.2379518072,305.41265060241,-141.280120481928,446.692771084337,170.939759036145,-59.6566265060241,202.765060240964,-63.0030120481928,400.352409638554,77.6415662650602,9.67469879518072,65.0873493975904,196.89156626506,33.1987951807229,160.5,33.2048192771084,0.140240356871264,0.0796463044716282
5520,81032,0,0,"LASP",43.7410071,-101.9591186,0,15,87.7619047619048,802.52380952381,35.4047619047619,0.54602764,88.175,153.78125,33.671875,10347.84375,323.084375,-126.815625,449.9,193,-45.36875,221.69375,-45.575,423.525,78.4125,7.665625,66.659375,211.76875,27.590625,179.015625,27.590625,0.152140513325682,0.0867381270366463
5520,81033,0,0,"LASP",44.3862037,-100.4910279,0,15,81.5992063492064,556.238095238095,36.9960317460317,0.602301986666667,81.4846625766871,138.340490797546,29.4723926380368,11149.5582822086,318.162576687117,-143.423312883436,461.585889570552,194.01226993865,-48.3312883435583,222.803680981595,-65.5613496932515,441.585889570552,79.3558282208589,8.60122699386503,62.6226993865031,210.518404907975,32.1196319018405,186.276073619632,32.2116564417178,0.150273608557386,0.0784880677415281
5520,81034,0,0,"LASP",44.9702507,-100.1241026,0,15,69.8650793650794,567.428571428571,37.515873015873,0.678561453333333,69.8939393939394,136.066666666667,28.3090909090909,11561.8848484848,309.239393939394,-162.445454545455,471.684848484848,187.512121212121,-81.869696969697,214.678787878788,-84.8636363636364,450.851515151515,77.8181818181818,9.05757575757576,59.6969696969697,205.754545454545,34.2333333333333,189.312121212121,34.2333333333333,0.157354425455828,0.0728928791429651
5520,81035,0,0,"LASP",45.1458023,-102.5581808,0,15,67.6706349206349,800.714285714286,33.734126984127,0.567349806666667,67.6525679758308,149.320241691843,31.7099697885196,10931.3595166163,307.676737160121,-157.196374622357,464.873111782477,179.280966767372,-75.3534743202417,206.996978851964,-76.3444108761329,404.389728096677,78.5558912386707,7.69184290030211,67.607250755287,201.087613293051,27.7220543806647,167.564954682779,27.7220543806647,0.144443515278829,0.0763646130866414
5520,81036,0,0,"LASP",45.545678,-103.0327882,0,15,64.9563492063492,870.190476190476,34.0357142857143,0.603167046666667,64.6497005988024,149.068862275449,32.1556886227545,10643.2275449102,302.074850299401,-154.556886227545,456.631736526946,173.194610778443,-74.6317365269461,200.604790419162,-75.0958083832335,408.730538922156,81.497005988024,8.44910179640719,68.9311377245509,205.976047904192,28.5119760479042,170.22754491018,28.5119760479042,0.15112422577608,0.0760375066457753
5520,81037,0,0,"LASP",45.8344327,-102.9426799,0,15,62.4204545454545,850.681818181818,34.1704545454545,0.654536673333333,62.3716814159292,146.58407079646,31.7551622418879,10639.814159292,297.678466076696,-156.926253687316,454.604719764012,170.879056047198,-77.3156342182891,198.050147492625,-77.3156342182891,410.70796460177,83.4808259587021,8.60176991150442,69.8407079646018,208.047197640118,27.7964601769912,174.728613569322,27.7964601769912,0.160197988477095,0.0753213838744831
5520,81038,0,0,"LASP",45.1866557,-101.0672759,0,15,70.281746031746,634.380952380952,36.5753968253968,0.61526386,69.9009009009009,134.540540540541,28.5945945945946,11314.2522522523,305.198198198198,-157.18018018018,462.378378378378,185.528528528529,-69.4534534534534,212.573573573574,-80.4624624624625,438.348348348348,78.4084084084084,8.1951951951952,62.5705705705706,206.642642642643,31.8708708708709,179.90990990991,31.990990990991,0.146980066105869,0.073571978670035
5520,81039,0,0,"LASP",45.4728047,-101.4293209,0,15,67.4920634920635,669.333333333333,35.2103174603175,0.63392048,67.5945945945946,138.117117117117,29.1891891891892,11310.8738738739,304.948948948949,-160.711711711712,465.660660660661,183.507507507508,-75.8528528528528,210.42042042042,-82.6636636636637,423.57957957958,78.4054054054054,7.54954954954955,65.042042042042,203.957957957958,29.048048048048,176.645645645646,29.0690690690691,0.152588775717849,0.0742636913612841
5520,81040,0,0,"LASP",44.6620423,-102.2818053,0,15,76.4722222222222,767,33.8888888888889,0.597312066666667,76.5823170731707,147.539634146341,31.7042682926829,10792.7012195122,313.932926829268,-144.878048780488,458.810975609756,186.289634146341,-62.6829268292683,214.634146341463,-64.7408536585366,406.085365853659,77.4451219512195,7.70426829268293,66.6676829268293,201.466463414634,28.0731707317073,167.951219512195,28.0731707317073,0.156665486049615,0.0815597566087937
5520,81042,0,0,"LASP",43.1154997,-103.6802059,0,15,80.6944444444444,1147.80952380952,33.3492063492063,0.53537724,80.8006230529595,167.196261682243,36.7445482866044,9745.74143302181,317.657320872274,-132.068535825545,449.725856697819,179.806853582555,-40.6355140186916,208.118380062305,-44.0841121495327,398.414330218069,71.404984423676,8.51401869158878,64.809968847352,197.629283489097,29.9376947040498,162.878504672897,29.9376947040498,0.157288279245771,0.0896783256370579
5520,81043,0,0,"LASP",43.8936958,-102.4574947,0,15,85.4333333333333,827.7,34.6125,0.522347253333333,85.4484848484849,151.827272727273,33.4848484848485,10253.6515151515,317.939393939394,-128.639393939394,446.578787878788,189.478787878788,-45.8969696969697,218.078787878788,-46.9,415.787878787879,76.9454545454546,8.12424242424242,65.5909090909091,206.266666666667,29.3515151515152,173.342424242424,29.3545454545455,0.146751979856489,0.0855694494307883
5520,81044,0,0,"LASP",43.0190774,-101.4921774,0,15,82.9416666666667,965.1,39.2875,0.60450864,83.0654205607477,152.380062305296,34.3052959501558,9992.89719626168,312.563862928349,-126.003115264798,438.566978193146,185.015576323988,-45.1495327102804,212.373831775701,-45.4548286604361,471.392523364486,85.3644859813084,8.54205607476636,66.5732087227414,236.679127725857,31.2897196261682,207.367601246106,31.2897196261682,0.158038361664827,0.0833132412965327
5520,81045,0,0,"LASP",43.5789808,-100.9295573,0,15,87.5714285714286,725.095238095238,38.6547619047619,0.64266958,87.8699690402477,149.863777089783,32.6284829721362,10482.7089783282,322.287925696594,-130.086687306502,452.374613003096,194.33746130031,-48.5015479876161,222.207430340557,-48.5015479876161,464.260061919505,83.1424148606811,7.72136222910217,65.0247678018576,227.482972136223,29.6501547987616,197.724458204334,29.6501547987616,0.165407231696572,0.0838997507894997
5520,81046,0,0,"LASP",43.5869787,-103.7284629,0,15,72.5238095238095,1397,37.7142857142857,0.600262073333333,73.5652173913043,157.217391304348,36.7919254658385,9131.57453416149,299.027950310559,-122.711180124224,421.739130434783,166.195652173913,-38.1490683229814,194.136645962733,-40.8416149068323,445.760869565217,79.3167701863354,9.35714285714286,64.9658385093168,221.888198757764,34.9689440993789,188.962732919255,34.9689440993789,0.165658237745768,0.086393678356697
5520,81047,0,0,"LASP",43.9250683,-103.5145345,0,15,68.1742424242424,1462.31818181818,42.3257575757576,0.72411042,67.2006172839506,144.851851851852,35.7191358024691,8783.58641975309,281.595679012346,-118.537037037037,400.132716049383,151.614197530864,-35.4104938271605,183.839506172839,-41.4382716049383,514.16975308642,91.037037037037,12.1018518518519,62.9413580246914,249.219135802469,44.7222222222222,211.759259259259,44.7716049382716,0.180768436028105,0.0803865085830415
5520,81048,0,0,"LASP",44.1027392,-103.8969916,0,15,58.9291666666667,1708.3,46.7125,0.768849186666667,58.250773993808,135.315789473684,34.5696594427245,8635.47058823529,268.300309597523,-117.427244582043,385.727554179567,124.990712074303,-41.328173374613,173.551083591331,-47.7770897832817,560.956656346749,92.9752321981424,17.609907120743,54.1640866873065,252.941176470588,62.6470588235294,210.362229102167,62.7151702786378,0.183281023422362,0.076033974974617
5520,81049,0,0,"LASP",44.2591557,-103.8404699,0,15,62.4583333333333,1574.95454545455,46.5151515151515,0.806621806666667,62.3496932515337,134.803680981595,33.9723926380368,8825.19325153374,273.852760736196,-117.027607361963,390.88036809816,117.874233128834,-41.3926380368098,179.693251533742,-46.8834355828221,563.064417177914,94.3220858895706,17.7484662576687,54.0613496932515,253.717791411043,62.7883435582822,206.650306748466,62.8558282208589,0.192406035835737,0.0770020767346998
5520,81050,0,0,"LASP",44.1823942,-103.8948268,0,15,59.8492063492063,1664.19047619048,47.1190476190476,0.793083753333333,59.3509316770186,134.217391304348,34.1832298136646,8702.52173913043,269.487577639752,-117.204968944099,386.692546583851,119.88198757764,-41.8074534161491,175.375776397516,-47.8447204968944,566.673913043478,93.9906832298137,18.1521739130435,53.4565217391304,254.229813664596,64.2049689440994,209.055900621118,64.2732919254658,0.18818026539774,0.0760490388452445
5520,81114,0,0,"LASP",44.0387337,-98.4322564,0,15,78.0614035087719,448.578947368421,44.4824561403509,0.77059486,78.0184049079755,132.20245398773,28.1564417177914,11437.0889570552,308.573619631902,-153.794478527607,462.368098159509,195.113496932515,-75.3435582822086,220.638036809816,-75.3435582822086,534.150306748466,86.1226993865031,9.95092024539877,56.4110429447853,235.662576687117,37.6840490797546,210.79754601227,37.6840490797546,0.168272526497346,0.0712087012338745
5520,81121,0,0,"LASP",45.1555417,-98.2072839,0,15,62.2539682539683,424.190476190476,41.3015873015873,0.817960586666667,62.3433734939759,134.048192771084,27.4879518072289,11877.6084337349,297.093373493976,-182.138554216867,479.231927710843,184.090361445783,-98.644578313253,208.746987951807,-98.644578313253,494.879518072289,85.5933734939759,10.1807228915663,59.5,224.231927710843,35.1807228915663,214.039156626506,35.1807228915663,0.172945305914997,0.0664148345333102
5520,81127,0,0,"LASP",44.2080537,-103.6533279,0,15,63.8055555555556,1540.57142857143,46.4325396825397,0.793570406666667,64.0996978851964,136.407854984894,34.2567975830816,8814.42598187311,275.398791540786,-116.957703927492,392.356495468278,126.259818731118,-38.0876132930514,181.244712990937,-44.8972809667674,560.057401812689,95.2326283987915,16.3595166163142,56.7129909365559,257.368580060423,58.5619335347432,211.280966767372,58.6495468277946,0.190002009829674,0.0774777850914554
5520,81702,0,0,"LASP",43.8109741,-103.5930217,0,15,66.640350877193,1536.10526315789,41.9956140350877,0.6999004,67.6625386996904,148.795665634675,36.359133126935,8786.19814241486,284.554179566563,-119.164086687307,403.71826625387,155.990712074303,-36.8699690402477,184.396284829721,-41.0247678018576,497.148606811145,88.297213622291,11.1455108359133,63.8761609907121,243.969040247678,41.6965944272446,208.266253869969,41.7058823529412,0.180306488645213,0.0827046280056658
5520,81703,0,0,"LASP",43.7824708,-104.03969,0,15,66.9166666666667,1547,38.5791666666667,0.60293868,68.034375,148.975,35.621875,9085.865625,290.60625,-121.715625,412.321875,160.0125,-42.359375,188.384375,-45.278125,455.428125,78.484375,11.465625,60.553125,216.503125,42.1875,184.540625,42.1875,0.164360247599869,0.0845572500286944
5520,81704,0,0,"LASP",44.1230277,-103.6980332,0,15,62.8650793650794,1577.52380952381,46.6230158730159,0.785825006666667,61.0365853658537,136.810975609756,34.7560975609756,8649.4237804878,270.948170731707,-116.975609756098,387.923780487805,127.975609756098,-38.2164634146341,176.362804878049,-45.2987804878049,565.100609756098,95.390243902439,16.5243902439024,56.5396341463415,259.600609756098,59.2957317073171,215.466463414634,59.3658536585366,0.185398230705034,0.0757263904692995
5520,81705,0,0,"LASP",43.7260521,-103.505933,0,15,72.15,1391.9,39.1125,0.67259066,72.0369230769231,152.603076923077,36.4953846153846,8965.55076923077,292.547692307692,-120.12,412.667692307692,162.6,-36.1692307692308,190.729230769231,-39.6276923076923,474.172307692308,85.56,9.80923076923077,65.7323076923077,237.292307692308,36.9507692307692,202.233846153846,36.9507692307692,0.177017018249449,0.084479384665939
5520,81706,0,0,"LASP",43.8122287,-103.7667248,0,15,65.2208333333333,1595.7,41.475,0.684612606666667,65.4875776397515,147.673913043478,36.2670807453416,8758.54037267081,282.462732919255,-119.049689440994,401.512422360248,153.236024844721,-38.3105590062112,182.062111801242,-42.5869565217391,497.018633540373,86.7204968944099,11.9472049689441,61.9223602484472,239.767080745342,44.4192546583851,205.012422360248,44.4285714285714,0.176349471030533,0.0819990424806453
5520,82001,0,0,"LASP",36.4175101,-89.4379279,0,15,146.030701754386,92.6842105263158,105.464912280702,0.742087506666667,146.040955631399,117.672354948805,31.8464163822526,8715.72696245734,325.238907849829,-38.1331058020478,363.372013651877,146.505119453925,207.511945392491,254.068259385666,27.7713310580205,1265.26279863481,130.798634812287,78.419795221843,16.7440273037543,382.546075085324,253.071672354949,283.617747440273,312.535836177474,0.0978208265931206,0.0518050053430848
5520,82002,0,0,"LASP",36.3065622,-89.3646928,0,15,146.700980392157,93.7058823529412,106.406862745098,0.750766206666667,146.723183391003,118.089965397924,32.2456747404844,8631.10726643599,324.318339100346,-36.4740484429066,360.792387543253,147.221453287197,207.705882352941,253.650519031142,29.6920415224914,1281.276816609,130.896193771626,78.8996539792387,16.4636678200692,383.249134948097,254.034602076125,288.342560553633,320.615916955017,0.0977738787763613,0.0513396286365014
5520,82003,0,0,"LASP",35.0517759,-89.3754293,0,15,155.112745098039,136.411764705882,114.264705882353,0.81898448,155.017543859649,123.512280701754,35.6140350877193,7937.76140350877,322.617543859649,-19.5719298245614,342.189473684211,155.473684210526,211.726315789474,253.635087719298,48.3333333333333,1369.20701754386,142.066666666667,78.8070175438596,19.1122807017544,412.845614035088,257.638596491228,282.8,367.617543859649,0.103852594414979,0.0512318849691065
5520,82004,0,0,"LASP",35.5377957,-89.3824309,0,15,154.450980392157,107.470588235294,110.303921568627,0.793092693333333,154.249122807018,119.621052631579,33.7578947368421,8255.78947368421,325.733333333333,-23.3859649122807,349.119298245614,154.891228070175,212.722807017544,256.726315789474,43.0350877192982,1322.5649122807,135.045614035088,73.6947368421053,18.6947368421053,399.543859649123,249.610526315789,278.217543859649,349.926315789474,0.104075514415588,0.0528097089595169
5520,82005,0,0,"LASP",35.6893173,-89.334166,0,15,153.245833333333,102.95,109.775,0.7780437,153.144827586207,119.165517241379,33.4068965517241,8339.07586206896,325.68275862069,-25.8103448275862,351.493103448276,153.751724137931,212.175862068966,256.586206896552,40.6206896551724,1316.60344827586,133.655172413793,73.8137931034483,18.1275862068966,395.293103448276,249.755172413793,281.965517241379,345.906896551724,0.101665000725634,0.0524379724206039
5520,82007,0,0,"LASP",36.3584295,-88.0066271,0,15,141.316666666667,157.45,111.704166666667,0.832143826666667,141.340136054422,129.901360544218,35.4829931972789,8326.59183673469,317.061224489796,-44.1190476190476,361.180272108844,141.812925170068,201.122448979592,244.472789115646,28.6326530612245,1339.42176870748,137.656462585034,81.8469387755102,14.6224489795918,383.955782312925,268.938775510204,307.459183673469,350.204081632653,0.102293403658815,0.0479636639432055
5520,82008,0,0,"LASP",36.178722,-88.314377,0,15,142.697368421053,143.157894736842,113.008771929825,0.827371766666667,142.737931034483,130.275862068966,35.4275862068965,8340.18620689655,318.865517241379,-43.5241379310345,362.389655172414,143.158620689655,202.555172413793,245.910344827586,29.5310344827586,1355.76551724138,137.068965517241,83.8551724137931,14.4862068965517,386.627586206897,274.065517241379,311.310344827586,351.879310344828,0.10019011563141,0.0474627924575645
5520,82009,0,0,"LASP",35.4115013,-88.5485594,0,15,150.412280701754,145.947368421053,114.241228070175,0.820687673333333,150.41958041958,131.342657342657,36.7027972027972,8037.79020979021,323.531468531469,-29.4755244755245,353.006993006993,150.409090909091,208.066433566434,250.493006993007,42.4265734265734,1372.69230769231,141.342657342657,79.5104895104895,17.6083916083916,407.22027972028,258.325174825175,294.108391608392,367.835664335664,0.101406798150128,0.0493955851509318
5520,82011,0,0,"LASP",35.9420253,-88.9027887,0,15,147.574561403509,117.315789473684,111.350877192982,0.7847493,147.634482758621,123.9,34.2172413793103,8367.65172413793,321.837931034483,-34.8172413793103,356.655172413793,148.055172413793,207.196551724138,251.334482758621,34.4103448275862,1336.86206896552,133.58275862069,78.8724137931034,15.7965517241379,390.627586206897,261.4,303.327586206897,345.462068965517,0.0978020163955845,0.0494475548186776
5520,82012,0,0,"LASP",35.8134197,-88.8621969,0,15,148.611111111111,122.388888888889,111.550925925926,0.79227764,148.622837370242,124.425605536332,34.560553633218,8304.3598615917,322.044982698962,-32.7543252595156,354.799307958478,148.865051903114,207.782006920415,251.723183391003,36.4982698961938,1339.48442906574,134,77.9342560553633,16.1384083044983,393.22491349481,259.595155709343,300.550173010381,348.81660899654,0.0992816795866112,0.0498352775752849
5520,82013,0,0,"LASP",36.1745577,-86.9969029,0,15,140.4125,204.5,107.4375,0.809158686666667,140.4,134.037931034483,36.6793103448276,8221.96896551724,317.8,-42.7655172413793,360.565517241379,139.031034482759,200.272413793103,242.893103448276,30.151724137931,1287.58965517241,136.193103448276,75.8965517241379,15.0931034482759,371.386206896552,255.3,297.134482758621,339.189655172414,0.104921182064835,0.0504343344037828
5520,82014,0,0,"LASP",36.5004837,-87.6933829,0,15,140.986111111111,167.444444444444,108.634259259259,0.830210653333333,141.047619047619,129.391156462585,35.3231292517007,8364.16326530612,318.037414965986,-43.2074829931973,361.244897959184,141.136054421769,201.047619047619,244.982993197279,28.3843537414966,1302.08843537415,137.125850340136,77.8707482993197,15.0884353741497,376.47619047619,257.744897959184,299.574829931973,343.632653061225,0.106319321265353,0.0498373882417316
5520,82015,0,0,"LASP",35.1607149,-87.6852374,0,15,146.421296296296,234.833333333333,119.037037037037,0.807501446666667,146.470175438596,136.712280701754,38.7157894736842,7781.1298245614,318.385964912281,-30.4526315789474,348.838596491228,143.073684210526,202.680701754386,243.378947368421,42.4947368421053,1428.99649122807,157.126315789474,83.6701754385965,17.9649122807018,421.291228070175,268.771929824561,309.238596491228,393.228070175439,0.0928512460036434,0.0458082681082468
5520,82016,0,0,"LASP",35.8791357,-87.3276749,0,15,140.046296296296,224.555555555556,113.569444444444,0.832281533333333,139.885416666667,141.159722222222,38.4791666666667,8058.39583333333,317.236111111111,-45.0729166666667,362.309027777778,139.190972222222,198.576388888889,240.15625,31.5729166666667,1362.34722222222,144.739583333333,82.1145833333333,16.0034722222222,399.111111111111,266.725694444444,306.145833333333,358.645833333333,0.100199118919725,0.0469206150571703
5520,82017,0,0,"LASP",35.3492078,-87.1440788,0,15,144.143518518519,256.333333333333,117.648148148148,0.812108453333333,143.84668989547,135.885017421603,38.1881533101045,7863.57839721254,316.257839721254,-34.7526132404181,351.010452961672,143.045296167247,201.045296167247,241.90243902439,38.5923344947735,1412.07665505226,156.505226480836,87.7526132404181,16.7979094076655,415.473867595819,276.648083623693,308.686411149826,376.390243902439,0.0943592784183419,0.0459495073738416
5520,82018,0,0,"LASP",35.4941757,-87.6791989,0,15,142.350877192982,227.736842105263,118.017543859649,0.832121733333333,142.179577464789,140.795774647887,38.9330985915493,7895.35211267606,316.845070422535,-39.8450704225352,356.69014084507,142.147887323944,199.401408450704,240.397887323944,36.1232394366197,1418.34507042254,151.334507042254,84.1795774647887,17.306338028169,417.37676056338,269.661971830986,311.207746478873,381.672535211268,0.0953235547852582,0.0450523171691173
5520,82019,0,0,"LASP",36.3259217,-86.3315439,0,15,141.316666666667,207.8,109.658333333333,0.78728246,141.498293515358,128.41638225256,35.6860068259386,8196.0614334471,315.559726962457,-39.19795221843,354.757679180887,140.655290102389,201,243.488054607509,31.2525597269625,1316.61433447099,135.498293515358,78.160409556314,14.2764505119454,373.331058020478,268.460750853242,314.122866894198,342.075085324232,0.0988310552083382,0.0490849011100658
5520,82020,0,0,"LASP",36.5086597,-86.6658089,0,15,139.433333333333,200.25,106.808333333333,0.774595106666667,139.232081911263,126.866894197952,34.7713310580205,8347.52559726962,315.327645051195,-43.9351535836177,359.262798634812,138.453924914676,199.80204778157,242.986348122867,26.679180887372,1279.59726962457,132.317406143345,75.7679180887372,14.7440273037543,366.675767918089,255.757679180887,303.580204778157,330.030716723549,0.0996237660250657,0.04990467210631
5520,82021,0,0,"LASP",35.3350377,-86.6657259,0,15,144.825,257.55,117.458333333333,0.80269608,144.993055555556,133.166666666667,37.9583333333333,7851.96875,315.9375,-30.625,346.5625,136.802083333333,202.420138888889,243.079861111111,40.4375,1406.23263888889,157.072916666667,87.0763888888889,16.3819444444444,408.298611111111,277.166666666667,309.545138888889,377.552083333333,0.0941837280397342,0.0465360661162312
5520,82022,0,0,"LASP",35.8589627,-86.8259959,0,15,142.368421052632,218.052631578947,110.197368421053,0.791895886666667,142.378472222222,134.048611111111,37.3611111111111,8081.91319444444,317.309027777778,-36.90625,354.215277777778,140.40625,201.368055555556,243.565972222222,34.8194444444444,1316.60763888889,140.489583333333,78.5659722222222,15.0138888888889,381.284722222222,262.805555555556,300.25,349.149305555556,0.100200008281164,0.0495773097658042
5520,82023,0,0,"LASP",35.7357596,-86.1676666,0,15,141.768518518519,274.666666666667,116.717592592593,0.79781078,141.927586206897,130.824137931034,37.4068965517241,7878.0275862069,312.151724137931,-32.9344827586207,345.086206896552,129.389655172414,199.624137931034,240.51724137931,37.0172413793103,1399.24827586207,150.48275862069,84.4620689655172,14.9551724137931,399.903448275862,282.303448275862,321.455172413793,373.503448275862,0.0929594352444985,0.0458825203518835
5520,82024,0,0,"LASP",35.3582118,-86.2170779,0,15,142.352941176471,314.529411764706,120.583333333333,0.814838813333333,142.114982578397,129.369337979094,37.4250871080139,7781.32055749129,309.735191637631,-31.5156794425087,341.250871080139,94.8362369337979,199.331010452962,239.1393728223,38.3449477351916,1448.79442508711,160.271777003484,89.212543554007,16.1707317073171,417.491289198606,286.362369337979,321.177700348432,394.644599303136,0.0910770783546888,0.0441589741013151
5520,82025,0,0,"LASP",36.0984567,-85.7051469,0,15,139.100877192982,276.842105263158,116.951754385965,0.824746386666667,138.671232876712,131.452054794521,37.2397260273973,7901.22602739726,309.75,-38.7842465753425,348.534246575342,137.739726027397,196.383561643836,237.030821917808,32.2534246575342,1407.31506849315,146.082191780822,84.9075342465753,13.986301369863,395.684931506849,290.051369863014,336.376712328767,367.095890410959,0.0944777598437618,0.0447080682258852
5520,82026,0,0,"LASP",36.5041157,-85.6700349,0,15,137.441666666667,259.95,114.029166666667,0.83989112,137.447098976109,130.737201365188,36.5085324232082,8044.82935153584,309.907849829352,-43.3276450511945,353.235494880546,153.337883959044,196.047781569966,237.081911262799,28.3617747440273,1368.8771331058,136.546075085324,82.1808873720137,13.2491467576792,378.040955631399,287.18771331058,341.443686006826,348.078498293515,0.100011366442831,0.0461482723931135
5520,82027,0,0,"LASP",35.3801394,-85.9158515,0,15,138.203703703704,408.444444444444,123.875,0.825700906666667,138.374125874126,125.472027972028,36.6608391608392,7743.7027972028,303.27972027972,-33.8391608391608,337.118881118881,70.8426573426573,195.283216783217,234.755244755245,34.9160839160839,1483.53146853147,162.482517482517,91.3881118881119,15.7202797202797,425.157342657343,296.167832167832,331.493006993007,405.146853146853,0.0888596116423597,0.0422581661898776
5520,82028,0,0,"LASP",35.1334457,-85.2816399,0,15,141.916666666667,350.823529411765,120.323529411765,0.82507762,141.91519434629,127.975265017668,37.3533568904594,7736.57597173145,308.685512367491,-29.7455830388693,338.43109540636,55.0459363957597,198.498233215548,238.809187279152,38.9611307420495,1445.44169611307,160.254416961131,88.9505300353357,15.773851590106,422.08480565371,294.911660777385,322.883392226148,400.010600706714,0.0934280904682905,0.044686581738033
5520,82029,0,0,"LASP",35.1735485,-85.6693511,0,15,139.070833333333,409.9,124.095833333333,0.84430686,138.56993006993,125.276223776224,36.7762237762238,7713.88461538462,302.881118881119,-33.1118881118881,335.993006993007,51.4195804195804,195.283216783217,234.671328671329,35.5804195804196,1493.63286713287,165.041958041958,91.7832167832168,16.0034965034965,433.874125874126,299.629370629371,330.909090909091,412.398601398601,0.0905889960399869,0.0420940180371006
5520,82030,0,0,"LASP",35.2998357,-85.1467589,0,15,140.157407407407,358.444444444444,120.138888888889,0.82279628,140.524305555556,128.371527777778,37.3923611111111,7738.82638888889,307.690972222222,-31.5,339.190972222222,57.6736111111111,197.013888888889,237.309027777778,37.2222222222222,1442.01388888889,158.739583333333,88.5625,15.4479166666667,415.944444444444,294.569444444444,325.663194444444,395.864583333333,0.0928898371417186,0.0444102951200434
5520,82114,0,0,"LASP",36.5507429,-87.7500558,0,15,141.111111111111,163.111111111111,108.50462962963,0.829531086666667,141.215017064846,127.754266211604,34.9317406143345,8388.84641638225,317.720136518771,-42.8873720136519,360.607508532423,141.41638225256,201.368600682594,245.351535836177,28.1023890784983,1297.91467576792,135.764505119454,78.1092150170648,14.9112627986348,374.897610921502,258.006825938567,298.689419795222,341.648464163823,0.1067083019628,0.0500681320677285
5520,82128,0,0,"LASP",35.1093452,-85.3637195,0,15,140.333333333333,388.764705882353,121.906862745098,0.827987673333333,141.496503496503,127.576923076923,37.3006993006993,7731.36013986014,307.86013986014,-30.0944055944056,337.954545454545,54.6538461538462,198.13986013986,238.297202797203,38.6328671328671,1454.20979020979,161.433566433566,89.3671328671329,15.9020979020979,425.527972027972,295.660839160839,323.72027972028,403.045454545455,0.0933819601100765,0.0444996177916312
5520,82130,0,0,"LASP",35.3018852,-85.1666632,0,15,139.258771929825,383.157894736842,120.982456140351,0.823542926666667,140.18118466899,127.909407665505,37.2891986062718,7737.67944250871,307.101045296167,-31.6898954703833,338.790940766551,57.9303135888502,196.658536585366,236.933797909408,36.8954703832753,1445.393728223,159.080139372822,88.7700348432056,15.4564459930314,416.81881533101,295.08362369338,326.18118466899,396.655052264808,0.0929001181680657,0.0443603444060979
5520,82202,0,0,"LASP",36.3065622,-89.364692,0,15,146.700980392157,93.7058823529412,106.406862745098,0.750766206666667,146.723183391003,118.089965397924,32.2456747404844,8631.10726643599,324.318339100346,-36.4740484429066,360.792387543253,147.221453287197,207.705882352941,253.650519031142,29.6920415224914,1281.276816609,130.896193771626,78.8996539792387,16.4636678200692,383.249134948097,254.034602076125,288.342560553633,320.615916955017,0.0977738787763613,0.0513396286365014
5520,83002,0,0,"LASP",26.8901748,-98.135998,0,15,225.794117647059,41.4705882352941,51.7401960784314,0.528640806666667,225.812260536398,121.639846743295,42.6360153256705,5595.55172413793,358.329501915709,76.6896551724138,281.639846743295,267.325670498084,162.850574712644,290.835249042146,147.27969348659,619.038314176245,114.153256704981,18.3754789272031,50.9386973180077,239.60153256705,86.9310344827586,180.743295019157,97.7662835249042,0.208808133036475,0.164831685368862
5520,83005,0,0,"LASP",27.5323198,-97.9466526,0,15,222.897058823529,38.8235294117647,56.3088235294118,0.554991046666667,222.92803030303,118.981060606061,41.7045454545455,5718.30681818182,354.996212121212,73.2689393939394,281.727272727273,266.424242424242,157.981060606061,290.439393939394,143.734848484848,677.234848484848,121.003787878788,22.9772727272727,47.9128787878788,263.246212121212,100.102272727273,196.659090909091,107.375,0.201653093300711,0.154041339606652
5520,83006,0,0,"LASP",27.6881977,-97.4706489,0,15,221.567708333333,11.75,64.1302083333333,0.51697182,221.467811158798,101.643776824034,38.1587982832618,5611.77253218884,341.31330472103,78.7596566523605,262.55364806867,265.957081545064,158.339055793991,287.128755364807,143.463519313305,767.442060085837,138.725321888412,26.8068669527897,46.5021459227468,304.19313304721,118.523605150215,213.587982832618,127.407725321888,0.172586281362985,0.138171112590871
5520,83008,0,0,"LASP",27.3221067,-98.9698489,0,15,222.642156862745,190,44.343137254902,0.453195693333333,222.737642585551,134.54752851711,43.4106463878327,6102.92015209125,367.212927756654,60.106463878327,307.106463878327,267.58174904943,154.437262357414,293.593155893536,136.996197718631,532.022813688213,101.144486692015,17.254752851711,52.3269961977186,205.159695817491,71.4372623574145,146.714828897338,77.9961977186312,0.207001744309532,0.176245457741789
5520,83009,0,0,"LASP",27.9766671,-99.2664374,0,15,221.421875,153.8125,44.4166666666667,0.48092388,221.800766283525,138.95785440613,43.0114942528736,6451.01149425287,374.505747126437,55.4827586206897,319.022988505747,268.318007662835,151.268199233716,299.080459770115,132.988505747126,529.704980842912,88.0689655172414,21.4022988505747,46.7394636015326,201.590038314176,72.823754789272,146.04214559387,75.4291187739464,0.213302591245949,0.175559096245648
5520,83011,0,0,"LASP",28.9083337,-95.6139832,0,15,207.061111111111,9.93333333333333,103.572222222222,0.663522046666667,206.678571428571,102.668367346939,37.0714285714286,6023.05612244898,332.780612244898,59.7908163265306,272.989795918367,271.663265306122,167.704081632653,278.59693877551,123.668367346939,1252.37244897959,174.622448979592,62.7959183673469,28.4438775510204,405.397959183673,209.15306122449,364.913265306122,256.714285714286,0.119133829949841,0.0799230708147233
5520,83012,0,0,"LASP",28.7791687,-96.6048649,0,15,210.62037037037,16.4444444444444,85.9907407407407,0.611088106666667,210.909090909091,104.505928853755,37.5256916996047,6013.7233201581,338.197628458498,63.6324110671937,274.565217391304,260.067193675889,156.774703557312,283.075098814229,128.442687747036,1030.2371541502,148.138339920949,49.1541501976285,32.5454545454545,334.142292490119,175.505928853755,278.446640316206,192.249011857708,0.142997084164067,0.101753157907981
5520,83014,0,0,"LASP",28.7836187,-97.2207629,0,15,211.666666666667,55.5294117647059,73.9558823529412,0.663579406666667,212.14606741573,119.865168539326,40.4531835205993,6010.77902621723,349.325842696629,56.7902621722846,292.535580524345,256.119850187266,143.561797752809,283.876404494382,129.280898876405,889.47191011236,127.943820224719,40.8539325842697,34.438202247191,296.112359550562,147.831460674157,236.310861423221,157.329588014981,0.180857432451623,0.120238408795356
5520,83015,0,0,"LASP",28.9215455,-97.9666688,0,15,209.519607843137,116.294117647059,61.6617647058824,0.573166673333333,209.509293680297,131.267657992565,41.275092936803,6346.45353159851,357.873605947955,43.635687732342,314.237918215613,252.055762081784,137.810408921933,285.275092936803,121.836431226766,741.903345724907,106.35687732342,31.1040892193309,35.3568773234201,241.996282527881,125.457249070632,190.078066914498,133.089219330855,0.184239852620918,0.134525933847528
5520,83016,0,0,"LASP",28.2807187,-98.3175579,0,15,215.838888888889,90.8666666666667,54.15,0.531513726666667,215.867424242424,133.704545454545,42.219696969697,6266.10227272727,363.272727272727,49.9810606060606,313.291666666667,263.363636363636,145.136363636364,289.859848484848,128.583333333333,648.30303030303,100.393939393939,24.1666666666667,42.0492424242424,228.863636363636,98.4166666666667,178.875,103.375,0.195925036006424,0.151349282542531
5520,83018,0,0,"LASP",28.1788677,-99.7785729,0,15,221.014705882353,196.176470588235,44.4362745098039,0.42812188,221.164794007491,136.2734082397,42.2134831460674,6530.06367041199,374.988764044944,55.7303370786517,319.258426966292,268.573033707865,148.303370786517,300.003745318352,132,532.89138576779,85.3520599250936,20.3932584269663,48.250936329588,202.397003745318,70.9213483146067,148.543071161049,72.434456928839,0.198516108873717,0.173455104009525
5520,83019,0,0,"LASP",28.9477668,-99.8539016,0,15,209.494791666667,238.9375,47.4479166666667,0.5357902,210.393258426966,135.355805243446,41.2059925093633,6646.52434456929,361.288389513109,37.3295880149813,323.958801498127,253.501872659176,131.580524344569,289.149812734082,118.441947565543,567.168539325843,79.0299625468165,22.7977528089888,42.5955056179775,199.213483146067,77.2209737827715,166.14606741573,78.4606741573034,0.213079478307356,0.161511356667247
5520,83023,0,0,"LASP",29.7863554,-95.831598,0,15,200.863095238095,44.7857142857143,91.1428571428571,0.676689053333333,201.010989010989,116.487179487179,38.5494505494505,6434.44322344322,343.959706959707,45.5054945054945,298.454212454212,228.091575091575,156.875457875458,278.831501831502,112.805860805861,1095.24542124542,127.512820512821,63.6959706959707,21.6446886446886,323.260073260073,211.820512820513,279.490842490843,237.688644688645,0.14063134937339,0.0907012593523237
5520,83025,0,0,"LASP",29.513077,-96.550258,0,15,201.552083333333,62.9375,86.1302083333333,0.711623333333333,201.460674157303,124.239700374532,39.7453183520599,6425.52434456929,350.329588014981,41.6404494382022,308.689138576779,238.217228464419,140.524344569288,279.307116104869,113.61797752809,1028.04119850187,129.037453183521,58.5880149812734,25.2546816479401,313.850187265918,199.756554307116,252.719101123595,213.49063670412,0.159736501470799,0.0985031207053224
5520,83027,0,0,"LASP",29.8219637,-97.7494969,0,15,199.015625,179.75,71.8072916666667,0.64667108,199.163568773234,127.895910780669,39.3085501858736,6754.44981412639,354.624535315985,33.2602230483271,321.364312267658,236.840148698885,123.795539033457,281.349442379182,107.639405204461,860.684014869889,114.468401486989,41.7174721189591,32.4200743494424,289.657992565056,158.401486988848,198.583643122677,163.936802973978,0.174281418210182,0.114851574151379
5520,83028,0,0,"LASP",29.8739777,-98.6494589,0,15,190.598958333333,421.75,68.0729166666667,0.590500953333333,190.081180811808,131.232472324723,40.6974169741697,6612.13284132841,342.863468634686,24.5535055350554,318.309963099631,227.749077490775,104.084870848708,270.623616236162,100.977859778598,816.309963099631,106.852398523985,41.8339483394834,31.5940959409594,267.708487084871,141.025830258303,209.785977859779,141.184501845018,0.167658433369828,0.115873490523305
5520,83029,0,0,"LASP",29.2751357,-97.9801349,0,15,205.802083333333,141.9375,64.1458333333333,0.60760386,205.817164179104,129.305970149254,40.4626865671642,6491.10447761194,356.470149253731,40.8619402985075,315.608208955224,242.929104477612,132.600746268657,284.261194029851,117.201492537313,767.876865671642,103.794776119403,36.5858208955224,32.9626865671642,250.432835820896,137.869402985075,184.167910447761,143.910447761194,0.18588958803534,0.129545755067094
5520,83030,0,0,"LASP",29.3597192,-99.1420313,0,15,203.348958333333,298.375,56.3072916666667,0.60253624,203.297397769517,131.579925650558,41.1263940520446,6508.46840148699,352.981412639405,36.8810408921933,316.100371747212,242.312267657993,126.42750929368,280.966542750929,114.14126394052,674.907063197026,93.3382899628253,32.9182156133829,36.7881040892193,233.111524163569,110.115241635688,184.453531598513,111.758364312268,0.205241528022512,0.142828823252307
5520,83031,0,0,"LASP",29.5611028,-99.5393332,0,15,193.927083333333,452,56.0416666666667,0.605661693333333,193.69741697417,134.678966789668,41.1808118081181,6645.54612546125,344.560885608856,21.2841328413284,323.276752767528,239.180811808118,109.845018450184,273.051660516605,102.634686346863,673.0036900369,88.1660516605166,30.4059040590406,36.8782287822878,229.771217712177,100.535055350554,200.738007380074,101.19926199262,0.202381295498786,0.137685936490246
5520,83033,0,0,"LASP",30.7110692,-94.9336495,0,15,189.700980392157,72.9411764705882,103.769607843137,0.805242846666667,189.494505494505,132.120879120879,40.9120879120879,6706.45054945055,343.879120879121,24.981684981685,318.897435897436,231.47619047619,183.637362637363,271.424908424908,98.4468864468865,1239.30036630037,137.336996336996,79.3736263736264,16.1611721611722,355.25641025641,272.230769230769,291.842490842491,307.699633699634,0.138500470298899,0.0748194507387096
5520,83034,0,0,"LASP",30.5338929,-95.5021369,0,15,194.567708333333,86.5,97.0208333333333,0.782722706666667,194.276363636364,125.552727272727,39.0690909090909,6775.84363636364,347.8,30.4654545454545,317.334545454545,232.352727272727,156.098181818182,276.912727272727,101.789090909091,1161.56727272727,133.741818181818,74.4472727272727,18.3854545454545,337.345454545455,249.458181818182,267.247272727273,270.021818181818,0.149346411251887,0.0836126996167759
5520,83035,0,0,"LASP",30.7866757,-95.8024839,0,15,194.776041666667,90,90.25,0.754168646666667,195.14598540146,126.42700729927,38.7007299270073,6877.33941605839,352.788321167883,29.9343065693431,322.85401459854,232.967153284672,237.93795620438,279.390510948905,101.536496350365,1084.51094890511,126.558394160584,64.536496350365,19.7883211678832,317.565693430657,231.076642335766,232.799270072993,246.905109489051,0.156026724641964,0.0903314535802184
5520,83036,0,0,"LASP",30.7620487,-96.7199849,0,15,197.717592592593,115.555555555556,77.9166666666667,0.686716913333333,198.03663003663,124.051282051282,38.3663003663004,6861.70695970696,355.483516483516,35.9377289377289,319.545787545788,234.904761904762,273.260073260073,282.787545787546,106.358974358974,938.692307692308,122.245421245421,49.1941391941392,26.7106227106227,294.172161172161,186.267399267399,186.358974358974,201.959706959707,0.167648304193438,0.105343783016407
5520,83037,0,0,"LASP",30.5287897,-96.1971439,0,15,198.857843137255,88.8823529411765,86.0539215686274,0.699210146666667,198.660516605166,123.354243542435,38.2988929889299,6811.10332103321,355.033210332103,38.0110701107011,317.022140221402,233.523985239852,256.656826568266,282.553505535055,107.033210332103,1036.07749077491,125.667896678967,56.8745387453875,22.90036900369,310.011070110701,214.627306273063,215.30258302583,232.39852398524,0.154092971968203,0.0959132226647659
5520,83038,0,0,"LASP",30.6641337,-97.6927799,0,15,191.481481481481,252.055555555556,69.2685185185185,0.5865096,191.875457875458,125.032967032967,37.6007326007326,7104.68131868132,351.421245421245,22.7912087912088,328.630036630037,230.725274725275,108.831501831502,279.150183150183,96.4432234432234,833.047619047619,113.641025641026,42.8095238095238,30.8095238095238,277.798534798535,160.842490842491,181.494505494505,162.626373626374,0.160587321998128,0.111825900099699
5520,83039,0,0,"LASP",30.6618397,-97.6537479,0,15,192.367647058824,233.470588235294,69.7843137254902,0.587894606666667,192.246323529412,125.011029411765,37.5698529411765,7107.25367647059,351.860294117647,22.9522058823529,328.908088235294,231.110294117647,109.257352941176,279.455882352941,96.6029411764706,837.426470588235,113.764705882353,43.0036764705882,30.625,278.444852941176,162.658088235294,181.658088235294,164.386029411765,0.159967065844576,0.111301950502124
5520,83040,0,0,"LASP",30.2692557,-98.1279509,0,15,190.708333333333,326.4375,68.8489583333333,0.58715898,190.897058823529,128.908088235294,39.0147058823529,6918.87132352941,348.264705882353,21.8272058823529,326.4375,229.518382352941,105.676470588235,275.761029411765,97.9558823529412,826.830882352941,114,43.0772058823529,32.6764705882353,276.827205882353,149.772058823529,193.268382352941,150.886029411765,0.163052446637488,0.113274287710249
5520,83044,0,0,"LASP",31.2015816,-94.8143346,0,15,188.135416666667,84.9375,97.5885416666667,0.816379513333333,188.214022140221,131.826568265683,40.4243542435424,6862.38376383764,345.321033210332,23.3321033210332,321.988929889299,226.210332103321,268.89667896679,272.619926199262,95.8856088560886,1165.24723247232,127.243542435424,69.0258302583026,15.2435424354244,331.520295202952,252.741697416974,257.416974169742,294.372693726937,0.151597141301406,0.0803151038136074
5520,83046,0,0,"LASP",31.8055475,-95.8749629,0,15,189.269607843137,115.823529411765,85.9509803921569,0.77787488,189.36496350365,129.616788321168,38.0109489051095,7121.24452554744,354.116788321168,18.7226277372263,335.394160583942,224.036496350365,276.613138686131,277.138686131387,92.7664233576642,1034.55109489051,120.894160583942,52.3686131386861,21.7956204379562,310.456204379562,199.591240875912,199.788321167883,233.894160583942,0.166007950378341,0.0920219865041251
5520,83047,0,0,"LASP",31.5525947,-95.8497329,0,15,189.377777777778,108.2,86.8111111111111,0.774732373333333,189.258181818182,130.138181818182,38.1090909090909,7097.41818181818,353.269090909091,18.0436363636364,335.225454545455,223.283636363636,276.138181818182,276.363636363636,92.6836363636364,1042.57090909091,117.221818181818,55.0145454545455,19.9309090909091,306.912727272727,205.912727272727,206.010909090909,237.112727272727,0.163594801594699,0.0910123400741699
5520,83048,0,0,"LASP",31.3143036,-96.6110675,0,15,192.558823529412,134.235294117647,78.0637254901961,0.668820286666667,192.783088235294,128.963235294118,38.1139705882353,7100.01838235294,356.871323529412,22.8014705882353,334.069852941176,230.511029411765,271.569852941176,280.580882352941,97.3345588235294,934.547794117647,120.371323529412,50.0661764705882,25.3345588235294,288.202205882353,180.654411764706,180.731617647059,198.044117647059,0.160373737139096,0.101734703284819
5520,83049,0,0,"LASP",31.4304618,-96.5963949,0,15,191.19298245614,141.052631578947,78.3289473684211,0.664073626666667,191.48905109489,129.361313868613,37.963503649635,7165.51824817518,356.748175182482,20.5766423357664,336.171532846715,229.412408759124,270.576642335766,280.244525547445,95.3284671532847,938.35401459854,120.788321167883,49.4379562043796,25.2554744525547,290.211678832117,180.894160583942,180.967153284672,199.270072992701,0.157809195978107,0.100414319645046
5520,83050,0,0,"LASP",31.4977259,-97.5983327,0,15,186.489583333333,248.625,68.5677083333333,0.582839226666667,186.425454545455,129.509090909091,36.8945454545455,7490.80363636364,353.843636363636,7.94181818181818,345.901818181818,226.825454545455,87.5163636363636,278.938181818182,85.3709090909091,821.596363636364,111.592727272727,45.1745454545455,28.3127272727273,277.949090909091,152.429090909091,191.094545454545,152.767272727273,0.157236518816653,0.108588198283381
5520,83052,0,0,"LASP",31.1320902,-98.0448208,0,15,185.06862745098,344.529411764706,63.9607843137255,0.557497053333333,185.221014492754,130.847826086957,38.3586956521739,7222.63043478261,348.797101449275,12.3007246376812,336.496376811594,224.333333333333,96.4202898550725,274.989130434783,89.2282608695652,770.56884057971,109.253623188406,38.7934782608696,31.1485507246377,266.054347826087,136.271739130435,180.989130434783,138.800724637681,0.161470532779893,0.11445669185188
5520,83053,0,0,"LASP",31.4345362,-98.1724883,0,15,182.387254901961,377.058823529412,62.7647058823529,0.555826666666667,182.405109489051,134.832116788321,38.5985401459854,7324.94160583942,348.970802919708,4.37591240875912,344.594890510949,222.021897810219,86.2299270072993,273.29197080292,84.1970802919708,755.835766423358,104.788321167883,37.9744525547445,30.4051094890511,259.463503649635,129.083941605839,184.631386861314,129.507299270073,0.162191663662438,0.114435885680595
5520,83055,0,0,"LASP",31.5020577,-99.1642919,0,15,181.677083333333,463.0625,56.1302083333333,0.51157892,181.992805755396,145.345323741007,40.3129496402878,7433.61510791367,352.672661870504,-3.64028776978417,356.312949640288,224.669064748201,90.5611510791367,273.564748201439,81.6942446043166,672.428057553957,94.2446043165468,30.794964028777,35.9892086330935,232.323741007194,102.276978417266,183.363309352518,102.946043165468,0.167918326933863,0.124309808274058
5520,83056,0,0,"LASP",32.6077902,-94.701781,0,15,179.763888888889,108.666666666667,96.8518518518518,0.78931476,179.98916967509,128.787003610108,37.826714801444,7381.2238267148,343.263537906137,6.29602888086643,336.967509025271,197.801444043321,266.754512635379,271.916967509025,80.985559566787,1166.27075812274,120.898916967509,60.3212996389892,17.9675090252708,344.779783393502,226.595667870036,235.581227436823,287.581227436823,0.140160361108004,0.0752922174726919
5520,83057,0,0,"LASP",32.4388568,-94.1555047,0,15,180.598958333333,87.1875,101.75,0.804461413333333,180.649819494585,127.891696750903,38.5523465703971,7212.33935018051,340.675090252708,13.3104693140794,327.364620938628,220.530685920578,264.321299638989,270.696750902527,84.9638989169675,1219.53790613718,126.624548736462,67.3176895306859,15.4007220216607,347.768953068592,241.480144404332,259.310469314079,318.472924187726,0.135399346671408,0.0716466063597114
5520,83058,0,0,"LASP",32.1808084,-95.7430805,0,15,186.307291666667,135.4375,86.875,0.769883833333333,186.126353790614,129.021660649819,37.6462093862816,7267.38628158845,352.548736462094,13.9494584837545,338.599277978339,219.664259927798,274.902527075812,275.996389891697,87.7003610108303,1043.41877256318,126.075812274368,49.6353790613718,23.2888086642599,320.660649819495,197.451263537906,197.783393501805,236.888086642599,0.160555380738898,0.0892174350256449
5520,83059,0,0,"LASP",32.2334897,-95.5170809,0,15,184.485294117647,142.529411764706,88.6764705882353,0.777770646666667,184.689285714286,128.546428571429,37.6857142857143,7261.19642857143,349.914285714286,12.5535714285714,337.360714285714,210.532142857143,272.214285714286,274.457142857143,86.2535714285714,1066.18928571429,125.264285714286,50.425,22.0107142857143,324.660714285714,203.5,204.446428571429,245.646428571429,0.157675340250794,0.0865723045897171
5520,83060,0,0,"LASP",32.5698812,-96.1349747,0,15,180.87037037037,139.055555555556,84.9166666666667,0.687012926666667,181.108303249097,127.909747292419,35.85559566787,7752.97833935018,353.476534296029,1.84476534296029,351.631768953069,221.458483754513,259.826714801444,277.29963898917,76.5234657039711,1016.50541516245,131.241877256318,47.5487364620939,26.0397111913357,324.628158844765,194.794223826715,195.516245487365,217.530685920578,0.142684465939884,0.0865619197112305
5520,83061,0,0,"LASP",32.7295462,-96.8055652,0,15,184.049019607843,166.411764705882,77.4264705882353,0.603296193333333,184.175,123.392857142857,34.7928571428571,7878.61428571429,353.9,4.61428571428571,349.285714285714,225.739285714286,110.6,282.714285714286,79.0357142857143,925.728571428571,131.2,47.8892857142857,30.3357142857143,314.639285714286,170.7,192.828571428571,172.196428571429,0.141579941882771,0.0954059337369954
5520,83062,0,0,"LASP",32.2930094,-97.8146904,0,15,181.697916666667,285.1875,67.59375,0.595586173333333,181.582142857143,138.210714285714,38.1071428571429,7658.73928571429,356,-1.99642857142857,357.996428571429,223.585714285714,88.1357142857143,276.971428571429,78.8821428571429,810.189285714286,120.142857142857,42.3321428571429,32.7964285714286,285.935714285714,137.142857142857,190.853571428571,138.425,0.159236538969159,0.107111307361577
5520,83063,0,0,"LASP",32.6900934,-97.7298261,0,15,180.656862745098,277.117647058824,68.0539215686274,0.599112386666667,180.640569395018,133.544483985765,36.8291814946619,7846.59074733096,355.302491103203,-2.45195729537367,357.754448398577,223.124555160142,82.9110320284697,279,76.355871886121,817.462633451957,117.199288256228,41.3523131672598,31.864768683274,284.053380782918,135.775800711744,194.135231316726,136.288256227758,0.157890957860496,0.105564290108081
5520,83065,0,0,"LASP",32.9898499,-98.389974,0,15,177.083333333333,345.176470588235,64.2892156862745,0.571855073333333,177.028776978417,140.305755395683,37.3237410071942,8053.35251798561,355.859712230216,-15.4424460431655,371.302158273381,221.208633093525,69.2446043165468,277.81654676259,69.1546762589928,773.057553956835,110.910071942446,35.2374100719424,34.8561151079137,267.438848920863,116.485611510791,194.107913669065,116.485611510791,0.15792157811044,0.108070571936249
5520,83066,0,0,"LASP",32.2195028,-99.2729117,0,15,176.794117647059,527.764705882353,57.0833333333333,0.53878168,176.735507246377,137.775362318841,38.3659420289855,7648.1231884058,347.496376811594,-6.84782608695652,354.344202898551,220.340579710145,74.1630434782609,271.565217391304,73.9311594202899,683.826086956522,91.6739130434783,29.3913043478261,36.8514492753623,235.590579710145,99.3695652173913,191.891304347826,99.3695652173913,0.170044601995422,0.120659160037246
5520,83067,0,0,"LASP",32.8297577,-99.1330879,0,15,176.430555555556,420.166666666667,57.9212962962963,0.510365193333333,176.55,142.567857142857,38.1214285714286,8015.49642857143,354.789285714286,-14.4321428571429,369.221428571429,221.742857142857,71.6821428571429,276.25,68.8821428571429,693.45,94.8821428571429,30.1285714285714,36.8892857142857,236.992857142857,101.060714285714,186.978571428571,101.196428571429,0.158505200760059,0.116250272282574
5520,83068,0,0,"LASP",33.3601066,-94.7471681,0,15,173.5,110.333333333333,100.083333333333,0.80161594,173.496402877698,132.428057553957,37.1798561151079,7718.48561151079,343.255395683453,-7.20503597122302,350.460431654676,173.111510791367,253.467625899281,269.446043165468,69.8093525179856,1201.32014388489,128.91726618705,64.7230215827338,18.0323741007194,356.996402877698,248.928057553957,256.503597122302,269.920863309353,0.133083704211612,0.0694455025760625
5520,83069,0,0,"LASP",33.5678857,-94.5044339,0,15,170.912037037037,109.055555555556,103.217592592593,0.793400973333333,171.185714285714,131.789285714286,37.0607142857143,7746.27857142857,340.225,-9.56428571428571,349.789285714286,171,232.967857142857,267.439285714286,66.9857142857143,1235.425,135.928571428571,69.575,17.7571428571429,369.242857142857,261.964285714286,269.692857142857,274.896428571429,0.125184085540133,0.0657445548482077
5520,83070,0,0,"LASP",33.0520824,-95.8107075,0,15,173.661764705882,151.294117647059,90.7941176470588,0.70890376,173.325,128.903571428571,35.6571428571429,7908.50714285714,347.371428571429,-8.59642857142857,355.967857142857,201.917857142857,185.035714285714,271.753571428571,66.8642857142857,1089.85357142857,138.685714285714,52.7607142857143,24.6678571428571,344.885714285714,216.139285714286,221.117857142857,224.792857142857,0.13131635001065,0.0764759105901344
5520,83071,0,0,"LASP",33.2195339,-95.4858724,0,15,172.671875,140.5,93.5416666666667,0.752866666666667,172.525179856115,130.564748201439,36.0827338129496,7899.56115107914,346.158273381295,-10.3776978417266,356.535971223022,178.647482014388,193.122302158273,270.848920863309,66.2086330935252,1123.57194244604,135.017985611511,55.7841726618705,22.4280575539568,346.320143884892,227.402877697842,231.928057553957,235.615107913669,0.134486475220224,0.074139137844611
5520,83073,0,0,"LASP",33.3662147,-96.0667719,0,15,171.264705882353,180.823529411765,90.2990196078431,0.669985726666667,171.189285714286,126.460714285714,35.0071428571429,8001.06428571429,344.671428571429,-11.0857142857143,355.757142857143,210.067857142857,67.5357142857143,271.010714285714,63.8714285714286,1084.25357142857,145.696428571429,54.125,27.1464285714286,350.196428571429,206.392857142857,230.692857142857,206.414285714286,0.123856290810483,0.0753683024702025
5520,83076,0,0,"LASP",33.3624717,-98.9245219,0,15,175.274509803922,376.705882352941,59.328431372549,0.51252676,175.346570397112,144.465703971119,37.2346570397112,8262.39711191336,360.018050541516,-21.6787003610108,381.696750902527,220.646209386282,70.7400722021661,278.801444043321,64.4909747292419,712.386281588448,104.693140794224,27.0613718411552,41.2057761732852,249.126353790614,98.129963898917,186.364620938628,98.4837545126354,0.153812922054485,0.112310956717926
5520,83077,0,0,"LASP",33.6772857,-98.2913439,0,15,175.625,306.055555555556,64.2314814814815,0.55487714,175.555160142349,140.106761565836,36.3594306049822,8295.69395017794,360.622775800712,-19.3665480427046,379.989323843416,220.188612099644,64.7580071174377,279.779359430605,64.7580071174377,769.829181494662,114.708185053381,30.7153024911032,38.5409252669039,270.035587188612,111.213523131673,193.138790035587,111.213523131673,0.152408299442842,0.106051409165929
5520,83078,0,0,"LASP",33.9054886,-99.1899265,0,15,170.656862745098,372.176470588235,55.9362745098039,0.47381286,171.056338028169,147.573943661972,36.830985915493,8627.65492957746,363.725352112676,-31.6091549295775,395.334507042254,218.672535211268,62.1514084507042,279.915492957746,56.2359154929577,672.06338028169,100.612676056338,23.8732394366197,43.1478873239437,237.616197183099,85.7605633802817,187.542253521127,85.9295774647887,0.148245130896492,0.112124858560149
5520,83079,0,0,"LASP",33.3930667,-99.6677319,0,15,175.359375,453.375,53.65625,0.430625706666667,175.158844765343,149.660649819495,38.4945848375451,8248.95306859206,362.570397111913,-21.898916967509,384.469314079422,227.28880866426,75.913357400722,278.84476534296,65.3574007220217,644.090252707581,93.5920577617328,22.5920577617329,43.6931407942238,222.992779783394,81.4043321299639,188.678700361011,82.1263537906137,0.148316074689632,0.119136359297976
5520,83080,0,0,"LASP",28.4898387,-100.0861959,0,15,218.192708333333,213.125,44.1145833333333,0.435050253333333,218.344696969697,134.128787878788,41.3636363636364,6619.01136363636,370.57196969697,49.905303030303,320.666666666667,265.17803030303,138.166666666667,297.462121212121,127.348484848485,528.712121212121,82.2234848484848,18.2954545454545,49.9128787878788,199.340909090909,64.4659090909091,155.094696969697,67.0643939393939,0.19914715665239,0.171644160820529
5520,83081,0,0,"LASP",29.9214837,-101.2407759,0,15,198.34649122807,527.736842105263,36.1359649122807,0.35668922,199.175182481752,142.70802919708,41.5912408759124,7090.79197080292,353.514598540146,14.1277372262774,339.386861313869,249.952554744526,111.543795620438,284.102189781022,102.368613138686,431.624087591241,77.1058394160584,11.8759124087591,52.1496350364963,178.244525547445,45.3102189781022,131.613138686131,49.5766423357664,0.189019751282385,0.171023275598803
5520,83082,0,0,"LASP",29.1904253,-103.0065204,0,15,198.739583333333,951.5,25.1354166666667,0.249362786666667,197.088888888889,152.188888888889,45.8740740740741,6449.71111111111,348.577777777778,19.3222222222222,329.255555555556,267.207407407407,126.755555555556,273.011111111111,108.496296296296,309.992592592593,52.7148148148148,7.33333333333333,63.5296296296296,144.351851851852,27.9777777777778,137.42962962963,30.6296296296296,0.194991293407282,0.197235859565579
5520,83083,0,0,"LASP",29.4492397,-102.8239829,0,15,196.113095238095,922.071428571429,26.5952380952381,0.26602408,195.940520446097,153.836431226766,46.0185873605948,6527.94423791822,347.092936802974,15.7472118959108,331.345724907063,263.710037174721,125.479553903346,273.167286245353,106.553903345725,320.100371747212,53.5390334572491,7.23791821561338,61.9776951672862,143.297397769517,28.6171003717472,134.524163568773,31.3828996282528,0.195553656758611,0.193804572450961
5520,83084,0,0,"LASP",29.9668217,-104.2291029,0,15,171.142156862745,1358.23529411765,27.0147058823529,0.264320293333333,172.514925373134,171.455223880597,48.3320895522388,6616.49626865672,340.634328358209,-10.7388059701493,351.373134328358,243.022388059701,102.537313432836,253.287313432836,84.2611940298507,322.809701492537,61.9216417910448,5.66044776119403,78.3470149253731,178.391791044776,22.5820895522388,161.667910447761,26.8097014925373,0.186928992935142,0.178344043185623
5520,83085,0,0,"LASP",31.1844187,-100.9172129,0,15,178.182291666667,738.9375,43.59375,0.398356666666667,178.139705882353,153.055147058824,42.5808823529412,7265.9375,346.341911764706,-9.61029411764706,355.952205882353,228.522058823529,85.4117647058823,267.573529411765,80.1544117647059,522.375,83.0367647058823,17.9044117647059,45.7316176470588,196.238970588235,66.0110294117647,155.540441176471,66.2132352941177,0.171138366560113,0.142754454549893
5520,83086,0,0,"LASP",31.2059844,-101.9691922,0,15,181.053921568627,808,33.4460784313725,0.345225606666667,181.436363636364,153.065454545455,42.1418181818182,7455.82909090909,348.745454545455,-9.53454545454546,358.28,233.101818181818,98.88,273.316363636364,81.2545454545455,397.214545454545,71.5927272727273,12.2072727272727,53.5309090909091,163.709090909091,43.1236363636364,124.112727272727,44.4654545454545,0.185222113833483,0.164004787543376
5520,83087,0,0,"LASP",30.1465918,-102.4086864,0,15,184.692708333333,875.4375,29.6927083333333,0.286858813333333,185.633333333333,154.474074074074,44.5740740740741,6995.47037037037,340.988888888889,-1.78518518518519,342.774074074074,236.411111111111,110.240740740741,269.92962962963,90.5666666666667,353.837037037037,64.7037037037037,8.88518518518518,57.9,153.603703703704,32.462962962963,124.47037037037,35.3740740740741,0.183879538237176,0.175160611072895
5520,83088,0,0,"LASP",30.2861238,-103.4483656,0,15,162.03431372549,1368.88235294118,32.5490196078431,0.313424513333333,162.57299270073,167.839416058394,49.4489051094891,6306.64598540146,322.905109489051,-13.4233576642336,336.328467153285,230.817518248175,94.036496350365,240.51094890511,79.1459854014599,389.86496350365,69.3941605839416,8.38321167883212,67.7262773722628,192.675182481752,31.1021897810219,174.503649635037,36.3102189781022,0.178803644732848,0.159001937168651
5520,83089,0,0,"LASP",30.8931957,-104.2386249,0,15,158.978070175439,1430.05263157895,27.8508771929825,0.300202926666667,158.445255474453,164.540145985401,47.2226277372263,6666.32481751825,326.715328467153,-18.3248175182482,345.040145985401,230.697080291971,109.613138686131,241.952554744526,70.7372262773723,335.770072992701,62.5036496350365,7.62773722627737,71.470802919708,175.069343065693,26.3102189781022,158.343065693431,32.6459854014599,0.183558367314493,0.163776270206466
5520,83090,0,0,"LASP",31.840983,-104.199257,0,15,172.902777777778,1063.88888888889,24.2824074074074,0.247831846666667,173.624548736462,166.57761732852,45.2382671480144,7324.2202166065,350.458483754513,-13.6678700361011,364.126353790614,254.71119133574,107.4440433213,266.252707581227,77.898916967509,293.400722021661,58.4548736462094,6.74729241877256,67.5523465703971,142.447653429603,25.1552346570397,125.324909747292,30.1913357400722,0.180100584166279,0.174851407713138
5520,83091,0,0,"LASP",31.7612467,-105.3687429,0,15,159.421568627451,1317.05882352941,20.0049019607843,0.222672646666667,159.355311355311,178.695970695971,47.0622710622711,7337.67765567766,345.32967032967,-30.2564102564103,375.586080586081,241.736263736264,116.336996336996,253.150183150183,64.5274725274725,240.128205128205,47.007326007326,4.57142857142857,73.2124542124542,129.56043956044,17.4615384615385,115.164835164835,26.8827838827839,0.178569990159886,0.173267512817731
5520,83093,0,0,"LASP",32.6620464,-101.9652575,0,15,166.476851851852,884.833333333333,37.8148148148148,0.33854348,166.428571428571,157.417857142857,41.7678571428571,7760.91071428571,344.921428571429,-27.2928571428571,372.214285714286,252.057142857143,63.1035714285714,263.221428571429,63.1035714285714,452.942857142857,72.6428571428571,13.375,54.6535714285714,181.185714285714,43.4428571428571,167.171428571429,43.4428571428571,0.163182610432077,0.142215328744171
5520,83094,0,0,"LASP",33.3441307,-102.9569019,0,15,145.148148148148,1157.27777777778,36.4722222222222,0.368422853333333,144.88256227758,173.448398576512,44.6725978647687,7718.06049822064,329.220640569395,-54.8825622775801,384.103202846975,233.715302491103,55.7224199288256,242.29537366548,43.1316725978648,437.672597864769,70.0889679715303,9.51601423487545,62.4982206405694,198.259786476868,37.8683274021352,195.523131672598,38.0640569395018,0.16302945755178,0.131337167291502
5520,83095,0,0,"LASP",34.9337877,-100.8301009,0,15,150.481481481481,790.277777777778,44.8333333333333,0.486116186666667,150.197879858657,155.579505300353,38.5194346289753,8471.72791519435,346.745583038869,-51.3038869257951,398.049469964664,236.780918727915,38.4664310954064,257.681978798587,38.4664310954064,539.519434628975,89.9752650176679,12.5017667844523,55.7137809187279,226.650176678445,46.2791519434629,211.318021201413,46.2791519434629,0.16779414542586,0.119044672105827
5520,83096,0,0,"LASP",34.4180504,-100.1916929,0,15,165.220588235294,543.294117647059,46.0686274509804,0.46012952,165.332167832168,151.437062937063,37.9090909090909,8554.65034965035,360.174825174825,-34.9825174825175,395.157342657343,242.244755244755,52.8041958041958,274.213286713287,52.8041958041958,551.741258741259,87.3636363636364,15.1398601398601,51.3461538461538,216.594405594406,54.3531468531469,187.13986013986,54.3531468531469,0.164877213189794,0.124413610077641
5520,83097,0,0,"LASP",34.2015977,-102.2361909,0,15,140.476851851852,1110.77777777778,38.4212962962963,0.52181972,140.409090909091,163.562937062937,42.0174825174825,7982.16083916084,328,-56.8111888111888,384.811188811189,241.818181818182,36.7237762237762,241.937062937063,36.1258741258741,461.283216783217,78.7342657342657,11.2132867132867,60.9615384615385,205.325174825175,38.8846153846154,205.325174825175,38.9020979020979,0.192260390639161,0.128076560416391
5520,83098,0,0,"LASP",26.5333227,-97.7044919,0,15,226.005208333333,13.0625,54.9375,0.54582798,226.17695473251,104.40329218107,40.0864197530864,5263.71604938272,343.279835390947,86.6543209876543,256.625514403292,266.493827160494,183.078189300412,286.646090534979,151.827160493827,658.946502057613,131.390946502058,18.8024691358025,52.7489711934156,260.497942386831,92.5102880658436,183.337448559671,107.267489711934,0.205001562736789,0.159118135559398
5520,83099,0,0,"LASP",31.5280023,-106.1128934,0,15,167.558823529412,1256,19.4460784313725,0.2464262,167.527272727273,178.072727272727,46.4218181818182,7594.01818181818,356.341818181818,-23.0981818181818,379.44,253.334545454545,156.563636363636,264.24,69.8254545454545,233.48,48.4072727272727,3.37454545454545,76.1490909090909,132.792727272727,18.1854545454545,112.381818181818,31.3854545454545,0.191401441778304,0.183101314203316
5520,83100,0,0,"LASP",35.7506355,-102.249269,0,15,134.8625,1115.25,37.2666666666667,0.49421422,135.086805555556,162.649305555556,40.3090277777778,8426.19444444445,332.958333333333,-65.5416666666667,398.5,240.503472222222,27.0555555555556,244.361111111111,27.0555555555556,447.048611111111,70.3020833333333,10.7222222222222,60.2916666666667,203.142361111111,35.5798611111111,202.875,35.5798611111111,0.183009826522054,0.124331315257666
5520,83101,0,0,"LASP",35.2063557,-101.5785679,0,15,140.925925925926,1042.5,42.1203703703704,0.445453153333333,140.923344947735,156.672473867596,39.602787456446,8310.55052264808,333.006968641115,-57.3170731707317,390.324041811847,244.871080139373,32.8292682926829,246.919860627178,32.7073170731707,506.076655052265,88.6933797909408,12.1080139372822,59.8397212543554,226.278745644599,41.2299651567944,226.146341463415,41.2299651567944,0.16331141931994,0.119344598313012
5520,83102,0,0,"LASP",36.3795334,-103.0224928,0,15,121.935185185185,1424.94444444444,32.8009259259259,0.47834054,121.887755102041,165.421768707483,41.3809523809524,8183.23129251701,320.673469387755,-73.6530612244898,394.326530612245,228.56462585034,18.1836734693878,228.56462585034,18.1836734693878,394.380952380952,69.8061224489796,7.35034013605442,67.7074829931973,188.187074829932,24.8503401360544,188.187074829932,24.8503401360544,0.186435966068013,0.125555025161784
5520,83103,0,0,"LASP",36.2853161,-101.0402636,0,15,138.416666666667,915.058823529412,41.0343137254902,0.466069873333333,138.72852233677,161.058419243986,38.4329896907216,8875.49140893471,344.560137457045,-69.085910652921,413.646048109966,229.103092783505,23.0652920962199,252.089347079038,23.0652920962199,494.680412371134,78.573883161512,10.6288659793814,56.8247422680412,220.563573883162,40.6529209621993,207.302405498282,40.6529209621993,0.164801701872523,0.116671231412599
5520,83104,0,0,"LASP",36.4631119,-100.4408384,0,15,137.208333333333,807.833333333333,44.6574074074074,0.461584926666667,137.136518771331,157.20819112628,37.0170648464164,9122.87372013652,344.501706484642,-74.1365187713311,418.638225255973,229.402730375427,17.8873720136519,253.484641638225,17.8873720136519,534.508532423208,85.9112627986348,11.3651877133106,54.1911262798635,229.368600682594,47,212.286689419795,47,0.153016580329134,0.108668274200064
5520,83105,0,0,"LASP",35.7036488,-100.9324384,0,15,142.856481481481,902.444444444444,44.125,0.464177166666667,142.875432525952,154.401384083045,38.3148788927336,8611.24567474048,340.896193771626,-57.7024221453287,398.598615916955,230.56401384083,30.3667820069204,252.519031141869,30.3667820069204,528.491349480969,85.3806228373702,11.5432525951557,54.7785467128028,225.622837370242,45.4878892733564,213.22491349481,45.4878892733564,0.161640218463532,0.115954804062967
5520,83106,0,0,"LASP",34.0502491,-101.3253641,0,15,149.823529411765,946.529411764706,43.3823529411765,0.45160412,149.259786476868,151.88256227758,39.3950177935943,8147.36298932384,335.298932384342,-46.2384341637011,381.537366548043,233.914590747331,42.0391459074733,252.555160142349,42.0391459074733,520.156583629893,87.4839857651246,11.6049822064057,56.982206405694,213.754448398576,44.9181494661922,210.601423487544,44.9181494661922,0.166466883915631,0.122915875870344
5520,83107,0,0,"LASP",33.9321437,-100.0782169,0,15,167.09649122807,518.315789473684,49.2105263157895,0.453157486666667,167.246428571429,151.882142857143,37.9321428571429,8548.56071428571,361.264285714286,-34.0714285714286,395.335714285714,252.607142857143,54.9178571428571,275.328571428571,53.9142857142857,592.185714285714,87.8178571428571,19.4785714285714,47.6142857142857,216.410714285714,66.9357142857143,189.564285714286,66.9357142857143,0.1573324920312,0.12052030191893
5520,83108,0,0,"LASP",32.1286341,-102.8346237,0,15,172.189814814815,968.222222222222,30.0462962962963,0.31813148,172.468085106383,161.379432624113,43.3900709219858,7537.00709219858,347.13829787234,-20.7695035460993,367.90780141844,256.067375886525,80.0992907801418,266.528368794326,72.613475177305,358.127659574468,62.0709219858156,8.71276595744681,57.5460992907801,155.166666666667,33.5177304964539,137.599290780142,33.5496453900709,0.182384861812031,0.16350261204516
5520,83109,0,0,"LASP",32.8875543,-100.6269467,0,15,172.642156862745,644.588235294118,48.1176470588235,0.443769486666667,172.146953405018,149.777777777778,39.8243727598566,7944.25448028674,352.458781362007,-20.2939068100358,372.752688172043,236.924731182796,67.1648745519713,271.652329749104,66.3799283154122,573.290322580645,87.1863799283154,18.9641577060932,48.5913978494624,208.143369175627,65.3799283154122,184.376344086022,65.3799283154122,0.165691455762317,0.129681840440046
5520,83110,0,0,"LASP",31.6654617,-103.0187229,0,15,178.800925925926,844.333333333333,25.6111111111111,0.300599986666667,178.688405797101,170.503623188406,44.304347826087,7739.33333333333,358.282608695652,-22.2898550724638,380.572463768116,259.978260869565,95.8442028985507,275.221014492754,76,308.79347826087,57.4311594202899,7.88768115942029,57.9347826086956,133,30.4202898550725,112.684782608696,31.8405797101449,0.188748849515958,0.173875945896099
5520,83111,0,0,"LASP",31.0629737,-102.3888389,0,15,185.962962962963,809.777777777778,29.6898148148148,0.313497106666667,186.309090909091,156.996363636364,43.1709090909091,7412.09090909091,354.225454545455,-4.98181818181818,359.207272727273,237.370909090909,106.774545454545,277.985454545455,87.1890909090909,354.923636363636,66.68,10.2872727272727,56.1054545454545,152.167272727273,36.0872727272727,113.323636363636,39.1636363636364,0.189249470982251,0.174888899036246
5520,83112,0,0,"LASP",30.8738668,-101.6559194,0,15,179.973958333333,777.25,36.2395833333333,0.37193804,179.956204379562,151.529197080292,42.0693430656934,7382.50364963504,344.675182481752,-10.7737226277372,355.448905109489,231.080291970803,87.9744525547445,270.032846715328,79.8065693430657,431.580291970803,75.4124087591241,13.3503649635036,50.8978102189781,175.361313868613,48.456204379562,130.591240875912,48.7153284671533,0.183533665769132,0.157439072306591
5520,83113,0,0,"LASP",30.7062893,-100.8487982,0,15,180.979166666667,713.8125,43.9270833333333,0.391048093333333,180.816176470588,152.415441176471,42.7205882352941,7118.95588235294,346.055147058824,-6.47794117647059,352.533088235294,230.253676470588,91.6985294117647,267.558823529412,84.1066176470588,531.025735294118,81.7536764705882,18.1580882352941,44.4705882352941,201.338235294118,65.7389705882353,161.036764705882,66.0735294117647,0.169350346102801,0.143343812571315
5520,83114,0,0,"LASP",29.6237867,-100.4213549,0,15,193.768518518519,515.111111111111,48.9490740740741,0.511196186666667,194.076923076923,138.417582417582,41.5384615384615,6755.81318681319,346.007326007326,17.043956043956,328.96336996337,242.659340659341,105.81684981685,274.74358974359,101.384615384615,586.498168498169,77.8937728937729,20.1978021978022,43.1428571428571,207.399267399267,71.5311355311355,186.062271062271,72.6483516483516,0.195761063612034,0.148097498810411
5520,83118,0,0,"LASP",28.1788677,-99.778572,0,15,221.014705882353,196.176470588235,44.4362745098039,0.42812188,221.164794007491,136.2734082397,42.2134831460674,6530.06367041199,374.988764044944,55.7303370786517,319.258426966292,268.573033707865,148.303370786517,300.003745318352,132,532.89138576779,85.3520599250936,20.3932584269663,48.250936329588,202.397003745318,70.9213483146067,148.543071161049,72.434456928839,0.198516108873717,0.173455104009525
5520,83135,0,0,"LASP",30.7848996,-95.8000355,0,15,194.602941176471,88.1764705882353,90.3872549019608,0.75426666,195.149635036496,126.408759124088,38.7007299270073,6876.5401459854,352.759124087591,29.9598540145985,322.799270072993,232.970802919708,237.478102189781,279.383211678832,101.547445255474,1084.96350364963,126.620437956204,64.5912408759124,19.7846715328467,317.693430656934,231.211678832117,232.996350364963,247.043795620438,0.155929394939492,0.0902642440452941
5520,83136,0,0,"LASP",30.7618885,-96.7200416,0,15,197.717592592593,115.555555555556,77.9166666666667,0.686716913333333,198.03663003663,124.051282051282,38.3663003663004,6861.70695970696,355.483516483516,35.9377289377289,319.545787545788,234.904761904762,273.260073260073,282.787545787546,106.358974358974,938.692307692308,122.245421245421,49.1941391941392,26.7106227106227,294.172161172161,186.267399267399,186.358974358974,201.959706959707,0.167648304193438,0.105343783016407
5520,83137,0,0,"LASP",30.5287857,-96.1971449,0,15,198.857843137255,88.8823529411765,86.0539215686274,0.699210146666667,198.660516605166,123.354243542435,38.2988929889299,6811.10332103321,355.033210332103,38.0110701107011,317.022140221402,233.523985239852,256.656826568266,282.553505535055,107.033210332103,1036.07749077491,125.667896678967,56.8745387453875,22.90036900369,310.011070110701,214.627306273063,215.30258302583,232.39852398524,0.154092971968203,0.0959132226647659
5520,83139,0,0,"LASP",30.6915827,-97.5857079,0,15,192.614583333333,222.5,70.3645833333333,0.5902505,192.555147058824,125.143382352941,37.4963235294118,7126.41544117647,352.569852941176,22.5588235294118,330.011029411765,231.533088235294,110.529411764706,279.860294117647,96.4117647058823,843.514705882353,114.014705882353,43.3345588235294,30.2794117647059,279.386029411765,165.327205882353,181.577205882353,166.966911764706,0.159449540801313,0.110726928217452
5520,83141,0,0,"LASP",30.341063,-97.557639,0,15,196.619791666667,193.6875,70.6145833333333,0.626943073333333,196.616236162362,124.70110701107,38.0848708487085,6945.34317343173,353.782287822878,29.9594095940959,323.822878228782,234.966789667897,118.162361623616,281.527675276753,102.889298892989,850.051660516605,114.424354243542,41.7859778597786,31.6494464944649,280.428044280443,164.232472324723,184.992619926199,167.690036900369,0.169554197316155,0.113694728870451
5520,83147,0,0,"LASP",31.8546877,-95.9711149,0,15,189.230392156863,115.117647058824,85.5294117647059,0.757380466666667,189.236363636364,129.901818181818,37.9563636363636,7161.12,354.847272727273,18.1490909090909,336.698181818182,224.174545454545,277.410909090909,277.727272727273,92.3781818181818,1023.17090909091,122.061818181818,51.3236363636364,22.7236363636364,309.589090909091,195.327272727273,195.461818181818,230.16,0.162941562212,0.0924944607465311
5520,83149,0,0,"LASP",31.4304618,-96.5963949,0,15,191.19298245614,141.052631578947,78.3289473684211,0.664073626666667,191.48905109489,129.361313868613,37.963503649635,7165.51824817518,356.748175182482,20.5766423357664,336.171532846715,229.412408759124,270.576642335766,280.244525547445,95.3284671532847,938.35401459854,120.788321167883,49.4379562043796,25.2554744525547,290.211678832117,180.894160583942,180.967153284672,199.270072992701,0.157809195978107,0.100414319645046
5520,83159,0,0,"LASP",32.2333023,-95.5174446,0,15,184.485294117647,142.529411764706,88.6764705882353,0.77778332,184.689285714286,128.546428571429,37.6857142857143,7261.19642857143,349.914285714286,12.5535714285714,337.360714285714,210.532142857143,272.214285714286,274.457142857143,86.2535714285714,1066.18928571429,125.264285714286,50.425,22.0107142857143,324.660714285714,203.5,204.446428571429,245.646428571429,0.157678253756381,0.0865725839225746
5520,83179,0,0,"LASP",33.3645608,-99.6563415,0,15,175.578703703704,452.333333333333,54.0462962962963,0.43460234,175.451612903226,149.293906810036,38.5161290322581,8226.8064516129,362.297491039427,-21.0179211469534,383.31541218638,226.695340501792,77.0143369175627,278.84229390681,65.9462365591398,644.673835125448,93.573476702509,22.6523297491039,43.5268817204301,223.05017921147,81.8888888888889,188.512544802867,82.6523297491039,0.149288587092895,0.119410417553976
5520,83184,0,0,"LASP",30.0400667,-104.0259486,0,15,167.791666666667,1386,27.7708333333333,0.273215233333333,166.881481481481,170.462962962963,48.8222222222222,6454.97037037037,332.566666666667,-13.262962962963,345.82962962963,235.762962962963,96.1666666666667,245.922222222222,80.9074074074074,333.151851851852,60.8,6.14814814814815,75.1962962962963,178.188888888889,24.337037037037,164.407407407407,28.6962962962963,0.183161479479423,0.171338745692458
5520,83189,0,0,"LASP",30.93882,-104.15497,0,15,160.041666666667,1399,28.1145833333333,0.306500013333333,160.116788321168,165.660583941606,47.4014598540146,6688.16788321168,328.905109489051,-17.1605839416058,346.065693430657,232.784671532847,107.496350364964,244.036496350365,72.3394160583942,336.51094890511,62.4379562043796,7.79197080291971,69.6350364963504,172.558394160584,27.456204379562,155.288321167883,33.4598540145985,0.185594514704255,0.164874051884901
5520,83209,0,0,"LASP",27.9766671,-99.266437,0,15,221.421875,153.8125,44.4166666666667,0.48092388,221.800766283525,138.95785440613,43.0114942528736,6451.01149425287,374.505747126437,55.4827586206897,319.022988505747,268.318007662835,151.268199233716,299.080459770115,132.988505747126,529.704980842912,88.0689655172414,21.4022988505747,46.7394636015326,201.590038314176,72.823754789272,146.04214559387,75.4291187739464,0.213302591245949,0.175559096245648
5520,83210,0,0,"LASP",31.6980699,-103.1789988,0,15,179.333333333333,842.764705882353,24.9313725490196,0.284630946666667,179.065693430657,172.682481751825,44.7956204379562,7725.51459854015,359.916058394161,-21.3467153284672,381.262773722628,263.57299270073,97.0547445255474,275.784671532847,77.1678832116788,300.543795620438,56.0875912408759,7.73722627737226,59.1824817518248,132.529197080292,29.1350364963504,113.64598540146,30.5547445255474,0.186380969285068,0.174934506912988
5520,83214,0,0,"LASP",28.781686,-97.2202749,0,15,211.666666666667,55.5294117647059,73.9558823529412,0.663579406666667,212.176029962547,119.842696629213,40.4531835205993,6009.20224719101,349.318352059925,56.8464419475655,292.47191011236,256.191011235955,143.610486891386,283.887640449438,129.333333333333,889.370786516854,128.003745318352,40.8052434456929,34.4644194756554,296.134831460674,147.737827715356,236.426966292135,157.250936329588,0.180902151365515,0.12027572827225
5520,83237,0,0,"LASP",30.5287787,-96.1971289,0,15,198.857843137255,88.8823529411765,86.0539215686274,0.699210146666667,198.660516605166,123.354243542435,38.2988929889299,6811.10332103321,355.033210332103,38.0110701107011,317.022140221402,233.523985239852,256.656826568266,282.553505535055,107.033210332103,1036.07749077491,125.667896678967,56.8745387453875,22.90036900369,310.011070110701,214.627306273063,215.30258302583,232.39852398524,0.154092971968203,0.0959132226647659
5520,83238,0,0,"LASP",30.5177317,-97.8400639,0,15,192.3125,267,68.8541666666667,0.586897613333333,192.269372693727,125.675276752768,38.0147601476015,7037.35055350553,350.619926199262,23.830258302583,326.789667896679,231.036900369004,109.79704797048,278.749077490775,97.9520295202952,823.785977859779,113.549815498155,42.3616236162362,31.7675276752768,275.767527675277,156.036900369004,182.881918819188,157.690036900369,0.162958224442002,0.113482068741006
5520,83302,0,0,"LASP",27.3477527,-97.695112,0,15,223.578431372549,14.1764705882353,57.0882352941176,0.543173933333333,223.573076923077,106.569230769231,39.7346153846154,5533.15384615385,345.280769230769,80.7269230769231,264.553846153846,266.357692307692,162.865384615385,288.307692307692,146.646153846154,686.342307692308,125.115384615385,20.9923076923077,48.7230769230769,273.492307692308,101.530769230769,197.192307692308,111.815384615385,0.196405407580578,0.152326820311734
5520,83303,0,0,"LASP",27.2961057,-98.5051649,0,15,220.966666666667,138.4,49.1777777777778,0.502585573333333,221.367424242424,132.193181818182,43.780303030303,5910.60606060606,362.708333333333,63.1704545454545,299.537878787879,264.606060606061,154.064393939394,290.306818181818,138.537878787879,589.901515151515,108.943181818182,19.780303030303,50.5075757575758,222.041666666667,83.5454545454545,169.871212121212,90.3787878787879,0.206243259286888,0.166079320276504
5520,83304,0,0,"LASP",27.7100642,-99.72838,0,15,226.607843137255,187.470588235294,39.6372549019608,0.41894168,226.580524344569,135.516853932584,42.3820224719101,6433.24719101124,377.49063670412,61.7003745318352,315.790262172285,273.895131086142,156.835205992509,303.408239700375,138.554307116105,478.779026217228,90.1760299625468,15.6704119850187,54.2209737827715,193.056179775281,58.5917602996255,131.988764044944,61.8239700374532,0.211748060225846,0.188091570874638
5520,83305,0,0,"LASP",28.7496887,-95.7686619,0,15,209.011904761905,8.42857142857143,99.5535714285714,0.631882926666667,208.644578313253,100.379518072289,36.789156626506,5984.07831325301,332.668674698795,63.5963855421687,269.072289156626,262.855421686747,169.680722891566,280.126506024096,126.289156626506,1200.18072289157,173.457831325301,58.5301204819277,29.7530120481928,388.192771084337,198.740963855422,339.222891566265,242.524096385542,0.121358396390742,0.0847730819276275
5520,83307,0,0,"LASP",27.9864697,-97.2305209,0,15,218.458333333333,11.6875,71.9947916666667,0.506455446666667,218.327102803738,99.6588785046729,37.3271028037383,5706.47196261682,337.373831775701,74.2336448598131,263.140186915888,263.785046728972,164.051401869159,285.294392523364,139.056074766355,866.401869158879,152.495327102804,32.0093457943925,43.7943925233645,329.238317757009,134.714953271028,243.607476635514,147.920560747664,0.151042046126602,0.12262373239311
5520,83308,0,0,"LASP",28.5116467,-98.1198269,0,15,214.088235294118,89.8823529411765,57.843137254902,0.55485676,214.045112781955,131.312030075188,41.6503759398496,6268.96240601504,360.898496240602,49.2142857142857,311.684210526316,261.571428571429,143.210526315789,288.327067669173,127.067669172932,689.781954887218,102.360902255639,26.1353383458647,38.9022556390977,234.654135338346,108.507518796992,188.296992481203,115.447368421053,0.192511982680489,0.144534908982106
5520,83309,0,0,"LASP",28.5902637,-99.2911529,0,15,215.504901960784,162.411764705882,47.6862745098039,0.526209906666667,215.405204460967,137.765799256506,42.4275092936803,6498.97026022305,367.702602230483,46.7732342007435,320.92936802974,260.561338289963,143.914498141264,292.996282527881,125.568773234201,573.501858736059,83.5315985130111,23.4423791821561,43.635687732342,208.866171003717,79.7955390334572,158.684014869888,83.0780669144981,0.211339933089614,0.163543569288129
5520,83310,0,0,"LASP",28.4334876,-100.30929,0,15,218.666666666667,243.470588235294,41.9950980392157,0.4055,218.661596958175,134.623574144487,41.3460076045627,6671.79087452472,372.049429657795,49.9201520912547,322.12927756654,265.768060836502,137.152091254753,298.77566539924,127.448669201521,505.349809885932,84.361216730038,16.0950570342205,53.9125475285171,195.779467680608,57.5019011406844,149.155893536122,60.4372623574144,0.196887279233347,0.175418014019586
5520,83312,0,0,"LASP",29.1806007,-95.6187829,0,15,204.485294117647,14.9411764705882,102.990196078431,0.732336453333333,204.52962962963,106.785185185185,37.7296296296296,6094.87407407407,334.444444444444,55.337037037037,279.107407407407,271.555555555556,165.792592592593,277.377777777778,120.448148148148,1233.74444444444,163,64.7925925925926,26.1777777777778,390.674074074074,212.796296296296,360.666666666667,254.433333333333,0.133519611575944,0.0816625144447961
5520,83313,0,0,"LASP",29.7269807,-96.0804439,0,15,200.679824561404,51.5263157894737,88.6842105263158,0.703476633333333,200.542435424354,122.169741697417,39.3726937269373,6483.73431734317,348.121771217712,41.4575645756458,306.664206642066,220.80442804428,153.730627306273,278.90405904059,111.634686346863,1061.57564575646,127.084870848708,60.6273062730627,23.1549815498155,315.173431734317,205.826568265683,262.114391143911,228.29889298893,0.151424130837402,0.0942399152420689
5520,83314,0,0,"LASP",29.2133329,-97.1483412,0,15,206.255208333333,72.5,76.78125,0.677454753333333,205.958801498127,123.625468164794,39.8202247191011,6334.55056179775,352.632958801498,46.2322097378277,306.40074906367,243.063670411985,134.161048689139,282.49063670412,119.247191011236,919.404494382022,119.898876404494,48.9925093632959,29.749063670412,298.805243445693,166.389513108614,233.116104868914,173.505617977528,0.174136854971444,0.112483877780291
5520,83315,0,0,"LASP",29.0939087,-98.6416779,0,15,208.808823529412,175.470588235294,56.6029411764706,0.582657953333333,208.808270676692,132.624060150376,41.4736842105263,6464.42857142857,358.375939849624,42.6052631578947,315.770676691729,250.96992481203,134.954887218045,286.270676691729,120.244360902256,679.176691729323,94.2218045112782,29.8759398496241,37.2669172932331,227.342105263158,107.796992481203,176.68045112782,112.654135338346,0.200042513686186,0.143907036257818
5520,83316,0,0,"LASP",29.7514591,-99.7634879,0,15,184.94298245614,570.315789473684,56.8289473684211,0.59607272,184.650735294118,139.922794117647,41.7830882352941,6748.32720588235,338.290441176471,7.47058823529412,330.819852941176,233.860294117647,94.4007352941177,265.639705882353,92.2720588235294,683.893382352941,86.5073529411765,28.5183823529412,37.4080882352941,234.830882352941,95.9816176470588,211.926470588235,96.0404411764706,0.192967348506166,0.130361648755419
5520,83318,0,0,"LASP",29.8177107,-101.5662539,0,15,203.755208333333,512.25,31.2864583333333,0.28950996,204.160447761194,143.873134328358,42.0970149253731,7069.5671641791,356.216417910448,18.4514925373134,337.764925373134,254.630597014925,117.19776119403,288.451492537313,107.59328358209,375.638059701493,68.3768656716418,10.1455223880597,54.2798507462687,162.421641791045,39.2164179104478,120.19776119403,42.8880597014925,0.185848243428171,0.182651617732274
5520,83319,0,0,"LASP",29.1679858,-103.6103013,0,15,197.828125,989.9375,25.375,0.20844324,197.066666666667,160.488888888889,45.9,6729.48888888889,358.692592592593,12.4407407407407,346.251851851852,266.559259259259,121.492592592593,276.977777777778,105.451851851852,305.788888888889,59.9481481481481,6.76296296296296,74.8185185185185,164.374074074074,23.1888888888889,149.166666666667,24.9444444444444,0.186056954208949,0.197391112045039
5520,83320,0,0,"LASP",29.5704974,-104.3750526,0,15,196.75,1046.47058823529,24.3578431372549,0.2246533,197.810408921933,172.966542750929,47.1003717472119,7035.65799256506,369.42750929368,5.77695167286245,363.650557620818,272.35687732342,126.513011152416,282.598513011152,103.39405204461,292.899628252788,61.6245353159851,4.63940520446097,81.9516728624535,167.654275092937,18.9479553903346,143.475836431227,22.8029739776952,0.195297094699643,0.203217666478868
5520,83322,0,0,"LASP",30.6060845,-95.6260432,0,15,194.544117647059,91.7058823529412,94.4313725490196,0.776428853333333,194.772058823529,125.5625,38.8492647058824,6816.30882352941,349.720588235294,30.5294117647059,319.191176470588,232.588235294118,180.5625,277.992647058824,101.738970588235,1132.41911764706,131.253676470588,70.9080882352941,18.9301470588235,329.481617647059,243.514705882353,253.908088235294,261.341911764706,0.153082662822638,0.0863670536824792
5520,83324,0,0,"LASP",30.0926544,-97.7817189,0,15,196.686274509804,217.882352941176,70.7303921568627,0.62323332,196.794117647059,125.672794117647,38.6213235294118,6857.40073529412,352.606617647059,31.0073529411765,321.599264705882,234.911764705882,119.172794117647,280.595588235294,104.408088235294,849.639705882353,114.330882352941,41.7095588235294,32.2242647058824,283.547794117647,158.738970588235,192.220588235294,163.117647058824,0.169563174981233,0.114285238872585
5520,83325,0,0,"LASP",30.5504297,-98.8827669,0,15,183.799019607843,477.647058823529,60.3529411764706,0.570174993333333,183.985294117647,141.676470588235,41.2169117647059,6963.63235294118,346.356617647059,6.43382352941176,339.922794117647,225.113970588235,92.4852941176471,269.275735294118,89.8235294117647,722.202205882353,102.356617647059,31.9595588235294,36.2867647058824,245.209558823529,111.794117647059,193.963235294118,111.875,0.175692947955743,0.12220958105564
5520,83327,0,0,"LASP",30.0156927,-100.2140109,0,15,183.333333333333,656.941176470588,51.7892156862745,0.493225753333333,182.92936802974,144.118959107807,42.5315985130112,6762.61710037175,339.483271375465,4.46468401486989,335.018587360595,233.152416356877,96.5353159851301,264.520446096654,90.5910780669145,625.869888475836,80.5204460966543,22.7918215613383,39.9516728624535,217.182156133829,81.6022304832714,200.386617100372,81.8587360594796,0.178039741853944,0.134877787634059
5520,83328,0,0,"LASP",30.142815,-101.322565,0,15,192.558823529412,594.705882352941,37.0147058823529,0.364075973333333,193.242647058824,145.775735294118,41.8088235294118,7213.70220588235,350.158088235294,4.60294117647059,345.555147058824,244.297794117647,103.430147058824,279.834558823529,94.5955882352941,439.713235294118,77.2169117647059,12.8198529411765,51.0882352941176,181.8125,48.3198529411765,136.246323529412,50.2095588235294,0.186185979441667,0.165313903523549
5520,83329,0,0,"LASP",30.5964387,-102.6068259,0,15,177.947368421053,1005.15789473684,31.0833333333333,0.32456564,177.066914498141,156.669144981413,45.1040892193309,6943.24163568773,337.420074349442,-6.34944237918216,343.769516728625,232.052044609665,101.873605947955,262.531598513011,84.0111524163569,374.28624535316,69.0483271375465,10.0223048327138,57.6877323420074,162.078066914498,35.185873605948,131.438661710037,38.6505576208178,0.1862690096149,0.167460830059272
5520,83330,0,0,"LASP",30.6112157,-103.3672874,0,15,167.828431372549,1208.76470588235,30.7794117647059,0.303249026666667,167.139705882353,170.496323529412,48.9375,6593.24632352941,332.426470588235,-12.8014705882353,345.227941176471,239.308823529412,96.3088235294118,249.518382352941,80.6580882352941,374.25,66.7647058823529,9.21691176470588,62.7647058823529,176.511029411765,33.1911764705882,156.375,37.9301470588235,0.178222874811701,0.161437286227698
5520,83331,0,0,"LASP",30.8111277,-103.9442869,0,15,159.539215686275,1408.35294117647,29.4460784313725,0.32935026,158.865454545455,165.672727272727,48.0836363636364,6525.50909090909,325.123636363636,-15.9272727272727,341.050909090909,229.701818181818,96.1272727272727,240.661818181818,73.3381818181818,353.949090909091,64.3818181818182,8.34545454545455,68.7381818181818,179.8,29.7418181818182,162.4,34.64,0.18749449262728,0.162004329055566
5520,83332,0,0,"LASP",31.0025107,-105.55087,0,15,159.142156862745,1357.76470588235,21.9264705882353,0.224985073333333,159.334545454545,174.574545454545,46.9236363636364,7314.49090909091,340.210909090909,-28.3381818181818,368.549090909091,240.752727272727,116.08,251.461818181818,63.5490909090909,263.472727272727,55.6181818181818,4.06545454545455,81.6363636363636,153.243636363636,17.4145454545455,132.974545454545,25.8872727272727,0.176136387391966,0.170869180235468
5520,83334,0,0,"LASP",31.1248877,-94.0901569,0,15,184.481481481481,81.2777777777778,108.50462962963,0.80656348,184.734545454545,134.214545454545,40.9345454545455,6806.91636363636,340.650909090909,17.1527272727273,323.498181818182,163.349090909091,243.574545454545,267.789090909091,92.0581818181818,1302.42181818182,138.050909090909,80.6618181818182,14.9418181818182,364.138181818182,276.407272727273,299.981818181818,351.712727272727,0.126759825731733,0.0678182772871726
5520,83335,0,0,"LASP",31.5634237,-95.3001789,0,15,187.68137254902,117.352941176471,91.2794117647059,0.805301453333333,187.764492753623,127.978260869565,38.481884057971,7042.09420289855,348.163043478261,19.7210144927536,328.442028985507,225.228260869565,273.721014492754,273.938405797101,91.9710144927536,1093.60144927536,118.717391304348,58.0688405797101,16.9347826086957,315.300724637681,226.54347826087,226.644927536232,259.333333333333,0.16126823477289,0.0863395737066129
5520,83336,0,0,"LASP",31.8611947,-96.2228399,0,15,188.911764705882,120.294117647059,82.6764705882353,0.719819993333333,188.912408759124,130.222627737226,37.8211678832117,7262.83576642336,356.102189781022,16.8065693430657,339.295620437956,225.467153284672,279.06204379562,279.06204379562,91.3686131386861,993.748175182482,123.656934306569,49.4671532846715,24.3029197080292,305.594890510949,187.602189781022,187.602189781022,220.452554744526,0.158956088608938,0.0942211158103901
5520,83337,0,0,"LASP",31.3255877,-97.2409279,0,15,190.40625,178.75,71.078125,0.582273533333333,190.605072463768,126.086956521739,36.4927536231884,7422.73913043478,355.826086956522,15.3369565217391,340.489130434783,230.630434782609,122.101449275362,282.039855072464,90.4057971014493,853.673913043478,114.434782608696,46.8115942028985,26.8333333333333,277.873188405797,169.608695652174,183.579710144928,170.228260869565,0.153279271453814,0.107025519633018
5520,83338,0,0,"LASP",31.6159517,-98.6520699,0,15,180.394444444444,444.533333333333,59.8777777777778,0.55892382,180.737226277372,138.069343065693,38.956204379562,7406.28102189781,348.697080291971,-1.09489051094891,349.79197080292,221.740875912409,82.9306569343066,272.229927007299,80.9233576642336,716.343065693431,98.5766423357664,33.8905109489051,32.3722627737226,246.459854014599,115.277372262774,182.901459854015,115.448905109489,0.170236216969056,0.119061040269137
5520,83339,0,0,"LASP",31.5931937,-99.4248809,0,15,181.219298245614,494.263157894737,54.8245614035088,0.490430873333333,181.521897810219,147.240875912409,40.6240875912409,7455.93065693431,352.813868613139,-5.43065693430657,358.244525547445,225.175182481752,88.2445255474452,273.390510948905,80.8832116788321,655.649635036496,92.970802919708,29.014598540146,38.7116788321168,228.175182481752,95.3649635036496,182.492700729927,95.8832116788321,0.166206890861265,0.125977694992845
5520,83340,0,0,"LASP",31.3901587,-100.2958909,0,15,182.837962962963,610.222222222222,47.6111111111111,0.430759813333333,183.077205882353,148.463235294118,41.5477941176471,7362.28676470588,351.970588235294,-1.33455882352941,353.305147058824,235.536764705882,91.0808823529412,274.808823529412,85.4448529411765,568.867647058824,85.0073529411765,21.5551470588235,44.0257352941176,203.400735294118,75.2426470588235,162.705882352941,75.375,0.171361592498193,0.139244970320351
5520,83341,0,0,"LASP",31.5830183,-101.7186781,0,15,174.320175438596,820.210526315789,35.4956140350877,0.380023873333333,174.16,155.974545454545,41.9927272727273,7594.73818181818,346.043636363636,-20.4618181818182,366.505454545455,236.581818181818,81.7454545454545,267.767272727273,71.9854545454545,427.505454545455,75.6145454545454,13.5090909090909,52.5963636363636,168.749090909091,47.5236363636364,135.905454545455,47.7963636363636,0.182571307033171,0.153359901897469
5520,83343,0,0,"LASP",31.7050087,-103.5995099,0,15,180.073529411765,870.470588235294,24.4313725490196,0.258120953333333,179.652173913043,176.355072463768,45.9601449275362,7595.33333333333,361.844202898551,-17.8442028985507,379.688405797101,264.076086956522,99.4855072463768,275.365942028986,80.4202898550725,293.938405797101,56.3768115942029,7.93115942028986,62.0905797101449,136.260869565217,27.9963768115942,118.04347826087,30.5942028985507,0.182079611016567,0.176430512968548
5520,83344,0,0,"LASP",31.7554957,-104.9764329,0,15,159.073529411765,1333.29411764706,18.9754901960784,0.236413126666667,159.234432234432,168.882783882784,46.0989010989011,7163.41391941392,337.131868131868,-24.8827838827839,362.014652014652,240.512820512821,117.179487179487,250.417582417582,66.032967032967,226.919413919414,44.2893772893773,4.2014652014652,75.8315018315018,119.479853479853,14.4798534798535,110.479853479853,21.6483516483516,0.184919290136542,0.176261098544998
5520,83345,0,0,"LASP",31.2076027,-105.3339159,0,15,157.720238095238,1370.92857142857,21.5238095238095,0.223096666666667,157.864285714286,174.767857142857,46.7892857142857,7265.77857142857,338.732142857143,-30.7678571428571,369.5,238.535714285714,115.003571428571,249.778571428571,62.8964285714286,257.425,52.1178571428571,4.375,78.7678571428571,145.257142857143,17.1892857142857,127.910714285714,25.575,0.175876260109945,0.170445869252576
5520,83346,0,0,"LASP",31.846782,-106.6131975,0,15,168.514705882353,1239.94117647059,18.9705882352941,0.219837806666667,168.592727272727,172.105454545455,45.7163636363636,7574.96363636364,354.218181818182,-18.2181818181818,372.436363636364,254.945454545455,165.821818181818,265.418181818182,71.8218181818182,227.392727272727,47.1236363636364,4.26181818181818,73.3672727272727,126.421818181818,18.2654545454545,106.327272727273,35.1672727272727,0.185970247345198,0.183784717445478
5520,83348,0,0,"LASP",32.3870612,-94.5702105,0,15,180.134259259259,109.388888888889,98.8101851851852,0.791142853333333,180.231046931408,128.487364620939,38.2202166064982,7290.43682310469,341.729241877256,8.85198555956679,332.87725631769,214.115523465704,265.848375451264,270.909747292419,82.4729241877256,1186.70397111913,123.241877256318,62.5884476534296,16.8086642599278,344.231046931408,234.205776173285,244.407942238267,299.826714801444,0.137706638314852,0.0739183111114685
5520,83349,0,0,"LASP",32.0682917,-95.2839819,0,15,185.75462962963,135.833333333333,91.3055555555556,0.796278426666667,185.736263736264,126.937728937729,37.8608058608059,7171.9304029304,347.864468864469,15.7216117216117,332.142857142857,214.886446886447,271.545787545788,274.131868131868,88.3809523809524,1093.60805860806,123.32967032967,53.1941391941392,19.6080586080586,324.29304029304,213.761904761905,215.14652014652,258.249084249084,0.158070148656239,0.0851600470400431
5520,83350,0,0,"LASP",32.7789408,-96.0240475,0,15,176.843137254902,152,87.1274509803922,0.689915026666667,177.335714285714,127.928571428571,35.6035714285714,7848.87857142857,350.778571428571,-3.30714285714286,354.085714285714,218.292857142857,224.296428571429,274.764285714286,71.4535714285714,1047.65,135.217857142857,49.2071428571429,25.7357142857143,335.496428571429,203.478571428571,205.942857142857,220.096428571429,0.136311790626132,0.0818425673591404
5520,83352,0,0,"LASP",32.6265908,-98.3699292,0,15,177.607843137255,352.411764705882,63.9264705882353,0.578437146666667,177.658273381295,138.928057553957,37.8776978417266,7887.82014388489,353.661870503597,-9.26258992805755,362.924460431655,221.320143884892,75.636690647482,276.374100719424,72.205035971223,769.517985611511,108.363309352518,37.2805755395683,32.3273381294964,265.881294964029,122.830935251799,193.723021582734,123.169064748201,0.160728364029379,0.109261706555323
5520,83353,0,0,"LASP",32.5914336,-99.8104549,0,15,178.661764705882,547.294117647059,53.0882352941176,0.47225196,178.63082437276,137.161290322581,37.9032258064516,7797.16487455197,351.566308243728,-5.40860215053763,356.974910394265,227.21146953405,76.673835125448,276.071684587814,74.8530465949821,636.455197132616,91.9354838709677,25.4874551971326,41.2401433691756,219.609318996416,85.3046594982079,186.064516129032,85.3333333333333,0.164273722167731,0.126389411433937
5520,83354,0,0,"LASP",32.0702794,-100.6472268,0,15,173.843137254902,686.411764705882,47.9166666666667,0.450199493333333,174.035971223022,149.176258992806,40.3669064748201,7706.27338129496,346.780575539568,-18.5647482014388,365.345323741007,228.63309352518,69.9352517985612,269.388489208633,69.7985611510791,573.535971223022,93.2661870503597,20.0143884892086,47.8812949640288,212.679856115108,69.4964028776978,172.154676258993,69.4964028776978,0.169949653685615,0.132572375388683
5520,83355,0,0,"LASP",32.5696495,-101.9072519,0,15,168.785087719298,864.842105263158,37.5087719298246,0.341415686666667,168.505454545455,155.570909090909,41.4872727272727,7748.75636363636,345.76,-24.4981818181818,370.258181818182,254.818181818182,65.32,265.072727272727,65.32,451.778181818182,74.2436363636364,13.6945454545455,54.1527272727273,179.538181818182,44.4036363636364,162.88,44.4036363636364,0.165186105871867,0.144016447663142
5520,83356,0,0,"LASP",32.0722749,-101.9269126,0,15,174.131578947368,831.105263157895,34.8421052631579,0.371605886666667,174.156363636364,153.854545454545,41.5927272727273,7656.49090909091,347.105454545455,-17.96,365.065454545455,259.730909090909,79.0654545454545,269.269090909091,72.3090909090909,418.410909090909,73.6872727272727,13.6072727272727,53.9636363636364,166.632727272727,44.8763636363636,140.152727272727,45.2109090909091,0.182401881646118,0.154648588655565
5520,83357,0,0,"LASP",33.0955235,-94.0448296,0,15,176.060185185185,85.0555555555556,100.893518518519,0.8124081,175.827956989247,127.659498207885,37.505376344086,7482.74910394265,339.397849462366,3.33333333333333,336.064516129032,179.849462365591,254.172043010753,269.136200716846,75.84229390681,1211.29032258065,120.802867383513,74.2974910394265,14.7168458781362,347.820788530466,247.903225806452,268.182795698925,297.082437275986,0.134821016094965,0.0698075800450492
5520,83358,0,0,"LASP",33.6972087,-95.7027429,0,15,170.308823529412,161.176470588235,94.5,0.73770938,170.365591397849,127.365591397849,35.2114695340502,8024.62724014337,344.146953405018,-12.6415770609319,356.78853046595,198.064516129032,62.84229390681,270.591397849462,62.84229390681,1135.89247311828,145.397849462366,57.4659498207885,24.84229390681,355.627240143369,217.390681003584,246.648745519713,217.390681003584,0.128772220679476,0.0720441480140608
5520,83360,0,0,"LASP",33.2866481,-97.5540547,0,15,176.338235294118,274.235294117647,72.7401960784314,0.622151906666667,176.578014184397,132.836879432624,35.8900709219858,8025.96808510638,354.400709219858,-10.6312056737589,365.031914893617,219.63829787234,69.1099290780142,276.975177304965,69.1099290780142,873.127659574468,125.404255319149,40.677304964539,34.1985815602837,297.553191489362,137.109929078014,199.780141843972,137.109929078014,0.150910191743191,0.0975200351873634
5520,83361,0,0,"LASP",33.3828607,-98.7516259,0,15,176.12962962963,356.277777777778,60.8981481481481,0.523300906666667,176.221428571429,143.639285714286,37.1785714285714,8234.05,360.364285714286,-20.2964285714286,380.660714285714,221.110714285714,68.9535714285714,279.357142857143,65.7821428571429,729.464285714286,108.039285714286,28.2857142857143,40.5642857142857,255.892857142857,101.989285714286,186.221428571429,102.078571428571,0.153624303278898,0.111023551150957
5520,83362,0,0,"LASP",33.8940928,-98.9734152,0,15,172.611111111111,345.555555555556,58.087962962963,0.478467146666667,172.197879858657,145.943462897527,36.6254416961131,8591.17667844523,364.275618374558,-28.6360424028269,392.911660777385,219.222614840989,62.886925795053,280.583038869258,57.9081272084806,693.137809187279,103.3074204947,25.1024734982332,42,245.180212014134,91.7632508833922,187.123674911661,91.8939929328622,0.146152778838389,0.110324144729902
5520,83363,0,0,"LASP",33.3563297,-100.6989509,0,15,166.944444444444,644.5,46.4537037037037,0.46478934,166.68345323741,154.58273381295,39.5827338129496,8207.51079136691,354.205035971223,-31.5935251798561,385.798561151079,244.877697841727,60.5827338129496,269.964028776978,57.5755395683453,558.201438848921,81.8381294964029,17.6870503597122,49.9136690647482,205.485611510791,60.9820143884892,189.985611510791,60.9820143884892,0.168862065694836,0.127269046695195
5520,83364,0,0,"LASP",33.9192767,-101.0640709,0,15,154.736842105263,854.157894736842,44.6271929824561,0.440838726666667,154.36524822695,151.070921985816,39.0851063829787,8168.81914893617,340.946808510638,-41.1985815602837,382.145390070922,238.645390070922,46.3723404255319,257.687943262411,46.3723404255319,537.070921985816,85.2836879432624,13.1489361702128,54.2056737588652,212.244680851064,49.8368794326241,206.595744680851,49.8368794326241,0.162589814519622,0.122961960084746
5520,83365,0,0,"LASP",33.2702077,-102.7840429,0,15,147.74537037037,1115.83333333333,37.25,0.372350226666667,147.974820143885,170.805755395683,44.2374100719424,7728.62949640288,331.374100719424,-50.3956834532374,381.769784172662,236.341726618705,59.3453237410072,245.291366906475,45.9856115107914,445.165467625899,68.3669064748201,9.97122302158273,60.5467625899281,196.435251798561,39.9388489208633,193.723021582734,40.1510791366906,0.164035330816117,0.132389839717746
5520,83366,0,0,"LASP",34.0984847,-98.3157739,0,15,171.867647058824,298,64.6470588235294,0.51338546,171.679577464789,141,35.9507042253521,8512.23943661972,361.214788732394,-24.8943661971831,386.109154929577,217.528169014085,58.7253521126761,278.890845070423,58.7253521126761,775.211267605634,118.073943661972,30.0739436619718,39.4577464788732,279.133802816901,107.897887323944,204.323943661972,107.897887323944,0.139575231660408,0.101369484621659
5520,83367,0,0,"LASP",34.5047657,-99.8933569,0,15,165.393518518519,495.388888888889,48.9166666666667,0.458742026666667,165.498257839721,151.480836236934,37.5923344947735,8660.82578397212,362.01393728223,-36.3414634146341,398.355400696864,233.578397212544,51.8397212543554,275.700348432056,51.8397212543554,585.327526132404,95.4668989547038,16.2473867595819,50.5400696864112,228.742160278746,59.6480836236934,189.651567944251,59.6480836236934,0.157751176644418,0.119495550006592
5520,83369,0,0,"LASP",34.3754727,-101.5755389,0,15,143.337962962963,1017.11111111111,42.0231481481481,0.479532426666667,143.028169014085,155.485915492958,39.9612676056338,8154.37676056338,330.792253521127,-53.7957746478873,384.588028169014,237.338028169014,36.0845070422535,246.640845070423,36.0845070422535,505.753521126761,91.4049295774648,11.7112676056338,59.7112676056338,218.084507042254,42.6619718309859,217.133802816901,42.6619718309859,0.172623072394007,0.121630240411821
5520,83370,0,0,"LASP",34.6989797,-102.7778479,0,15,134.627450980392,1256,36.2156862745098,0.494005573333333,134.59298245614,165.656140350877,42.4105263157895,7968.95789473684,325.168421052632,-61.1754385964912,386.343859649123,236.480701754386,30.9017543859649,236.480701754386,30.8666666666667,434.778947368421,71.6982456140351,11.4701754385965,60.8701754385965,202.533333333333,37.9298245614035,202.533333333333,37.9298245614035,0.189149692694254,0.128587521371762
5520,83371,0,0,"LASP",35.3720817,-100.9735949,0,15,143.235294117647,933.705882352941,45.7205882352941,0.48052732,142.631944444444,152.614583333333,38.3541666666667,8452.84722222222,337.628472222222,-55.4479166666667,393.076388888889,230.527777777778,31.8333333333333,250.086805555556,31.8333333333333,546.864583333333,90.7743055555556,12.3090277777778,55.1805555555556,231.940972222222,47.15625,221.399305555556,47.15625,0.1630713993509,0.114812632918546
5520,83372,0,0,"LASP",35.7361327,-101.1865919,0,15,142.59649122807,942.210526315789,42.5175438596491,0.449840846666667,142.6875,156.041666666667,38.6805555555556,8579.73263888889,340.479166666667,-58.5277777777778,399.006944444444,232.013888888889,31.2569444444444,251.954861111111,30.6041666666667,510.604166666667,83.3576388888889,11.3333333333333,55.8958333333333,221.03125,43.5034722222222,214.284722222222,43.5034722222222,0.162220495020454,0.118271036293496
5520,83373,0,0,"LASP",35.9930757,-102.5674219,0,15,130.098039215686,1218.64705882353,35.2058823529412,0.565670046666667,130.173010380623,165.200692041523,40.9204152249135,8357.36332179931,328.948096885813,-69.7681660899654,398.716262975779,237.78892733564,23.5743944636678,238.889273356401,23.5743944636678,421.57785467128,68.4290657439446,9.25259515570934,63.7404844290657,196.304498269896,30.1384083044983,196.294117647059,30.1384083044983,0.206053463209416,0.127604824486238
5520,83374,0,0,"LASP",36.4347007,-100.7308439,0,15,137.447368421053,861,42.6184210526316,0.446911713333333,137.247422680412,158.972508591065,37.6494845360825,9016.04810996564,344.357388316151,-72.3745704467354,416.731958762887,228.666666666667,19.680412371134,252.374570446735,19.680412371134,513.512027491409,82.3986254295533,10.9312714776632,55.9243986254296,226.350515463918,43.1649484536082,210.123711340206,43.1649484536082,0.154581870888467,0.111698251972039
5520,83375,0,0,"LASP",36.2689387,-101.3528969,0,15,137.537037037037,966.888888888889,39.462962962963,0.486512033333333,137.747404844291,162.522491349481,39.0103806228374,8807.22837370242,343.044982698962,-68.1141868512111,411.159169550173,227.78892733564,23.5813148788927,250.695501730104,23.5813148788927,473.813148788927,74.7889273356401,10.1833910034602,58.4256055363322,214.086505190311,37.6332179930796,204.391003460208,37.6332179930796,0.174078339741302,0.119954775425496
5520,83376,0,0,"LASP",36.0258637,-102.1049879,0,15,131.906862745098,1133.70588235294,37.2843137254902,0.585216446666667,131.90625,160.434027777778,39.6666666666667,8539.95833333333,331.881944444444,-67.5243055555556,399.40625,229.159722222222,22.5555555555556,242.711805555556,22.5555555555556,446.142361111111,69.0694444444444,10.125,60.3194444444444,200.979166666667,34.5868055555556,199.350694444444,34.5868055555556,0.205467570079123,0.124827736053037
5520,83377,0,0,"LASP",29.6816647,-102.6991049,0,15,195.569444444444,853.333333333333,26.5185185185185,0.271220713333333,195.346863468635,156.712177121771,45.9188191881919,6727.52029520295,348.361623616236,10.4833948339483,337.878228782288,258.527675276753,122.985239852399,275.424354243542,103.568265682657,318.712177121771,54.2915129151292,7.25092250922509,60.1254612546125,138.664206642066,28.4760147601476,126.638376383764,31.4538745387454,0.1944879255233,0.191317966551396
5520,83378,0,0,"LASP",26.9305414,-97.65234,0,15,224.125,10.125,55.3125,0.522775726666667,224.238095238095,103.541125541126,39.3679653679654,5413.63203463203,342.207792207792,83.2207792207792,258.987012987013,265.761904761905,176.069264069264,286.82683982684,148.108225108225,661.82683982684,127.47619047619,18.2294372294372,51.5800865800866,262.08658008658,94.1428571428571,185.995670995671,108.333333333333,0.196103763964958,0.155693406032327
5520,83390,0,0,"LASP",30.2378528,-103.3781816,0,15,164.230392156863,1337.29411764706,32.5343137254902,0.30919478,164.033088235294,167.459558823529,49.2977941176471,6324.95220588235,323.694852941176,-12.7132352941176,336.408088235294,232.404411764706,95.3272058823529,241.930147058824,80.1029411764706,392.503676470588,70.0772058823529,8.35661764705882,67.2757352941177,192.433823529412,31.1691176470588,173.665441176471,36.4485294117647,0.177574322034698,0.159156554046484
5520,83391,0,0,"LASP",30.0746005,-104.4532389,0,15,169.458333333333,1385.77777777778,26.9259259259259,0.27649692,168.417582417582,169.663003663004,47.8901098901099,6625.14285714286,336.608058608059,-13.9450549450549,350.553113553114,238.937728937729,103.29304029304,249.384615384615,80.0915750915751,323.230769230769,65.3992673992674,5.57509157509157,82.96336996337,186.131868131868,21.4175824175824,166.81684981685,25.3260073260073,0.187229900038476,0.174797921976774
5520,83392,0,0,"LASP",30.561739,-103.9171669,0,15,155.811403508772,1505.89473684211,29.6140350877193,0.325305806666667,155.128676470588,164.952205882353,48.6433823529412,6319.58823529412,318.297794117647,-17.5257352941176,335.823529411765,223.371323529412,88.5330882352941,233.860294117647,71.9227941176471,356.996323529412,64.1764705882353,7.91176470588235,71.8933823529412,185.650735294118,28.2058823529412,171.286764705882,32.5992647058824,0.185527523404532,0.160052028892318
5520,83393,0,0,"LASP",30.070998,-97.228214,0,15,198.509259259259,138.111111111111,75.8101851851852,0.679022553333333,198.349442379182,125.895910780669,38.6728624535316,6776.30855018587,354.011152416357,32.5985130111524,321.412639405204,235.881040892193,122.208178438662,280.85873605948,106.211895910781,912.420074349442,121.182156133829,45.364312267658,30.9479553903346,294.546468401487,176.977695167286,199.408921933086,183.100371747212,0.171249083289737,0.108588601659493
5520,83402,0,0,"LASP",27.3477527,-97.695112,0,15,223.578431372549,14.1764705882353,57.0882352941176,0.543173933333333,223.573076923077,106.569230769231,39.7346153846154,5533.15384615385,345.280769230769,80.7269230769231,264.553846153846,266.357692307692,162.865384615385,288.307692307692,146.646153846154,686.342307692308,125.115384615385,20.9923076923077,48.7230769230769,273.492307692308,101.530769230769,197.192307692308,111.815384615385,0.196405407580578,0.152326820311734
5520,83407,0,0,"LASP",27.9864697,-97.23052,0,15,218.458333333333,11.6875,71.9947916666667,0.506455446666667,218.327102803738,99.6588785046729,37.3271028037383,5706.47196261682,337.373831775701,74.2336448598131,263.140186915888,263.785046728972,164.051401869159,285.294392523364,139.056074766355,866.401869158879,152.495327102804,32.0093457943925,43.7943925233645,329.238317757009,134.714953271028,243.607476635514,147.920560747664,0.151042046126602,0.12262373239311
5520,83409,0,0,"LASP",28.536864,-99.297439,0,15,216.210784313725,152.588235294118,47.2794117647059,0.52085656,216.189591078067,137.944237918216,42.4646840148699,6501.32713754647,368.810408921933,47.9033457249071,320.907063197026,261.977695167286,144.765799256506,293.944237918216,126.408921933086,568.423791821561,83.3791821561338,23.2156133828996,44.0111524163569,208.353159851301,78.7992565055762,156.862453531599,82.0223048327138,0.211279758811053,0.16469486708934
5520,83412,0,0,"LASP",29.1806007,-95.618782,0,15,204.485294117647,14.9411764705882,102.990196078431,0.732336453333333,204.52962962963,106.785185185185,37.7296296296296,6094.87407407407,334.444444444444,55.337037037037,279.107407407407,271.555555555556,165.792592592593,277.377777777778,120.448148148148,1233.74444444444,163,64.7925925925926,26.1777777777778,390.674074074074,212.796296296296,360.666666666667,254.433333333333,0.133519611575944,0.0816625144447961
5520,83418,0,0,"LASP",29.9439794,-101.7373875,0,15,200.305555555556,557,30.7777777777778,0.272972473333333,201.114814814815,146.907407407407,42.3703703703704,7171.28518518519,354.859259259259,12.1037037037037,342.755555555556,251.82962962963,116.151851851852,286.785185185185,103.17037037037,366.47037037037,66.3333333333333,10.1703703703704,54.4962962962963,158.733333333333,38.8703703703704,119.103703703704,40.8333333333333,0.181922084954067,0.181191988488527
5520,83432,0,0,"LASP",31.0025107,-105.55087,0,15,159.142156862745,1357.76470588235,21.9264705882353,0.224985073333333,159.334545454545,174.574545454545,46.9236363636364,7314.49090909091,340.210909090909,-28.3381818181818,368.549090909091,240.752727272727,116.08,251.461818181818,63.5490909090909,263.472727272727,55.6181818181818,4.06545454545455,81.6363636363636,153.243636363636,17.4145454545455,132.974545454545,25.8872727272727,0.176136387391966,0.170869180235468
5520,83438,0,0,"LASP",31.6159727,-98.6520979,0,15,180.394444444444,444.533333333333,59.8777777777778,0.55892382,180.737226277372,138.069343065693,38.956204379562,7406.28102189781,348.697080291971,-1.09489051094891,349.79197080292,221.740875912409,82.9306569343066,272.229927007299,80.9233576642336,716.343065693431,98.5766423357664,33.8905109489051,32.3722627737226,246.459854014599,115.277372262774,182.901459854015,115.448905109489,0.170236216969056,0.119061040269137
5520,83439,0,0,"LASP",31.5930797,-99.4248794,0,15,181.219298245614,494.263157894737,54.8245614035088,0.490430873333333,181.521897810219,147.240875912409,40.6240875912409,7455.93065693431,352.813868613139,-5.43065693430657,358.244525547445,225.175182481752,88.2445255474452,273.390510948905,80.8832116788321,655.649635036496,92.970802919708,29.014598540146,38.7116788321168,228.175182481752,95.3649635036496,182.492700729927,95.8832116788321,0.166206890861265,0.125977694992845
5520,83448,0,0,"LASP",32.3870612,-94.5702105,0,15,180.134259259259,109.388888888889,98.8101851851852,0.791142853333333,180.231046931408,128.487364620939,38.2202166064982,7290.43682310469,341.729241877256,8.85198555956679,332.87725631769,214.115523465704,265.848375451264,270.909747292419,82.4729241877256,1186.70397111913,123.241877256318,62.5884476534296,16.8086642599278,344.231046931408,234.205776173285,244.407942238267,299.826714801444,0.137706638314852,0.0739183111114685
5520,83457,0,0,"LASP",33.0955235,-94.044829,0,15,176.060185185185,85.0555555555556,100.893518518519,0.8124081,175.827956989247,127.659498207885,37.505376344086,7482.74910394265,339.397849462366,3.33333333333333,336.064516129032,179.849462365591,254.172043010753,269.136200716846,75.84229390681,1211.29032258065,120.802867383513,74.2974910394265,14.7168458781362,347.820788530466,247.903225806452,268.182795698925,297.082437275986,0.134821016094965,0.0698075800450492
5520,83507,0,0,"LASP",28.03785,-97.160194,0,15,218.011904761905,9.85714285714286,73.5297619047619,0.518387,217.543269230769,99.0144230769231,37.1346153846154,5715.66826923077,335.961538461538,73.2211538461538,262.740384615385,263.0625,166.105769230769,284.596153846154,138.091346153846,889.009615384615,154.783653846154,33,42.9423076923077,333.134615384615,138.096153846154,251.264423076923,153.461538461538,0.149473600894961,0.119614599407378
5520,83510,0,0,"LASP",31.696603,-103.18383,0,15,179.333333333333,842.764705882353,24.9313725490196,0.2840277,179.080291970803,172.762773722628,44.8175182481752,7724.75547445256,359.970802919708,-21.3065693430657,381.277372262774,263.704379562044,97.0912408759124,275.802919708029,77.2153284671533,300.317518248175,56.0510948905109,7.73357664233577,59.2153284671533,132.521897810219,29.0985401459854,113.675182481752,30.521897810219,0.1862781191685,0.174963188942959
5520,85001,0,0,"LASP",41.4379387,-113.1087879,0,15,94.0166666666667,1344,22.725,0.156582313333333,94.3936507936508,145.52380952381,34.1301587301587,9232.68571428571,327.263492063492,-93.4349206349206,420.698412698413,135.765079365079,20.1015873015873,215.895238095238,-23.3460317460317,272.771428571429,36.3904761904762,16.8730158730159,23.5015873015873,92.4761904761905,54.3936507936508,68.8571428571429,54.9396825396825,0.113169429873364,0.105764445065766
5520,85002,0,0,"LASP",41.2587657,-112.4954989,0,15,100.146825396825,1317.19047619048,31.0674603174603,0.330369833333333,100.371335504886,136.973941368078,32.6807817589577,9302.59283387622,329.638436482085,-83.1889250814332,412.827361563518,106.397394136808,203.511400651466,222.944625407166,-18.2247557003257,369.374592833876,44.8273615635179,18.7947882736156,23.1042345276873,121.485342019544,68.3778501628665,71.3550488599349,84.6644951140065,0.13616605237794,0.104321065832075
5520,85005,0,0,"LASP",40.7463847,-112.6528009,0,15,100.6875,1450.9,29.25,0.3516171,101.432692307692,129.673076923077,31.7980769230769,9213.74679487179,324.394230769231,-77.3333333333333,401.727564102564,93.1442307692308,184.448717948718,223.977564102564,-13.8525641025641,340.919871794872,41.4583333333333,19.4935897435897,22.8974358974359,113.705128205128,65.5576923076923,67.5737179487179,74.9102564102564,0.149049265154173,0.111382824909166
5520,85006,0,0,"LASP",40.0466577,-111.2812269,0,15,41.1944444444444,2326.11111111111,43.3842592592593,0.772305353333333,43.2426229508197,148.518032786885,36.816393442623,8443.15737704918,258.196721311475,-139.822950819672,398.019672131148,-42.8590163934426,134.15737704918,153.147540983607,-63.9967213114754,526.75737704918,54.3311475409836,28.655737704918,17.7901639344262,158.137704918033,98.2,100.373770491803,155.760655737705,0.196417930974321,0.0792755226096492
5520,85007,0,0,"LASP",40.4806637,-110.3986589,0,15,34.7962962962963,2492.88888888889,35.2175925925926,0.5422922,34.4358974358974,143.733974358974,36.0865384615385,8534.90705128205,246.230769230769,-146.711538461538,392.942307692308,35.1121794871795,16.8076923076923,145.355769230769,-72.4391025641026,424.022435897436,43.8461538461538,27.2115384615385,14.2532051282051,123.025641025641,89.9230769230769,98.3141025641026,108.544871794872,0.154720902483496,0.0801956082439428
5520,85008,0,0,"LASP",40.7234797,-109.4702139,0,15,50.3464912280702,2223.05263157895,26.7412280701754,0.52081538,50.4886731391586,150.915857605178,36.4304207119741,8806.95469255663,273.31067961165,-135.440129449838,408.750809061489,70.4077669902913,-51.3009708737864,165.275080906149,-60.8414239482201,318.802588996764,34.9061488673139,17.8932038834951,20.2880258899676,96.1067961165049,59.7249190938511,82.8899676375405,60.42071197411,0.172876511496828,0.0948193011701415
5520,85009,0,0,"LASP",39.1269117,-113.5196779,0,15,92.3859649122807,1663.63157894737,19.3464912280702,0.19929264,92.4046052631579,176.476973684211,39.8651315789474,8838.52631578947,331.671052631579,-105.713815789474,437.384868421053,83.0657894736842,-15.3815789473684,209.773026315789,-18.6940789473684,233.105263157895,25.8980263157895,12.6973684210526,22.3881578947368,73.1447368421053,41.4802631578947,58.0131578947368,41.5493421052632,0.132103503465666,0.116170774330834
5520,85010,0,0,"LASP",39.3549717,-112.2278059,0,15,91.5046296296296,1651.77777777778,25.0694444444444,0.424470166666667,90.0328947368421,165.707236842105,38.2861842105263,8963.94078947369,324.371710526316,-103.325657894737,427.697368421053,73.3026315789474,206.269736842105,207.835526315789,-23.5855263157895,305.180921052632,34,16.6414473684211,19.9309210526316,95.0690789473684,56.5559210526316,56.6973684210526,77.3519736842105,0.168233140521043,0.112307425005079
5520,85013,0,0,"LASP",39.9739037,-109.6520609,0,15,80.0875,1629.65,18.2333333333333,0.227325973333333,80.2679738562092,167.816993464052,34.8333333333333,10348.7352941176,324.673202614379,-150.660130718954,475.333333333333,155.509803921569,-60.5686274509804,209.349673202614,-60.8823529411765,221.055555555556,25.7156862745098,11.9150326797386,21.9052287581699,70.3790849673203,40.2712418300654,58.0718954248366,40.2712418300654,0.130376896434593,0.107849742412078
5520,85014,0,0,"LASP",38.4788417,-113.4325409,0,15,88.1111111111111,1753.88888888889,22.0231481481481,0.28894734,88.0733333333333,177.77,40.9366666666667,8609.94666666667,322.22,-106.84,429.06,149.08,-11.6066666666667,202.433333333333,-19.6933333333333,263.883333333333,30.4266666666667,13.58,23.4933333333333,81.1333333333333,49.41,68.9066666666667,49.68,0.145228579783916,0.113610925495936
5520,85015,0,0,"LASP",38.2041397,-112.6462479,0,15,64.8508771929825,2125.21052631579,30.5614035087719,0.531073153333333,63.6442953020134,176,42.5738255033557,8005.93959731544,286.39932885906,-122.167785234899,408.56711409396,107.164429530201,47.744966442953,169.701342281879,-35.5536912751678,373.651006711409,44.7953020134228,17.9463087248322,21.7718120805369,112.56711409396,77.7651006711409,96.3959731543624,85.1946308724832,0.173981781766148,0.0972691904907044
5520,85016,0,0,"LASP",38.4740357,-111.3539579,0,15,70.5877192982456,2170.26315789474,23.0701754385965,0.373561053333333,69.4949152542373,157.986440677966,38.6033898305085,8431.65084745763,283.535593220339,-121.345762711864,404.881355932203,171.491525423729,3.57966101694915,179.538983050847,-37.1694915254237,282.396610169492,38.6576271186441,14.6067796610169,31.3559322033898,99.5966101694915,50.9694915254237,86.0338983050847,57.2169491525424,0.157913756277368,0.107657394607641
5520,85017,0,0,"LASP",38.3728587,-110.7118149,0,15,107.598039215686,1615.11764705882,15.5833333333333,0.196544913333333,106.61744966443,163.88255033557,36.744966442953,9421.77181208054,336.057046979866,-103.661073825503,439.718120805369,206.231543624161,9.67114093959731,228.11744966443,-15.5369127516779,189.164429530201,26.258389261745,9.03691275167785,32.744966442953,69.751677852349,32.3825503355705,57.2114093959732,33.493288590604,0.146924915613988,0.132723504731058
5520,85018,0,0,"LASP",38.5833333,-109.3333333,0,15,95.4351851851852,1824,27.2083333333333,0.37646618,95.6755852842809,152.859531772575,36.2341137123746,8998.51170568562,316.90635451505,-99.2274247491639,416.133779264214,167.324414715719,70.7056856187291,212.558528428094,-19.9665551839465,326.501672240803,36.38127090301,14.7491638795987,21.2173913043478,101.133779264214,63.7759197324415,81.0602006688963,71.9130434782609,0.162564608563657,0.116783596261059
5520,85019,0,0,"LASP",37.7942977,-113.4586179,0,15,92.1470588235294,1712.94117647059,25.8137254901961,0.3958936,91.277027027027,167.334459459459,41.0743243243243,8254.60135135135,311.003378378378,-92.4324324324324,403.435810810811,119.155405405405,102.712837837838,200.405405405405,-11.8581081081081,316.202702702703,37.0033783783784,12.3614864864865,23.3648648648649,95.8817567567568,60.1418918918919,76.8141891891892,74.8614864864865,0.162262554918401,0.112561009639151
5520,85020,0,0,"LASP",37.4140427,-112.7998329,0,15,73.2,2165.75,35.5875,0.511221333333333,73.5084745762712,165.142372881356,42.4406779661017,7656.08813559322,283.203389830508,-101.040677966102,384.24406779661,29.2203389830508,103.105084745763,174.6,-20.3796610169492,429.46779661017,50.6474576271186,15.7830508474576,25.9796610169492,133.898305084746,70.9084745762712,103.972881355932,120.661016949153,0.168748285122149,0.099111899688953
5520,85022,0,0,"LASP",37.8867207,-110.3674399,0,15,114.412037037037,1639.44444444444,17.5555555555556,0.227578086666667,113.141414141414,152.905723905724,35.7710437710438,9254.72727272727,335.649831649832,-85.4848484848485,421.13468013468,193.949494949495,148.390572390572,233.380471380471,-5.7979797979798,212.515151515152,27.3569023569024,8.50841750841751,29.2053872053872,74.2020202020202,36.6835016835017,58.9494949494949,45.3063973063973,0.155696510891539,0.137455434302608
5520,85023,0,0,"LASP",37.2108797,-109.1727749,0,15,113.311403508772,1597.73684210526,21.1885964912281,0.22788378,112.783050847458,167.745762711864,38.5525423728814,9086.05423728814,339.68813559322,-89.5898305084746,429.277966101695,180.694915254237,157.064406779661,230.464406779661,-4.7864406779661,258.684745762712,31.7457627118644,7.69491525423729,28.4305084745763,85.8779661016949,38.5186440677966,60.6915254237288,63.935593220339,0.147074234735056,0.130238107026646
5520,85024,0,0,"LASP",41.9667767,-113.6309279,0,15,62.3809523809524,1803.09523809524,28.297619047619,0.431572073333333,61.3162939297125,150.539936102236,37.2140575079872,8295.2875399361,284.284345047923,-114.990415335463,399.274760383387,92.2396166134185,93.517571884984,170.642172523962,-42.6261980830671,343.041533546326,42.4472843450479,21.591054313099,21.4249201277955,108.578274760383,69.2939297124601,87.7827476038339,83.0798722044728,0.145369180031254,0.0905283645195475
5520,85025,0,0,"LASP",41.7045727,-113.8906629,0,15,64.9122807017544,1771.57894736842,25.6710526315789,0.339024133333333,65.0958466453674,154.97124600639,37.2939297124601,8461.38658146965,293.725239616613,-116.76357827476,410.488817891374,97.8658146964856,100.054313099042,176.638977635783,-41.4345047923323,308.153354632588,37.8945686900958,20.073482428115,20.5750798722045,96.9392971246006,63.1884984025559,78.6453674121406,73.220447284345,0.133243405417972,0.093585170436381
5520,85034,0,0,"LASP",39.5919247,-111.2646329,0,15,45.2324561403509,2318.21052631579,35.9166666666667,0.640096806666667,45.4455445544554,148.607260726073,36.6303630363036,8538.90759075908,259.838283828383,-140.36303630363,400.201320132013,16.9042904290429,91.8118811881188,156.630363036304,-63.0528052805281,429.673267326733,44.1155115511551,24.7029702970297,14.2871287128713,123.815181518152,88.3399339933993,97.1584158415842,115.128712871287,0.181486049728444,0.0858004060172013
5520,85102,0,0,"LASP",41.8929957,-112.2057119,0,15,72.6791666666667,1544.3,35.3458333333333,0.566912833333333,72.4792332268371,150.670926517572,35.5463258785942,9044.5910543131,306.964856230032,-111.031948881789,417.996805111821,76.4952076677316,183.846645367412,189.932907348243,-44.5303514376997,426.907348242812,48.2683706070288,22.0543130990415,19.3865814696486,130.373801916933,78.3642172523962,83.4376996805112,109.696485623003,0.16416441322406,0.0890446558779065
5520,85103,0,0,"LASP",41.5760447,-111.5635369,0,15,41.5083333333333,2069.4,40.7916666666667,0.735649306666667,41.7252396166134,153.303514376997,37.5463258785942,8496.18849840256,265.782747603834,-136.709265175719,402.492012779553,24.7060702875399,121.846645367412,152.431309904153,-65.7859424920128,479.661341853035,49.4281150159744,24.5335463258786,18.667731629393,142.332268370607,87.7891373801917,89.6038338658147,128.718849840256,0.186137299113914,0.0775734453013454
5520,85105,0,0,"LASP",40.0721647,-112.0953299,0,15,87.0657894736842,1698.26315789474,33.6447368421053,0.4137063,86.0789473684211,148.756578947368,36.1611842105263,8743.07894736842,311.032894736842,-94.7236842105263,405.756578947368,65.9177631578947,197.944078947368,201.700657894737,-24.0328947368421,408.167763157895,44.6611842105263,23.5394736842105,18.3486842105263,126.092105263158,76.75,76.7861842105263,102.381578947368,0.147044340877481,0.0992054113761179
5520,85106,0,0,"LASP",40.2788117,-111.2188649,0,15,42.3101851851852,2324.61111111111,47.7268518518519,0.782537986666667,41.7557003257329,148.765472312704,37.3029315960912,8302.4332247557,256.273615635179,-137.153094462541,393.42671009772,-45.4885993485342,139.14332247557,150.312703583062,-62.5602605863192,559.407166123779,58.6026058631922,30.2931596091205,19.328990228013,170.980456026059,100.964169381107,101.71986970684,169.377850162866,0.191459899870557,0.076024380395179
5520,85107,0,0,"LASP",40.8753817,-110.8317029,0,15,16.4833333333333,2777,46.7458333333333,0.711707486666667,17.7290322580645,139.861290322581,37.2806451612903,7949.51935483871,224.596774193548,-144.809677419355,369.406451612903,-38.2032258064516,92.0645161290323,123.274193548387,-77.2612903225806,542.448387096774,56.758064516129,33.4322580645161,15.1258064516129,159.545161290323,108.887096774194,110.003225806452,150.570967741935,0.169114636973386,0.0692119494184342
5520,85110,0,0,"LASP",39.3743227,-112.5768129,0,15,98.5601851851852,1503.66666666667,19.9722222222222,0.314248733333333,98.5066225165563,166.728476821192,37.6059602649007,9256.76158940397,337.940397350993,-99.817880794702,437.758278145695,87.1225165562914,193.725165562914,220.195364238411,-19.0927152317881,239.96357615894,28.4238410596026,13.5993377483444,22.4304635761589,79.1986754966887,44.2649006622517,44.5165562913907,56.5,0.155969081958992,0.120407080220909
5520,85113,0,0,"LASP",40.0155117,-109.1712729,0,15,76.7375,1753.6,22.3458333333333,0.268822813333333,77.0328947368421,167.799342105263,35.3881578947368,10082.9506578947,320.401315789474,-147.483552631579,467.884868421053,149.9375,-58.3618421052632,204.378289473684,-58.5756578947368,265.822368421053,30.2368421052632,14.3651315789474,20.6019736842105,80.8651315789474,48.3980263157895,67.7401315789474,48.3980263157895,0.13296621624933,0.104226952912069
5520,85114,0,0,"LASP",38.8114907,-113.6930469,0,15,90.3377192982456,1763.94736842105,20.8070175438597,0.24346106,90.3366666666667,177.766666666667,40.7033333333333,8612.83333333333,326.44,-104.793333333333,431.233333333333,115.766666666667,-13.5233333333333,205.173333333333,-16.9533333333333,249.846666666667,27.5966666666667,13.34,22.6566666666667,76.63,44.77,64.5566666666667,44.8533333333333,0.139613350370718,0.115957197380187
5520,85115,0,0,"LASP",38.4908847,-112.0016859,0,15,49.2583333333333,2394.3,30.5208333333333,0.553775593333333,49.9026845637584,169.845637583893,41.9362416107383,7867.46308724832,265.98322147651,-134.053691275168,400.036912751678,120.255033557047,22.3355704697987,153.711409395973,-47.748322147651,362.201342281879,44.7046979865772,19.2348993288591,22.238255033557,114.053691275168,73.6979865771812,99.3020134228188,82.0973154362416,0.177913504820289,0.0941356813598239
5520,85116,0,0,"LASP",38.2836597,-111.1290969,0,15,88.9953703703704,1937.16666666667,19.5925925925926,0.30590764,87.4765100671141,156.177852348993,37.3758389261745,8782.3322147651,304.647651006711,-108.275167785235,412.922818791946,192.087248322148,19.0436241610738,201.667785234899,-24.5436241610738,243.748322147651,34.4765100671141,11.7080536912752,33.5503355704698,88.7785234899329,41.5503355704698,75.0738255033557,47.2818791946309,0.156501257094836,0.119787287876927
5520,85117,0,0,"LASP",38.4728807,-110.2806089,0,15,110.573529411765,1528.70588235294,16.6127450980392,0.17455044,110.59595959596,166.441077441077,36.7542087542088,9576.23569023569,344.242424242424,-102.343434343434,446.585858585859,188.717171717172,30.0774410774411,233.989898989899,-13.996632996633,198.686868686869,25.3097643097643,9.34680134680135,28.4208754208754,69.6464646464647,36.7272727272727,55.2356902356902,37.6666666666667,0.141501673192608,0.132446583971556
5520,85118,0,0,"LASP",38.7364137,-109.8799969,0,15,112.995614035088,1468.42105263158,18.1929824561403,0.173226133333333,112.870860927152,163.980132450331,36.317880794702,9622.80463576159,346.854304635762,-98.5927152317881,445.44701986755,182.354304635762,3.77814569536424,236.609271523179,-12.6887417218543,221.380794701987,26.2417218543046,10.7715231788079,23.9437086092715,73.0695364238411,43.4867549668874,56.5927152317881,43.705298013245,0.137993627858348,0.130223581544156
5520,85119,0,0,"LASP",37.8962567,-113.6579899,0,15,87.3981481481482,1792.66666666667,26.0833333333333,0.376340453333333,87.2871621621622,168.027027027027,41.0641891891892,8243.32094594595,308.297297297297,-96.3513513513514,404.648648648649,133.621621621622,95.4121621621622,196.547297297297,-15.3243243243243,311.780405405405,35.7837837837838,12.7466216216216,22.4391891891892,93.6418918918919,60.8783783783784,76.9358108108108,71.9628378378378,0.157468133471354,0.110946775676192
5520,85122,0,0,"LASP",37.5756917,-110.7124489,0,15,126.245614035088,1498.47368421053,13.9956140350877,0.1737334,127.89527027027,149.635135135135,35.2533783783784,9322.44932432433,348.435810810811,-69.8175675675676,418.253378378378,214.574324324324,174.662162162162,248.797297297297,7.77702702702703,164.425675675676,22.2195945945946,6.54391891891892,30.8141891891892,59.1283783783784,27.875,47.0067567567568,34.2331081081081,0.15895936161697,0.153309969314918
5520,85151,0,0,"LASP",41.7465447,-113.1104429,0,15,79.3125,1529,25.9625,0.26847554,80.0702875399361,151.217252396166,35.6357827476038,8946.97124600639,312.725239616613,-105.923322683706,418.648562300319,119.166134185304,28.8849840255591,197.5303514377,-34.0031948881789,309.798722044728,40.4249201277955,19.370607028754,22.5303514376997,102.300319488818,63.073482428115,79.8434504792332,67.1789137380192,0.123713278891952,0.0978320966447728
5520,85152,0,0,"LASP",41.5821437,-112.0839389,0,15,77.7023809523809,1548.85714285714,39.0396825396825,0.598372886666667,76.2987421383648,145.600628930818,34.8238993710692,9006.27358490566,306.103773584906,-106.062893081761,412.166666666667,65.0314465408805,189.251572327044,193.874213836478,-39.3427672955975,468.364779874214,51.7075471698113,21.3490566037736,21.9779874213836,144.861635220126,80.7578616352201,82.9276729559748,124.084905660377,0.167860605133182,0.0886245849625765
5520,85153,0,0,"LASP",41.7238327,-111.3388129,0,15,33.5964912280702,2128.15789473684,34.1228070175439,0.650622473333333,33.2435897435897,159.00641025641,38.2435897435897,8613.07051282051,260.333333333333,-149.862179487179,410.195512820513,38.0320512820513,47.025641025641,144.871794871795,-76.3205128205128,400.5,41.5448717948718,22.8653846153846,16.7980769230769,118.259615384615,79.4038461538462,85.5833333333333,98.8814102564103,0.173250864467888,0.0780977878027944
5520,85156,0,0,"LASP",40.5815707,-111.0483399,0,15,28.225,2579.3,48.4958333333333,0.750906353333333,27.3846153846154,142.935897435897,37.4134615384615,8001.59935897436,235.926282051282,-140.423076923077,376.349358974359,-54.9134615384615,125.929487179487,133.208333333333,-69.900641025641,590.660256410256,62.150641025641,33.5448717948718,18.5288461538462,178.358974358974,109.849358974359,110.048076923077,175.442307692308,0.172658860052315,0.0688770734304179
5520,85157,0,0,"LASP",40.5509217,-110.7313849,0,15,21.412037037037,2736.11111111111,45.587962962963,0.622506066666667,20.6677419354839,138.141935483871,36.6032258064516,8038.4,225.545161290323,-146.454838709677,372,-28.958064516129,77.3516129032258,126.896774193548,-76.458064516129,546.758064516129,56.9870967741935,33.658064516129,14.8548387096774,161.332258064516,110.706451612903,112.990322580645,154.958064516129,0.148980423988777,0.0682914393858273
5520,85158,0,0,"LASP",40.8583267,-109.2579279,0,15,51.8194444444444,2197.83333333333,25.2777777777778,0.478609706666667,51.0744336569579,153.37216828479,37.1035598705502,8695.88996763754,275.080906148867,-132.42071197411,407.501618122977,72.3236245954693,-58.0258899676375,165.2071197411,-58.0258899676375,306.339805825243,34.3721682847896,16.1553398058252,21.8673139158576,94.6407766990291,54.1197411003236,81.5987055016181,54.1197411003236,0.164556670496082,0.0949461700854108
5520,85159,0,0,"LASP",39.8792347,-113.2671429,0,15,99.5555555555556,1457.72222222222,16.875,0.178399266666667,99.843137254902,157.571895424837,35.9313725490196,9316.92483660131,335.542483660131,-96.9542483660131,432.496732026144,112.571895424837,-10.3169934640523,222.898692810458,-17.8823529411765,200.248366013072,24.843137254902,12.0065359477124,22.483660130719,65.6045751633987,37.702614379085,48.5849673202614,37.7352941176471,0.132841649474551,0.121168037936258
5520,85160,0,0,"LASP",39.4991847,-112.2689739,0,15,93.3703703703704,1626.94444444444,24.6851851851852,0.36749316,92.7328990228013,163.905537459283,37.7882736156352,9037.06188925081,328.250814332248,-100.381107491857,428.631921824104,77.413680781759,211.661237785016,211.755700325733,-21.5667752442997,300.693811074919,33.6840390879479,16.9609120521173,19.9706840390879,94.4625407166124,55.8306188925081,55.8306188925081,75.2671009771987,0.157042763142313,0.112875479366538
5520,85161,0,0,"LASP",39.2398577,-111.8590009,0,15,71.4291666666667,1974.9,29.8125,0.564036953333333,69.81,164.243333333333,39.26,8504.67,294.923333333333,-117.963333333333,412.886666666667,52.7433333333333,152.543333333333,181.296666666667,-37.83,359.96,37.9333333333333,20,15.4333333333333,104.623333333333,72.63,75.9566666666667,91.4933333333333,0.185745108670818,0.101102681143622
5520,85162,0,0,"LASP",39.2209137,-110.9978409,0,15,66.6388888888889,2104.11111111111,25.3148148148148,0.338616666666667,66.4139072847682,152.615894039735,36.3973509933775,8876.32119205298,284.682119205298,-128.87417218543,413.556291390728,147.248344370861,8.31456953642384,181.811258278146,-47.2715231788079,304.105960264901,35.3940397350993,18.1092715231788,21.6026490066225,96.2317880794702,61.2682119205298,82.953642384106,69.158940397351,0.142729590372475,0.100921869763613
5520,85163,0,0,"LASP",39.5487857,-109.7414019,0,15,69.0601851851852,2093.44444444444,26.6435185185185,0.43638658,69.453642384106,147.016556291391,34.3112582781457,9314.44039735099,292.496688741722,-128.168874172185,420.665562913907,146.940397350993,-30.9966887417219,189.801324503311,-51.1158940397351,315.847682119205,33.7185430463576,18.9139072847682,17.7582781456954,96.3675496688742,64.2086092715232,82.8377483443709,64.887417218543,0.164886832549424,0.104291828302509
5520,85164,0,0,"LASP",38.5286637,-113.6722029,0,15,83.8208333333333,1878.9,23.625,0.309445753333333,84.24,175.623333333333,40.99,8444.08333333333,315.91,-106.89,422.8,144.08,-2.91,196.95,-20.3133333333333,281.233333333333,31.9466666666667,14.7566666666667,22.3333333333333,85.3033333333333,53.8333333333333,73.0366666666667,54.6066666666667,0.147334811377248,0.111763854851684
5520,85165,0,0,"LASP",38.7780147,-112.1083139,0,15,64.2962962962963,2119.66666666667,29.1527777777778,0.600948253333333,64.9395973154362,169.406040268456,40.9295302013423,8197.70805369127,287.030201342282,-121.748322147651,408.778523489933,90.0536912751678,79.8859060402685,173.006711409396,-37.6442953020134,347.5,39.0536912751678,18.7248322147651,17.9496644295302,103.778523489933,72.3456375838926,83.0402684563758,82.3322147651007,0.198152025915789,0.102443007377791
5520,85166,0,0,"LASP",38.9147857,-111.7413629,0,15,54.5333333333333,2292.95,29.8916666666667,0.59419492,55.5,162.67880794702,40.0264900662252,8160.08278145695,272.437086092715,-128.692052980132,401.129139072848,100.73178807947,66.0827814569536,162.781456953642,-46.5927152317881,357.009933774834,39.7913907284768,20.0695364238411,17.3013245033113,106.602649006623,74.0298013245033,89.7980132450331,84.4701986754967,0.191272149386914,0.0977040620789486
5520,85167,0,0,"LASP",38.6307937,-110.5667119,0,15,102.361111111111,1626.38888888889,16.2083333333333,0.15530996,103.073825503356,166.489932885906,36.8825503355705,9514.0033557047,335.234899328859,-110.281879194631,445.51677852349,195.026845637584,-16.2181208053691,225.604026845638,-20.6946308724832,193.422818791946,25.9530201342282,10.0872483221477,30.6409395973154,70.2684563758389,34.4664429530201,57.6275167785235,34.4865771812081,0.135382271066475,0.127918160113294
5520,85168,0,0,"LASP",38.4470777,-109.3860549,0,15,95.2962962962963,1840.22222222222,27.1851851851852,0.35376312,93.5218855218855,152.828282828283,36.4107744107744,8927.84511784512,314.259259259259,-99.7811447811448,414.040404040404,164.973063973064,98.959595959596,209.754208754209,-20.8922558922559,333.292929292929,37.3771043771044,14.3804713804714,22.0572390572391,104.3367003367,63.6902356902357,83.0740740740741,74.7037037037037,0.154940209615946,0.113945641648914
5520,85170,0,0,"LASP",37.4597237,-112.3240509,0,15,68.359649122807,2172.21052631579,29.9166666666667,0.406046226666667,70.8120805369127,169.291946308725,42.5805369127517,7742.93288590604,283.251677852349,-109.604026845638,392.855704697987,121.010067114094,102.261744966443,172.513422818792,-25.6845637583893,359.261744966443,46.5234899328859,14.0838926174497,27.1845637583893,116.006711409396,58.761744966443,95.8489932885906,94.744966442953,0.153889058306642,0.101606637911353
5520,85171,0,0,"LASP",37.0775177,-111.6624229,0,15,122.472222222222,1546.11111111111,15.1527777777778,0.190836233333333,122.986394557823,150.224489795918,37.3605442176871,8651.36734693878,336.397959183673,-60.6122448979592,397.010204081633,226.649659863946,164.170068027211,236.166666666667,13.3843537414966,180.547619047619,24.656462585034,7.10884353741497,28.921768707483,59.656462585034,28.4489795918367,50.391156462585,47.5884353741497,0.157680681698504,0.147848697207046
5520,85172,0,0,"LASP",37.4656037,-110.7089089,0,15,131.872549019608,1422.82352941176,12.8529411764706,0.179627286666667,131.809523809524,148.772108843537,35.1190476190476,9351.59863945578,352.074829931973,-65.4727891156463,417.547619047619,216.377551020408,178.897959183673,253.02380952381,11.2482993197279,155.622448979592,20.9183673469388,6.11224489795918,30.8469387755102,55.8809523809524,26.0850340136054,44.2517006802721,32.765306122449,0.16284527808082,0.156881415889957
5520,85173,0,0,"LASP",37.3927137,-109.2255249,0,15,110.052631578947,1641.36842105263,22.6491228070175,0.241761646666667,109.154109589041,165.246575342466,38.1164383561644,9076.80479452055,336.184931506849,-91.3698630136986,427.554794520548,176.510273972603,152.924657534247,226.969178082192,-8.06164383561644,276.520547945205,33.6404109589041,8.38013698630137,27.6712328767123,90.9657534246575,41.9554794520548,64.3253424657534,68.7842465753425,0.145754937323764,0.126213609028108
5520,85203,0,0,"LASP",41.6247767,-111.7942819,0,15,54.4649122807018,1887.68421052632,41.2719298245614,0.731025613333333,56.5759493670886,148.025316455696,36.1487341772152,8688.49683544304,282.139240506329,-121.731012658228,403.870253164557,32.0886075949367,167.082278481013,169.958860759494,-53.8987341772152,497.626582278481,52.3955696202532,23.6107594936709,20.376582278481,149.822784810127,87.6582278481013,88.6044303797468,136.056962025316,0.189256556623163,0.0820555082019884
5520,85206,0,0,"LASP",40.2440617,-111.1566919,0,15,39.2541666666667,2367.15,44.25,0.75170088,39.9052287581699,148.823529411765,37.1928104575163,8331.65032679739,254.09477124183,-140.578431372549,394.673202614379,-40.6797385620915,129.722222222222,148.653594771242,-65.0294117647059,540.679738562092,56.0228758169935,30.0522875816993,17.9084967320261,163.637254901961,100.477124183007,101.787581699346,161.673202614379,0.186479733792395,0.0764404388458883
5520,85218,0,0,"LASP",38.6821807,-109.4773259,0,15,103.266666666667,1681.65,24.0875,0.316641886666667,102.929292929293,155.333333333333,36.0572390572391,9228.367003367,328.080808080808,-96.8989898989899,424.979797979798,173.882154882155,43.956228956229,222.377104377104,-16.3400673400673,291.727272727273,32.9393939393939,13.5488215488215,21.3771043771044,90.8350168350168,57.7171717171717,72.0909090909091,62.8754208754209,0.156300877206305,0.122113265526066
5520,85251,0,0,"LASP",41.6548957,-113.1803129,0,15,82.8583333333333,1486.65,24.8458333333333,0.23436352,83.482428115016,149.335463258786,35.2364217252396,8996.29712460064,315.549520766773,-102.801916932907,418.351437699681,122.060702875399,14.3482428115016,201.718849840256,-31.0830670926518,294.984025559105,38.779552715655,18.4249201277955,22.9361022364217,98.1725239616613,59.7380191693291,76.7380191693291,62.7699680511182,0.120580303884954,0.100110949125204
5520,85257,0,0,"LASP",40.5507558,-110.7307569,0,15,21.412037037037,2736.11111111111,45.587962962963,0.622506066666667,20.6677419354839,138.141935483871,36.6032258064516,8038.4,225.545161290323,-146.454838709677,372,-28.958064516129,77.3516129032258,126.896774193548,-76.458064516129,546.758064516129,56.9870967741935,33.658064516129,14.8548387096774,161.332258064516,110.706451612903,112.990322580645,154.958064516129,0.148980423988777,0.0682914393858273
5520,85263,0,0,"LASP",39.234033,-109.20575,0,15,90.9791666666667,1788.95,24.8166666666667,0.347307106666667,89.5346534653465,152.759075907591,35.3333333333333,9324.46864686469,314.973597359736,-110.689768976898,425.663366336634,159.617161716172,-19.9042904290429,209.864686468647,-31.5148514851485,303.250825082508,32.1848184818482,17.4686468646865,17.5280528052805,90.9174917491749,62.8316831683168,75.6963696369637,63.023102310231,0.153892395066613,0.112798814227259
5520,85267,0,0,"LASP",38.6304603,-110.5665511,0,15,102.361111111111,1626.38888888889,16.2083333333333,0.15530996,103.113712374582,166.508361204013,36.8829431438127,9514.64214046823,335.290969899666,-110.260869565217,445.551839464883,194.993311036789,-16.2006688963211,225.652173913043,-20.6622073578595,193.327759197324,25.943143812709,10.0802675585284,30.6488294314381,70.2374581939799,34.4448160535117,57.5986622073579,34.4648829431438,0.135423585973517,0.127965691962309
5520,85268,0,0,"LASP",38.45,-109.38333,0,15,95.2962962962963,1840.22222222222,27.1851851851852,0.35376312,93.5151515151515,152.835016835017,36.4107744107744,8927.78114478115,314.255892255892,-99.8013468013468,414.057239057239,164.96632996633,98.952861952862,209.744107744108,-20.8989898989899,333.360269360269,37.3804713804714,14.3939393939394,22.047138047138,104.350168350168,63.7373737373737,83.0942760942761,74.6868686868687,0.154924110122495,0.113932676482999
5520,85301,0,0,"LASP",41.8445587,-113.7944189,0,15,60.425,1843,27.7458333333333,0.389484213333333,60.8333333333333,152.948717948718,37.400641025641,8322.70512820513,285.814102564103,-117.897435897436,403.711538461538,89.3589743589744,112.653846153846,170.548076923077,-43.5576923076923,333.935897435897,40.5320512820513,21.6378205128205,20.0576923076923,104.051282051282,68.2788461538462,84.0576923076923,81.9583333333333,0.138510351065433,0.0907464280123802
5520,85302,0,0,"LASP",41.8927397,-112.7760009,0,15,74.8833333333333,1529.15,29.4666666666667,0.355668286666667,75.2082018927445,155.826498422713,36.2996845425868,8990.72555205047,311.905362776025,-111.776025236593,423.681388012618,108.309148264984,102.400630914826,192.589905362776,-40.4668769716088,350.709779179811,43.5299684542587,21.6056782334385,20.3343848580442,111.501577287066,70.3091482649842,82.6214511041009,81.1955835962145,0.131698098280583,0.0926713687957762
5520,85304,0,0,"LASP",40.7651227,-113.1008299,0,15,102.614035087719,1364.63157894737,20.8728070175439,0.18884196,102.787096774194,136.135483870968,32.4677419354839,9379.61612903226,331.006451612903,-82.3935483870968,413.4,126.138709677419,56.5258064516129,227.070967741935,-14.9935483870968,247.629032258065,31.0290322580645,15.3741935483871,22.4741935483871,82.8354838709677,48.9032258064516,57.7967741935484,50.2032258064516,0.128071977947055,0.116479758317654
5520,85305,0,0,"LASP",40.5999027,-112.4806369,0,15,94.3625,1587.5,33.7083333333333,0.40841064,95.2829581993569,130.270096463022,32.4565916398714,9008.93247588424,315.614147909968,-80.1350482315112,395.749196141479,75.7138263665595,196.549839228296,215.305466237942,-16.8102893890675,399.697749196142,48.2090032154341,21.8360128617363,23.6302250803859,132.514469453376,72.8006430868167,73.5209003215434,94.6881028938907,0.151241686617094,0.104616409763904
5520,85306,0,0,"LASP",40.6360057,-111.3142929,0,15,39.9625,2360.25,51.8666666666667,0.81033426,38.1935483870968,146.861290322581,37.9129032258065,8036.72580645161,250.887096774194,-130.732258064516,381.61935483871,-40.8064516129032,144.393548387097,144.393548387097,-60.4032258064516,628.748387096774,68.3774193548387,32.4548387096774,22.741935483871,196.606451612903,105.325806451613,105.325806451613,191.916129032258,0.183637128825412,0.0699404765316985
5520,85307,0,0,"LASP",40.4606587,-110.8925939,0,15,26.8009259259259,2620.22222222222,46.3842592592593,0.677175033333333,27.5616883116883,142.324675324675,36.9512987012987,8113.45779220779,235.594155844156,-144.136363636364,379.730519480519,-29.4448051948052,96.8279220779221,134.409090909091,-71.8668831168831,546.756493506493,56.8538961038961,32.538961038961,15.9837662337662,163.331168831169,107.045454545455,108.701298701299,158.506493506494,0.163708206605409,0.071333482825268
5520,85308,0,0,"LASP",40.5888487,-109.0548549,0,15,58.4206349206349,2052,24.9246031746032,0.41085746,58.7508090614887,163.132686084142,37.3527508090615,9078.3430420712,291.26860841424,-139.909385113269,431.177993527508,83.0032362459547,-57.9449838187702,176.352750809061,-58.2491909385113,298.42071197411,32.4174757281553,15.9223300970874,20.6051779935275,88.8673139158576,53.3656957928803,77.168284789644,53.3656957928803,0.152312802211514,0.0968162393187116
5520,85309,0,0,"LASP",39.2237627,-114.0008239,0,15,84.3194444444444,1868.38888888889,22.3935185185185,0.292506586666667,83.6600660066007,175.798679867987,40.8448844884488,8431.91749174917,318.514851485149,-107.267326732673,425.782178217822,74.3399339933993,-2.003300330033,196.442244224422,-20.3366336633663,270.353135313531,29.9372937293729,15.1221122112211,21.026402640264,82.6369636963696,50.6468646864686,67.6237623762376,52.1551155115512,0.144661864626746,0.111805782739026
5520,85310,0,0,"LASP",39.6604917,-112.0639489,0,15,82.8981481481482,1804.33333333333,31.4305555555556,0.429390546666667,83.6151315789474,158.888157894737,37.5888157894737,8804.29605263158,313.891447368421,-103.5,417.391447368421,54.7072368421053,198.407894736842,199.796052631579,-27.3618421052632,370.842105263158,40.2171052631579,21.0921052631579,17.7269736842105,112.875,70.4572368421053,70.5230263157895,95.9605263157895,0.157407212170376,0.103534942907464
5520,85311,0,0,"LASP",39.3222457,-111.4426679,0,15,49.3564814814815,2337.33333333333,34.287037037037,0.604802266666667,49.8039867109635,151.039867109635,37.5647840531561,8372.10631229236,263.880398671096,-132.558139534884,396.43853820598,44.8338870431894,98.2325581395349,159.544850498339,-55.421926910299,407.458471760797,42.8803986710963,23.0265780730897,14.9235880398671,117.249169435216,83.9003322259136,95.0033222591362,105.049833887043,0.180889600598316,0.0901064348998895
5520,85312,0,0,"LASP",39.6723067,-110.6278609,0,15,58.5046296296296,2157.61111111111,28.1342592592593,0.4318557,57.1960784313725,147.238562091503,35.5228758169935,8885.59150326797,274.254901960784,-134.130718954248,408.385620915033,131.977124183007,20.2320261437909,172.558823529412,-56.3790849673203,342.143790849673,36.0522875816993,22.0915032679739,15.0294117647059,101.267973856209,72.9575163398693,88.9575163398693,79.0130718954248,0.151622132652708,0.0939658705990018
5520,85313,0,0,"LASP",39.0819137,-109.1242599,0,15,95.3041666666667,1740.5,24.9541666666667,0.328048246666667,96.950495049505,155.128712871287,35.6897689768977,9339.12871287129,323.122112211221,-105.221122112211,428.343234323432,166.986798679868,-5.01980198019802,217.237623762376,-24.6534653465347,293.339933993399,31.6204620462046,15.980198019802,18.5115511551155,88.6039603960396,59.980198019802,72.4983498349835,61.0561056105611,0.155569238108944,0.118451141227634
5520,85314,0,0,"LASP",39.0134257,-113.3740539,0,15,93.2222222222222,1640.11111111111,19.2777777777778,0.202205826666667,92.7516556291391,177.453642384106,39.9602649006623,8870.37748344371,332.367549668874,-106.228476821192,438.596026490066,88.4834437086093,-17.3807947019868,210.311258278146,-19.0761589403974,233.996688741722,25.9172185430464,13.0662251655629,22.1092715231788,73.6754966887417,42.2615894039735,57.4271523178808,42.2980132450331,0.132241235102482,0.115942076871446
5520,85315,0,0,"LASP",38.5160977,-112.6055759,0,15,70.1176470588235,2020.76470588235,29.578431372549,0.52386172,70.9593220338983,173.979661016949,41.5118644067797,8246.82711864407,297.31186440678,-117.176271186441,414.48813559322,70.3220338983051,68.5966101694915,180.213559322034,-31.7762711864407,352.572881355932,40.6983050847458,17.6847457627119,19.7152542372881,105.538983050847,74.064406779661,84.3186440677966,81.4745762711864,0.179139585042391,0.10253522597732
5520,85319,0,0,"LASP",37.6616527,-113.5482669,0,15,91.3240740740741,1764.5,28.3194444444444,0.43800174,90.7718120805369,164.604026845638,41.1308724832215,8102.84899328859,306.959731543624,-88.8523489932886,395.812080536913,72.3489932885906,120.865771812081,198.073825503356,-9.8993288590604,341.506711409396,40.5771812080537,12.2315436241611,24.3221476510067,105.221476510067,61.4798657718121,79.8120805369127,87.1744966442953,0.16905251171036,0.111609202668894
5520,85320,0,0,"LASP",37.3250947,-112.4560459,0,15,77.3564814814815,2090.05555555556,31.7222222222222,0.413006666666667,79.6224489795918,168.43537414966,42.6462585034014,7731.65646258503,291.62925170068,-98.843537414966,390.472789115646,75.1496598639456,111.068027210884,181.404761904762,-16.2142857142857,375.312925170068,45.9047619047619,13.8231292517007,26.891156462585,118.812925170068,59.3741496598639,94.1836734693878,105.979591836735,0.15750279724274,0.105153884650971
5520,85322,0,0,"LASP",37.5206767,-110.7254249,0,15,131.450980392157,1421.82352941176,12.8970588235294,0.178819006666667,130.327645051195,149.296928327645,35.1843003412969,9343.49146757679,350.849829351536,-67.3481228668942,418.19795221843,216.651877133106,177.344709897611,251.460750853242,9.8839590443686,157.986348122867,21.3549488054608,6.26621160409556,30.839590443686,56.8464163822526,26.7030716723549,45.1399317406143,32.9556313993174,0.161044175540848,0.154911133455603
5520,85368,0,0,"LASP",38.447119,-109.38558,0,15,95.2962962962963,1840.22222222222,27.1851851851852,0.35376312,93.506711409396,152.825503355705,36.4093959731544,8927.38255033557,314.238255033557,-99.7953020134228,414.03355704698,164.939597315436,99.0637583892617,209.731543624161,-20.9026845637584,333.359060402685,37.3825503355705,14.3859060402685,22.0570469798658,104.362416107383,63.7114093959732,83.0973154362416,74.7046979865772,0.154917783308449,0.113925947518859
5520,85412,0,0,"LASP",39.6723067,-110.62786,0,15,58.5046296296296,2157.61111111111,28.1342592592593,0.4318557,57.1960784313725,147.238562091503,35.5228758169935,8885.59150326797,274.254901960784,-134.130718954248,408.385620915033,131.977124183007,20.2320261437909,172.558823529412,-56.3790849673203,342.143790849673,36.0522875816993,22.0915032679739,15.0294117647059,101.267973856209,72.9575163398693,88.9575163398693,79.0130718954248,0.151622132652708,0.0939658705990018
5520,85512,0,0,"LASP",39.6723067,-110.62786,0,15,58.5046296296296,2157.61111111111,28.1342592592593,0.4318557,57.1960784313725,147.238562091503,35.5228758169935,8885.59150326797,274.254901960784,-134.130718954248,408.385620915033,131.977124183007,20.2320261437909,172.558823529412,-56.3790849673203,342.143790849673,36.0522875816993,22.0915032679739,15.0294117647059,101.267973856209,72.9575163398693,88.9575163398693,79.0130718954248,0.151622132652708,0.0939658705990018
5520,89007,0,0,"LASP",48.0542177,-118.5401529,0,15,74.6,759.2,31.0083333333333,0.67861992,73.7150997150997,132.746438746439,35.5925925925926,8155.2962962963,285.381766381766,-82.4330484330484,367.814814814815,-24.6638176638177,173.088319088319,178.575498575499,-31.1253561253561,375.766381766382,50.980056980057,18.3931623931624,32.1111111111111,136.954415954416,57.3732193732194,68.8347578347578,121.712250712251,0.178938065892854,0.0839393938083262
5520,89014,0,0,"LASP",47.0871717,-119.2576519,0,15,101.742753623188,377.478260869565,16.8550724637681,0.626913493333333,101.469387755102,128.769679300292,34.4256559766764,8357.95043731778,309.265306122449,-59.6880466472303,368.953352769679,-0.766763848396501,202.583090379009,208.556851311953,-6.13702623906706,201.807580174927,29.9096209912536,6.00291545189504,41.597667638484,81.6822157434402,23.2478134110787,28.7696793002915,72.9125364431487,0.212155493269538,0.112246319219934
5520,89015,0,0,"LASP",47.3399077,-118.1453169,0,15,84.0916666666667,628.1,28.4375,0.457407853333333,83.8724637681159,132.344927536232,36.8202898550725,7694.66376811594,293.124637681159,-61.3971014492754,354.521739130435,-9.0695652173913,179.330434782609,183.168115942029,-13.9623188405797,345.03768115942,48.536231884058,13.168115942029,38.0463768115942,134.547826086957,43.9855072463768,51.2753623188406,120.84347826087,0.137617233205702,0.0860351991620908
5520,89016,0,0,"LASP",47.7305767,-117.9280779,0,15,79.6785714285714,702.761904761905,34.4365079365079,0.628502326666667,79.5201149425287,124.591954022989,34.514367816092,7962.00287356322,287.413793103448,-68.1609195402299,355.574712643678,-15.7040229885057,177.85632183908,182.545977011494,-21.6465517241379,412.580459770115,57.8908045977011,16.764367816092,37.5574712643678,161.456896551724,55.0747126436782,65.1867816091954,144.112068965517,0.16341614223545,0.0824589705940924
5520,89020,0,0,"LASP",46.3900437,-120.4601369,0,15,90.3333333333333,548.4,26.2833333333333,0.572502693333333,90.914201183432,132.869822485207,37.896449704142,7536.27218934911,289.659763313609,-56.4704142011834,346.130177514793,-0.21301775147929,183.828402366864,188.710059171598,-4.65680473372781,300.550295857988,50.292899408284,6.54733727810651,52.8757396449704,141.224852071006,30.4289940828402,33.5591715976331,128.585798816568,0.174266184496337,0.0960696890760421
5520,89021,0,0,"LASP",46.0599687,-119.9901579,0,15,105.185606060606,388,20.7575757575758,0.47328056,104.305637982196,130.047477744807,37.646884272997,7488.7002967359,302.347181008902,-38.8189910979228,341.166172106825,14.2462908011869,196.709198813056,202.121661721068,9.85459940652819,246.964391691395,38.4985163204748,5.87537091988131,46.6053412462908,108.112759643917,27.2818991097923,29.9762611275964,96.5222551928783,0.165919510933458,0.105689934460193
5520,89022,0,0,"LASP",46.4294877,-118.8255839,0,15,110.765151515152,278.136363636364,21.1439393939394,0.534736986666667,110.48224852071,131.994082840237,36.9674556213018,7740.06213017751,315.139053254438,-37.4526627218935,352.591715976331,16.7692307692308,205.508875739645,211.627218934911,12.3136094674556,253.58875739645,36.0650887573965,7.17751479289941,40.8343195266272,100.369822485207,29.8757396449704,33.2041420118343,89.396449704142,0.182046138029689,0.109229784966781
5520,89023,0,0,"LASP",46.3417127,-117.0559849,0,15,83.2460317460317,817.238095238095,44.0912698412698,0.64720846,81.6430678466077,128.882005899705,37.4041297935103,7152.19469026549,282.867256637168,-57.4837758112094,340.351032448378,4.72566371681416,172.427728613569,175.088495575221,-7.34808259587021,535.905604719764,61.952802359882,20.6489675516224,28.740412979351,181.59587020649,76.9498525073746,91.1474926253687,166.318584070796,0.152231092194787,0.0759073572241149
5520,89026,0,0,"LASP",45.9666667,-120.25,0,15,98.675,499.85,24.9083333333333,0.423567053333333,98.7168674698795,127.972891566265,37.3704819277108,7404.21987951807,295.725903614458,-42.2198795180723,337.94578313253,10.4698795180723,191.262048192771,195.843373493976,6.00602409638554,295.683734939759,48.2801204819277,6.39457831325301,52.0753012048193,136.58734939759,29.8644578313253,32.2620481927711,122.418674698795,0.145380870974668,0.0975280371100302
5520,89037,0,0,"LASP",47.3151767,-119.8794779,0,15,87.8769841269841,587.571428571429,21.1507936507937,0.540443926666667,87.2122093023256,122.912790697674,32.8779069767442,8524.42441860465,292.438953488372,-76.1947674418605,368.633720930233,-16.4825581395349,190.686046511628,195.94476744186,-22.9563953488372,264.558139534884,42.2412790697674,7.44186046511628,45.5,114.656976744186,30.8517441860465,36.8662790697674,102.404069767442,0.170713455834916,0.0968519569269628
5520,89038,0,0,"LASP",47.7717347,-118.8944699,0,15,84.0833333333333,646.863636363636,25.0833333333333,0.447167053333333,84.1120689655172,132.862068965517,35.4683908045977,8264.5,296.367816091954,-73.3477011494253,369.715517241379,-15.8045977011494,185.10632183908,189.882183908046,-22.3045977011494,299.17816091954,41.8735632183908,13.3103448275862,35.0172413793103,112.235632183908,42.1954022988506,50.5258620689655,99.8103448275862,0.142944801001854,0.0903334031856434
5520,89039,0,0,"LASP",47.0760577,-117.7335889,0,15,89.1742424242424,597.863636363636,33.5833333333333,0.529480153333333,88.6304985337243,131.046920821114,37.5395894428152,7356.05278592375,293.073313782991,-51.6041055718475,344.677419354839,0.422287390029326,180.410557184751,184.621700879765,-3.95894428152493,405.401759530792,56.8211143695015,14.1612903225806,38.533724340176,158.225806451613,50.5923753665689,58.9853372434018,144.721407624633,0.146397924084602,0.0849159784993693
5520,89045,0,0,"LASP",46.9124767,-119.3686529,0,15,104.784090909091,329,16.2007575757576,0.625735786666667,104.973684210526,130.008771929825,35.0321637426901,8277.82748538012,311.029239766082,-55.0614035087719,366.090643274854,3.48830409356725,204.786549707602,211.359649122807,-1.61988304093567,193.529239766082,29.4649122807018,5.47076023391813,42.8245614035088,79.5526315789474,22.4649122807018,26.8450292397661,71.1140350877193,0.215349683742272,0.114966364261634
5520,89046,0,0,"LASP",46.2373387,-118.3682399,0,15,102.674242424242,468.772727272727,35.8863636363636,0.566216666666667,103.792899408284,129.656804733728,37.189349112426,7373.2100591716,307.369822485207,-36.5798816568047,343.949704142012,16.2189349112426,196.121301775148,200.958579881657,11.7278106508876,425.644970414201,57.6390532544379,11.0443786982249,40.9792899408284,167.896449704142,46.5621301775148,52.4437869822485,151.612426035503,0.159581240215481,0.0916277785985395
5520,89047,0,0,"LASP",46.3340817,-117.6770249,0,15,78.6416666666667,870.2,46.8666666666667,0.6348349,79.330383480826,131.176991150442,38.047197640118,7051.68436578171,281.40412979351,-58.3038348082596,339.70796460177,-3.13274336283186,168.761061946903,171.737463126844,-8.28023598820059,560.436578171091,73.2507374631268,16.7345132743363,38.1032448377581,214.982300884956,66.7138643067847,77.5486725663717,198.020648967552,0.1453175794449,0.0732730040126722
5520,89050,0,0,"LASP",48.7556407,-119.6633299,0,15,50.8787878787879,1098.59090909091,31.5265151515152,0.72722338,48.6798866855524,121.090651558074,33.3937677053824,8106.53824362606,246.57223796034,-110.685552407932,357.257790368272,-46.5977337110482,129.158640226629,151.71954674221,-55.4815864022663,384.348441926346,49.7563739376771,21.2266288951841,26.2209631728045,133.090651558074,71.4050991501416,85.685552407932,123.504249291785,0.178182228344575,0.0746399209624937
5520,89056,0,0,"LASP",47.8444617,-119.0176089,0,15,84.6547619047619,645.52380952381,24.6507936507937,0.444704666666667,84.4115942028986,131.834782608696,34.9449275362319,8386.47246376812,296.68115942029,-75.5623188405797,372.24347826087,-16.8405797101449,186.628985507246,191.759420289855,-23.8521739130435,296.286956521739,41.4724637681159,13.2695652173913,34.5333333333333,110.475362318841,42.4521739130435,51.1014492753623,98.3768115942029,0.143043551663887,0.0907149730145558
5520,89058,0,0,"LASP",47.1741037,-117.3798749,0,15,81.234126984127,734.952380952381,42.1626984126984,0.67331844,81.9595375722543,125.942196531792,36.7485549132948,7245.61849710983,281.696531791907,-56.3439306358381,338.040462427746,-4.1849710982659,172.589595375723,176.491329479769,-8.94797687861272,497.031791907514,68.3612716763006,17.4971098265896,38.135838150289,193.482658959538,62.9942196531792,74.0375722543353,178.601156069364,0.162620128408273,0.0784470751201321
5520,89063,0,0,"LASP",46.9700517,-119.3451239,0,15,103.52380952381,349.47619047619,16.2698412698413,0.642561866666667,103.821637426901,129.377192982456,34.7426900584795,8320.65204678363,310.406432748538,-56.9473684210526,367.353801169591,1.86842105263158,204.213450292398,210.62865497076,-3.34210526315789,195,29.4941520467836,5.54678362573099,42.5701754385965,79.9093567251462,22.4883040935673,27.280701754386,71.3684210526316,0.219548552745739,0.114764663694828
5520,89064,0,0,"LASP",46.8220087,-118.8059009,0,15,101.678571428571,392.904761904762,19.6507936507937,0.484206973333333,101.645161290323,134.574780058651,36.8475073313783,7898.41348973607,310.472140762463,-49.6041055718475,360.076246334311,5.05865102639296,198.199413489736,203.91788856305,0.87683284457478,236.340175953079,33.8181818181818,7.30791788856305,39.6510263929619,92.5718475073314,28.3431085043988,32.266862170088,82.5307917888563,0.168332587031251,0.105155168886537
5520,89065,0,0,"LASP",46.4670167,-117.5889669,0,15,89.4126984126984,692.571428571429,41.4365079365079,0.576051406666667,86.9674556213018,130.559171597633,37.8994082840237,7099.11538461538,289.056213017751,-50.3994082840237,339.455621301775,3.56508875739645,176.813609467456,180.115384615385,-1.21597633136095,507.529585798817,65.8284023668639,16.0118343195266,36.8313609467456,192.369822485207,62.2958579881657,72.8047337278107,176.902366863905,0.141940708805838,0.0779366380829547
5520,89069,0,0,"LASP",48.2241597,-119.0483859,0,15,72.2698412698413,811.857142857143,28.3492063492063,0.64073036,70.4403409090909,131.238636363636,34.8664772727273,8322.04829545455,279.730113636364,-91.3579545454545,371.088068181818,-29.8920454545455,171.522727272727,176.801136363636,-37.1363636363636,343.5625,45.1278409090909,17.2613636363636,29.25,120.107954545455,56.2017045454545,68.5142045454545,108.301136363636,0.173940131930556,0.0846652273173145
5520,89076,0,0,"LASP",47.1305337,-118.6865769,0,15,92.5952380952381,504.904761904762,21.6706349206349,0.434395353333333,93.208211143695,136.33724340176,37.1378299120235,7884.56598240469,303.958944281525,-58.3196480938416,362.278592375367,-3.0791788856305,190.058651026393,194.475073313783,-7.5366568914956,259.023460410557,36.7184750733138,9.01759530791789,38.6598240469208,100.923753665689,31.7126099706745,36.9736070381232,90.4956011730205,0.149473046936256,0.0975341641888704
5520,89077,0,0,"LASP",47.8873847,-117.9899749,0,15,77.7234848484848,719.636363636364,35.1590909090909,0.69496516,77.5258620689655,126.281609195402,34.5172413793103,8067.06034482759,287.10632183908,-73.1867816091954,360.293103448276,-19.1091954022989,176.540229885057,181.873563218391,-25.3275862068966,427.316091954023,59.9597701149425,18.301724137931,36.551724137931,165.373563218391,59.0316091954023,70.0890804597701,147.152298850575,0.175877708597483,0.0816839006792732
5520,89081,0,0,"LASP",46.6647347,-120.4879609,0,15,82.4,618,27.9333333333333,0.549307333333333,82.9794117647059,130.741176470588,37.2882352941176,7595.62941176471,280.214705882353,-65.8352941176471,346.05,-9.01176470588235,176.65,180.923529411765,-13.6647058823529,329.373529411765,54.4823529411765,7.55294117647059,51.6647058823529,152.832352941176,33.8323529411765,38.0058823529412,139.826470588235,0.159209347819596,0.0887135323841241
5520,89082,0,0,"LASP",46.7665517,-119.0762459,0,15,105.230158730159,326.714285714286,17.3253968253968,0.54614676,105.489675516224,132.766961651917,36.2389380530973,8029.22713864307,311.899705014749,-49.1976401179941,361.097345132743,7.07964601769912,202.802359882006,209.188790560472,2.53392330383481,208.823008849558,30.76401179941,6.13274336283186,41.1445427728614,83.5634218289086,24.7079646017699,28.3893805309735,74.7433628318584,0.190454976545952,0.111418649017411
5520,89083,0,0,"LASP",46.2884577,-118.4872669,0,15,107.690476190476,369.190476190476,30.0079365079365,0.52195098,108.828908554572,130.17994100295,37.0678466076696,7492.25073746313,313.005899705015,-33.5339233038348,346.53982300885,19.3480825958702,202.171091445428,207.474926253687,14.9498525073746,360.002949852507,48.8908554572271,9.69026548672566,40.3628318584071,140.976401179941,40.5516224188791,45.4513274336283,126.294985250737,0.161460748920674,0.0985057368872131
5520,89084,0,0,"LASP",46.2738807,-117.2930749,0,15,78.4365079365079,888.428571428571,45.0912698412698,0.6435963,78.1701492537313,130.698507462687,37.8029850746269,7109.31343283582,280.011940298507,-61.110447761194,341.122388059702,0.916417910447761,168.423880597015,171.038805970149,-10.3522388059701,541.985074626866,65.355223880597,19.3701492537313,31.2119402985075,191.767164179104,73.7910447761194,87.2208955223881,176.098507462687,0.149697073554713,0.074448423304644
5520,89145,0,0,"LASP",46.9125327,-119.3681329,0,15,104.784090909091,329,16.2007575757576,0.625735786666667,104.973684210526,130.008771929825,35.0321637426901,8277.82748538012,311.029239766082,-55.0614035087719,366.090643274854,3.48830409356725,204.786549707602,211.359649122807,-1.61988304093567,193.529239766082,29.4649122807018,5.47076023391813,42.8245614035088,79.5526315789474,22.4649122807018,26.8450292397661,71.1140350877193,0.215349683742272,0.114966364261634
5520,89182,0,0,"LASP",46.7665517,-119.04624,0,15,104.666666666667,337.095238095238,17.6071428571429,0.545271026666667,105.091715976331,132.961538461538,36.3224852071006,8011.80769230769,311.698224852071,-49.1745562130178,360.872781065089,6.90828402366864,202.269230769231,208.603550295858,2.4112426035503,211.360946745562,31.0147928994083,6.23668639053254,40.9497041420118,84.3343195266272,25.0443786982249,28.7337278106509,75.3846153846154,0.189702538561297,0.111013113991953
5520,89183,0,0,"LASP",46.2645367,-118.1448599,0,15,94.0978260869565,613.652173913043,41.5072463768116,0.597119533333333,93.2228739002933,129.739002932551,37.4604105571848,7231.56304985337,296.428152492669,-45.3049853372434,341.733137829912,7.95014662756598,184.354838709677,188.401759530792,3.28445747800587,501.838709677419,67.9618768328446,13.217008797654,41.2727272727273,198.478005865103,54.9677419354839,62.5601173020528,181.008797653959,0.149960909871422,0.0813251450395343
5520,90011,0,0,"LASP",38.8438867,-82.0520239,0,15,117.685185185185,231.222222222222,89.0046296296296,0.86200444,117.444816053512,131.936454849498,35.6622073578595,8467.91973244147,298.769230769231,-66.5719063545151,365.341137123746,205.434782608696,4.64214046822742,222.692307692308,3.36454849498328,1068.4347826087,119.341137123746,70.8695652173913,15.6153846153846,313.816053511706,227.414715719064,311.652173913043,227.42474916388,0.128816056886157,0.0542387918022154
5520,90012,0,0,"LASP",38.7324167,-82.0947269,0,15,118.710526315789,233.263157894737,89.7236842105263,0.86075982,118.644736842105,131.842105263158,35.7861842105263,8426.7072368421,299.263157894737,-64.5394736842105,363.802631578947,206.75,10.6217105263158,223.476973684211,5.25,1075.84539473684,120.832236842105,71.4210526315789,15.5592105263158,316.161184210526,230.523026315789,314.243421052632,230.569078947368,0.128388683696291,0.0543197528861252
5520,90112,0,0,"LASP",38.8178877,-82.1169579,0,15,117.518518518519,230,88.8287037037037,0.86213154,117.703333333333,131.896666666667,35.65,8463.87333333333,298.903333333333,-66.3333333333333,365.236666666667,205.316666666667,4.51,222.896666666667,3.66,1068.36666666667,119.433333333333,70.6566666666667,15.7666666666667,314.376666666667,227.096666666667,311.93,227.103333333333,0.128993617282678,0.0543384266385102
5520,91009,0,0,"LASP",45.0280407,-92.7478269,0,15,67.125,291.55,64.9166666666667,0.862298793333333,67.2319277108434,116.171686746988,25.1265060240964,11578.7469879518,285.424698795181,-168.972891566265,454.397590361446,207.168674698795,-92.7530120481928,207.168674698795,-92.7530120481928,779.03313253012,111.421686746988,20.2228915662651,49.3072289156626,316.792168674699,70.4156626506024,316.792168674699,70.4156626506024,0.137354230486866,0.0506057770788049
5520,91031,0,0,"LASP",44.6509917,-92.4279399,0,15,67.8,299.45,66.1916666666667,0.895967906666667,67.8060606060606,120.657575757576,26.1,11422.9242424242,286.257575757576,-166.993939393939,453.251515151515,205.906060606061,-89.9818181818182,205.906060606061,-89.9818181818182,795.051515151515,109.478787878788,19.4151515151515,48.2242424242424,315.421212121212,71.4030303030303,315.421212121212,71.4030303030303,0.142587962162586,0.050509543325421
5520,91032,0,0,"LASP",44.1920937,-91.7837359,0,15,67.6230158730159,304.238095238095,69.0793650793651,0.90083374,67.8470948012232,122.400611620795,26.7308868501529,11245.5779816514,284.376146788991,-166.140672782875,450.516819571865,200.418960244648,-87.7186544342508,204.159021406728,-87.7186544342508,828.868501529052,111.14373088685,20.5382262996942,47.1529051987768,320.737003058104,75.2905198776758,320.223241590214,75.2905198776758,0.13870241714264,0.0488768970933171
5520,91033,0,0,"LASP",44.4009957,-91.6793739,0,15,67.1060606060606,284.909090909091,68.6287878787879,0.904827986666667,67.2743902439024,123.268292682927,26.7621951219512,11286.3414634146,284.731707317073,-168.237804878049,452.969512195122,200.15243902439,-88.9664634146341,203.868902439024,-88.9664634146341,824.396341463415,109.917682926829,20.0243902439024,47.3719512195122,319.067073170732,74.8567073170732,318.557926829268,74.8567073170732,0.139315727545823,0.0487578574143951
5520,91034,0,0,"LASP",44.0129837,-91.3711239,0,15,69.2041666666667,283.75,68.5833333333333,0.908272226666667,69.1681957186544,120.339449541284,26.4220183486239,11183.9847094801,284.48623853211,-162.703363914373,447.189602446483,197.678899082569,-85.4862385321101,204.813455657492,-85.4862385321101,823.733944954128,106.899082568807,21.6605504587156,46.4434250764526,315.987767584098,76.7400611620795,314.908256880734,76.7400611620795,0.141454440153253,0.0495385470115267
5520,91050,0,0,"LASP",43.7898747,-91.0057829,0,15,69.3166666666667,301,68.3166666666667,0.898653746666667,69.7938461538461,117.329230769231,26.2430769230769,11022.9569230769,282.166153846154,-155.827692307692,437.993846153846,196.323076923077,-82.1507692307692,203.741538461538,-82.1507692307692,819.135384615385,105.24,22.4246153846154,45.3876923076923,312.821538461538,78.68,309.766153846154,78.68,0.140998286432927,0.0500583407011461
5520,91051,0,0,"LASP",43.5329127,-90.8675449,0,15,71.9325396825397,310.809523809524,68.3253968253968,0.893601633333333,71.609907120743,116.331269349845,26.3715170278638,10878.1981424149,281.53560371517,-150.312693498452,431.848297213622,197.414860681115,-78.0247678018576,203.941176470588,-78.0247678018576,820.656346749226,104.219814241486,23.5386996904025,43.6006191950464,308.291021671827,83.0278637770898,305.256965944272,83.0278637770898,0.141251920536041,0.0507076012798199
5520,91052,0,0,"LASP",43.3269947,-90.7422119,0,15,73.4791666666667,304.35,68.7708333333333,0.890954326666667,73.6417445482866,117.133956386293,26.7320872274143,10781.0062305296,282.679127725857,-147.102803738318,429.781931464174,200.345794392523,-74.4672897196262,204.872274143302,-74.4672897196262,825.109034267913,103.479750778816,24.5700934579439,42.2242990654206,305.660436137072,86.5607476635514,303.847352024922,86.5607476635514,0.141323932313519,0.0511615749927614
5520,91053,0,0,"LASP",43.8227657,-90.2094039,0,15,66.925,310.35,68.8291666666667,0.886014726666667,66.9252336448598,126.514018691589,27.98753894081,10883.4049844237,282.943925233645,-160.981308411215,443.92523364486,186.785046728972,-83.2834890965732,199.389408099688,-83.2834890965732,827.109034267913,106.981308411215,24,42.9844236760125,311.052959501558,84.398753894081,302.582554517134,84.398753894081,0.135429365286328,0.0484898721765542
5520,91054,0,0,"LASP",43.7857987,-90.3552409,0,15,66.6944444444444,317.285714285714,69.0674603174603,0.889692766666667,66.9938080495356,125.523219814241,27.7832817337461,10899.4086687306,282.823529411765,-160.764705882353,443.588235294118,187.018575851393,-83.4829721362229,199.631578947368,-83.4829721362229,829.761609907121,107.287925696594,23.7275541795666,43.359133126935,313.049535603715,83.9102167182663,304.730650154799,83.9102167182663,0.136004754211995,0.0484938997151732
5520,91065,0,0,"LASP",42.5180847,-90.4357819,0,15,82.0833333333333,274.7,73.0833333333333,0.869782073333333,82.1293375394322,112.741324921136,26.4858044164038,10602.2712933754,284.968454258675,-132.940063091483,417.908517350158,211.529968454259,-63.3312302839117,211.529968454259,-63.3312302839117,877.343848580442,108.507886435331,28.3059936908517,38.8359621451104,315.498422712934,99.8706624605678,315.498422712934,99.8706624605678,0.134531744966116,0.0511038911503058
5520,91066,0,0,"LASP",42.6391427,-89.9655699,0,15,78.1587301587302,295.761904761905,72.531746031746,0.871580173333333,78.282131661442,115.984326018809,27.141065830721,10537.8746081505,282.520376175549,-136.504702194357,419.025078369906,207.141065830721,-66.2382445141066,207.141065830721,-66.2382445141066,870.931034482759,106.504702194357,28.7241379310345,38.0062695924765,312.300940438871,102.115987460815,312.300940438871,102.115987460815,0.133674339934341,0.0501866286908163
5520,91309,0,0,"LASP",44.9782647,-92.6395959,0,15,66.7539682539683,299.952380952381,65.4523809523809,0.87470042,66.7477203647416,117.352583586626,25.2978723404255,11568.2583586626,285.574468085106,-169.759878419453,455.334346504559,206.455927051672,-93.258358662614,206.455927051672,-93.258358662614,786.015197568389,111.218844984802,20.1671732522796,49.0273556231003,317.34650455927,71.0668693009118,317.34650455927,71.0668693009118,0.138745330712964,0.0502991516827975
5520,91316,0,0,"LASP",43.0391137,-90.6626669,0,15,77.425,294.9,70.05,0.88283958,76.888198757764,115.295031055901,26.5745341614907,10702.6086956522,283.565217391304,-141.360248447205,424.925465838509,206.39751552795,-69.8726708074534,207.288819875776,-69.8726708074534,838.39751552795,104.937888198758,25.4223602484472,41.4689440993789,309.546583850932,89.2608695652174,309.385093167702,89.2608695652174,0.139726261057786,0.0515171771873982
5520,91319,0,0,"LASP",42.9378547,-90.2112029,0,15,75.8166666666667,302.3,70.9333333333333,0.874344313333333,75.9501557632399,116.700934579439,27.006230529595,10630.9501557632,282.168224299065,-141.831775700935,424,205.616822429907,-70.018691588785,205.616822429907,-70.018691588785,851.09968847352,105.548286604361,27.2679127725857,39.803738317757,310.984423676012,96.1588785046729,310.984423676012,96.1588785046729,0.13563857884718,0.0504341200812174
5520,92001,0,0,"LASP",44.9160067,-110.4156649,0,15,-4.3804347826087,2472.78260869565,53.3985507246377,0.70126746,-4.63719512195122,150.914634146341,38.1158536585366,8254.1737804878,212.582317073171,-178.329268292683,390.911585365854,34.4908536585366,9.75,102.917682926829,-107.44512195122,640.72256097561,70.530487804878,39.9542682926829,16.2987804878049,188.682926829268,139.015243902439,170.048780487805,159.478658536585,0.127261991672641,0.0495956461162549
5520,92003,0,0,"LASP",44.3749577,-108.1427379,0,15,68.6746031746032,1368.38095238095,18.6507936507937,0.316113873333333,69.3617021276596,163.878419452888,34.8206686930091,9976.06990881459,310.936170212766,-153.094224924012,464.030395136778,122.945288753799,-61.9635258358663,197.705167173252,-61.9635258358663,220.358662613982,38.6899696048632,7.07294832826748,53.9392097264438,98.2188449848024,25.3434650455927,70.9604863221884,25.3434650455927,0.134626796142669,0.0971618896455255
5520,92004,0,0,"LASP",44.4079997,-107.98899,0,15,62.4204545454545,1459.95454545455,21.6136363636364,0.34653816,63.7798165137615,162.779816513761,35.0336391437309,9820.04587155963,303.556574923547,-154.871559633028,458.428134556575,115.403669724771,-64.6391437308868,190.700305810398,-64.6391437308868,252.60244648318,41.2293577981651,9.62079510703364,49.9449541284404,107.776758409786,33.1834862385321,76.9235474006116,33.1834862385321,0.134453630349653,0.0926024935827466
5520,92006,0,0,"LASP",44.2045837,-105.7139509,0,15,66.7103174603175,1392.90476190476,30.5992063492063,0.416142846666667,66.7423312883436,150.819018404908,34.0030674846626,9591.3527607362,300.312883435583,-137.322085889571,437.634969325153,111.625766871166,-55.079754601227,192.868098159509,-56.1319018404908,367.708588957055,68.4846625766871,11.6748466257669,60.7699386503067,174.51226993865,36.920245398773,133.868098159509,36.920245398773,0.132381129387149,0.0847390115707262
5520,92007,0,0,"LASP",44.4252167,-104.4206459,0,15,65.6916666666667,1395.65,37.3416666666667,0.70595772,65.2300613496933,144.570552147239,33.8650306748466,9452.78834355828,289.598159509202,-130.800613496933,420.398773006135,134.460122699387,-54.3957055214724,189.260736196319,-55.0368098159509,455.288343558282,80.3006134969325,14.7208588957055,55.941717791411,207.144171779141,49.8773006134969,169.717791411043,49.8773006134969,0.183170427497511,0.0826448846653841
5520,92008,0,0,"LASP",43.9952427,-110.6728979,0,15,1.09166666666667,2386.75,51.7708333333333,0.7535561,1.85889570552147,157.585889570552,38.1441717791411,8606.73926380368,227.174846625767,-181.162576687117,408.337423312883,-90.3711656441718,94.7147239263804,113.279141104294,-106.484662576687,619.101226993865,72.0858895705521,37.0490797546012,20.2453987730061,197.291411042945,120.803680981595,133.411042944785,191.78527607362,0.14340006098751,0.0531499606932063
5520,92009,0,0,"LASP",43.4174237,-109.4431149,0,15,9.1875,2639.8,34.7916666666667,0.466260233333333,10.728125,150.209375,39.653125,7719.28125,220.715625,-153.209375,373.925,37.6125,-46.58125,113.625,-81.096875,411.31875,51.340625,21.446875,31.303125,139.33125,73.709375,116.75625,79.578125,0.127418309151404,0.0686546074235315
5520,92010,0,0,"LASP",43.2006597,-108.4018859,0,15,68.1271929824561,1631,19.1535087719298,0.37926016,67.9127725856698,161.352024922118,35.0685358255452,9832.3738317757,306.844236760125,-147.143302180685,453.98753894081,118.046728971963,-59.8722741433022,194.785046728972,-59.8722741433022,230.308411214953,45.9844236760125,6.57009345794393,60.1806853582555,110.86292834891,21.2585669781931,68.3676012461059,21.2585669781931,0.152034522149417,0.101562072269712
5520,92011,0,0,"LASP",43.5968807,-107.4300839,0,15,52.275,1874.55,27.3875,0.428989586666667,52.0216718266254,157.904024767802,35.6594427244582,9181.56037151703,285.603715170279,-150.699690402477,436.303405572755,93.3065015479876,-63.1083591331269,174.068111455108,-63.1083591331269,328.56346749226,52.8328173374613,14.0681114551084,44.2291021671827,138.167182662539,44.5139318885449,92.0773993808049,44.5139318885449,0.142059661393792,0.0868993986208494
5520,92012,0,0,"LASP",43.2867827,-106.8194119,0,15,59.7619047619048,1793.52380952381,27.2698412698413,0.3329886,60.816199376947,153.881619937695,35.7601246105919,9110.56386292835,292.367601246106,-131.582554517134,423.95015576324,101.451713395639,-52.9003115264798,181.91277258567,-52.9003115264798,321.158878504673,55.5763239875389,13.0560747663551,47.404984423676,139.641744548287,41.0934579439252,92.8691588785047,41.0934579439252,0.12787351182023,0.0897592534486006
5520,92013,0,0,"LASP",43.3976817,-105.3936929,0,15,73.1083333333333,1494,28.3875,0.37918394,73.090625,155.825,35.771875,9306.015625,308.240625,-121.28125,429.521875,129.178125,-42.984375,197.05625,-42.984375,340.571875,63.459375,9.65625,58.25,158.95625,32.9375,119.81875,32.9375,0.135585322796419,0.0921185986867475
5520,92014,0,0,"LASP",43.3370757,-104.4599459,0,15,79.3125,1268.95,29.4083333333333,0.441674126666667,79.4104938271605,163.972222222222,36.1296296296296,9722.07716049383,318.666666666667,-129.157407407407,447.824074074074,178.524691358025,-44.3981481481481,207.404320987654,-44.3981481481481,354.83024691358,64.3425925925926,7.58641975308642,63.2469135802469,172.12037037037,26.712962962963,141.006172839506,26.712962962963,0.145490042855584,0.0926356619529754
5520,92015,0,0,"LASP",42.0737597,-110.1608579,0,15,26.8015873015873,2124.38095238095,19.8134920634921,0.290139253333333,26.3067092651757,175.546325878594,37.7539936102236,9564.76357827476,271.063897763578,-187.05750798722,458.121405750799,95.6038338658147,-87.3354632587859,149.44089456869,-97.9680511182109,240.41214057508,31.6261980830671,12.5399361022364,30.776357827476,81.594249201278,40.2555910543131,71.8242811501597,40.8274760383387,0.116025560421542,0.0794919439943532
5520,92016,0,0,"LASP",42.4268457,-109.2682039,0,15,17.4791666666667,2398.55,25.3083333333333,0.338354693333333,19.4889589905363,164.17665615142,37.198738170347,9236.27444794953,253.110410094637,-182.08832807571,435.198738170347,72.0977917981073,-77.7981072555205,139.186119873817,-98.6246056782334,293.908517350158,39.4921135646688,16.5015772870662,27.6813880126183,99.7507886435331,54.9526813880126,79.8864353312303,57.6908517350158,0.119445513009386,0.0763442635389866
5520,92017,0,0,"LASP",42.1794577,-108.6225589,0,15,40.5708333333333,2174.75,21.1958333333333,0.22296228,41.25,155.129746835443,36.0348101265823,9260.62025316456,274.082278481013,-149.655063291139,423.737341772152,85.1139240506329,-64.0632911392405,162.5,-76.1867088607595,255.430379746835,37.8955696202532,13.9398734177215,30.8196202531646,92.376582278481,46.3227848101266,66.7879746835443,46.9746835443038,0.112346498521061,0.0867669012378824
5520,92018,0,0,"LASP",42.8775297,-107.4436569,0,15,58.4254385964912,1928.15789473684,21.6929824561403,0.296981886666667,58.1482649842271,143.697160883281,33.6719242902208,9397.44164037855,288.817034700315,-130.725552050473,419.542586750789,100.542586750789,-59.9337539432177,182.318611987382,-59.9337539432177,260.842271293375,45.5993690851735,10.0536277602524,47.2870662460568,112.690851735016,32.2334384858044,74.6845425867508,32.2334384858044,0.130559748115788,0.0950158272183474
5520,92020,0,0,"LASP",42.7833333,-105.85,0,15,66,1797.7619047619,29.3174603174603,0.500601226666667,64.0408805031446,146.801886792453,36.4685534591195,8620.63522012579,287.40251572327,-108.921383647799,396.323899371069,100.581761006289,-40.7578616352201,179.789308176101,-40.7578616352201,356.657232704403,62.3301886792453,13.6100628930818,49.059748427673,155.493710691824,43.2924528301887,109.006289308176,43.2924528301887,0.160604440266979,0.0926153322843077
5520,92021,0,0,"LASP",42.2056027,-104.9674979,0,15,76.1349206349206,1590.7619047619,28.8492063492063,0.461609353333333,77.5696202531646,162.569620253165,39.3449367088608,8511.16455696203,301.522151898734,-106.268987341772,407.791139240506,157.993670886076,-27.2056962025316,191.351265822785,-27.2056962025316,343.107594936709,63.8575949367089,9.09493670886076,61.0253164556962,162.51582278481,28.9272151898734,126.832278481013,28.9272151898734,0.158854765898326,0.0986955935425478
5520,92022,0,0,"LASP",41.2728697,-110.7646789,0,15,35.469298245614,2254.73684210526,27.2543859649123,0.589937546666667,36.3130990415335,157.955271565495,38.3099041533546,8575.31309904153,262.044728434505,-144.55910543131,406.603833865815,56.0223642172524,-22.6869009584665,148.316293929712,-71.0670926517572,326.948881789137,35.1948881789137,20.3226837060703,16.6549520766773,97.297124600639,66.0031948881789,79.4952076677316,69.4632587859425,0.177552026233777,0.0867864829040286
5520,92023,0,0,"LASP",41.15,-109.8166667,0,15,52.2791666666667,2161.1,22.0833333333333,0.387011853333333,51.9228295819936,152.443729903537,36.8424437299035,8792.75884244373,276.800643086817,-131.511254019293,408.311897106109,84.1157556270096,-51.5466237942122,167.176848874598,-58.3054662379421,269.768488745981,32.9389067524116,13.2926045016077,27.4501607717042,89.5530546623794,44.6237942122186,75.0546623794212,45.0032154340836,0.149245038736402,0.0961565518058598
5520,92024,0,0,"LASP",41.7025687,-108.4298239,0,15,49.287037037037,2091.72222222222,17.7546296296296,0.21092574,49.3653846153846,160.262820512821,37.2371794871795,9151.97115384615,284.746794871795,-140.060897435897,424.807692307692,121.432692307692,-67.2820512820513,169.060897435897,-67.2820512820513,213.173076923077,31.2083333333333,9.81089743589744,34.5160256410256,76.8589743589744,31.5897435897436,63.525641025641,31.5897435897436,0.118719750662234,0.0942904846249072
5520,92025,0,0,"LASP",41.0037197,-107.3612059,0,15,36.1375,2363.5,34.2166666666667,0.6669307,37.4166666666667,158.25641025641,38.2307692307692,8702.57692307692,262.63782051282,-145.75,408.38782051282,42.6730769230769,-62.3589743589744,150.612179487179,-72.7820512820513,403.227564102564,40.7435897435897,26.2948717948718,12.9070512820513,114.189102564103,86.7852564102564,102.016025641026,86.974358974359,0.187649600217172,0.0843435824552174
5520,92027,0,0,"LASP",41.1911807,-105.2957379,0,15,52.3947368421053,2204.94736842105,31.8815789473684,0.483969693333333,52.9126213592233,147.478964401294,39.1488673139159,7928.81553398058,260.84142394822,-111.663430420712,372.504854368932,133.012944983819,-42.3009708737864,159.216828478964,-42.3009708737864,381.860841423948,58.6245954692557,12.7119741100324,48.6569579288026,162.038834951456,39.1391585760518,143.326860841424,39.1391585760518,0.154928699046377,0.0894716163459449
5520,92030,0,0,"LASP",44.8808077,-110.7342539,0,15,0.263157894736842,2368.94736842105,52.5657894736842,0.72253294,0.551515151515152,151.166666666667,37.4181818181818,8488.87878787879,221.669696969697,-176.818181818182,398.487878787879,0.0484848484848485,35.9878787878788,110.706060606061,-105.942424242424,633.254545454545,69.6,39.8393939393939,17.2121212121212,186.663636363636,133.551515151515,163.257575757576,164.821212121212,0.133557571673485,0.0512481913432385
5520,92031,0,0,"LASP",44.3166667,-110.6166667,0,15,-4.64285714285714,2442.33333333333,53.1349206349206,0.695781273333333,-5.03669724770642,156.932721712538,38.2293577981651,8548.97859327217,218.051987767584,-187.403669724771,405.455657492355,-79.8654434250764,75.8256880733945,105.767584097859,-112.311926605505,636.577981651376,71.914373088685,39.2018348623853,18.217125382263,195.495412844037,128.608562691132,146.180428134557,189.724770642202,0.125832583518139,0.0492917009361317
5520,92032,0,0,"LASP",44.9304357,-109.7260819,0,15,-3.18333333333333,2607.45,55.25,0.574099593333333,-4.40729483282675,145.024316109423,38.7659574468085,7730.84498480243,202.817629179331,-166.814589665654,369.632218844985,28.1945288753799,-48.9118541033435,98.2978723404255,-97.3161094224924,665.36170212766,76.2036474164134,40.1428571428571,19.5015197568389,209.793313069909,138.571428571429,177.206686930091,147.671732522796,0.104595180649424,0.0480659807176728
5520,92033,0,0,"LASP",44.8424287,-109.1482929,0,15,44.1833333333333,1852.65,33.3791666666667,0.488584546666667,45.2205438066465,152.749244712991,37.6827794561934,8433.47432024169,260.972809667674,-139.456193353474,400.429003021148,87.0815709969789,-53.9728096676737,156.126888217523,-60.5407854984894,395.365558912387,60.0030211480363,17.9003021148036,45.7552870090634,154.616314199396,59.8187311178248,117.61329305136,60.8006042296073,0.139159620587574,0.078105127851515
5520,92035,0,0,"LASP",44.9692707,-108.6212999,0,15,63.3809523809524,1424.33333333333,23.8214285714286,0.369443753333333,63.1148036253776,158.250755287009,36.1450151057402,9252.49848942598,292.320241691843,-139.993957703927,432.31419939577,114.740181268882,-56.6616314199396,183.280966767372,-56.6616314199396,283.966767371601,49.7915407854985,9.87311178247734,54.8549848942598,125.253776435045,33.5347432024169,90.9305135951662,33.5347432024169,0.133260819890158,0.0892246630723944
5520,92036,0,0,"LASP",43.6524547,-110.7110669,0,15,4.09523809523809,2401.28571428571,47.7301587301587,0.755409526666667,5.76543209876543,156.354938271605,38.1635802469136,8548.0987654321,230.533950617284,-174.487654320988,405.021604938272,-74.0648148148148,91.8672839506173,116.185185185185,-102.064814814815,569.811728395062,65.6944444444444,34.4166666666667,19.2777777777778,179.145061728395,114.586419753086,124.481481481481,172.175925925926,0.15483177582505,0.0578264331064526
5520,92037,0,0,"LASP",44.8406227,-108.3517149,0,15,59.7541666666667,1489.5,23.4708333333333,0.337425273333333,59.797583081571,157.395770392749,35.6223564954683,9384.21148036254,291.26586102719,-145.226586102719,436.492447129909,112.015105740181,-61.7250755287009,181.679758308157,-61.7250755287009,283.199395770393,46.4229607250755,10.8640483383686,51.9969788519637,120.990936555891,36.7009063444109,89.1933534743202,36.7009063444109,0.126395039490932,0.0875048893372703
5520,92038,0,0,"LASP",44.09196,-108.700013,0,15,56.4,1770.25,24.1541666666667,0.379982286666667,56.8312883435583,160.460122699387,37.7423312883436,8760.8527607362,281.003067484663,-140.085889570552,421.088957055215,98.6564417177914,-54.1533742331288,171.920245398773,-54.1533742331288,287.88036809816,51.1840490797546,9.14110429447853,55.0981595092025,128.217791411043,29.9907975460123,96.5460122699387,29.9907975460123,0.138752903979347,0.0908148176260913
5520,92039,0,0,"LASP",44.0342197,-107.4513399,0,15,49.7261904761905,1780.09523809524,28.6626984126984,0.45829472,47.3353846153846,159.083076923077,35.7446153846154,9237.11384615385,280.335384615385,-158.938461538462,439.273846153846,90.48,-69.6523076923077,169.203076923077,-69.8030769230769,354.713846153846,53.4676923076923,16.3261538461538,42.4953846153846,144.018461538462,52.5476923076923,98.8,52.8707692307692,0.138623472523507,0.0809150122049925
5520,92040,0,0,"LASP",44.9582907,-107.2723989,0,15,51.5877192982456,1551.94736842105,35.9649122807018,0.6694403,50.6676557863501,156.66765578635,36.9436201780415,8828.0178041543,277.044510385757,-141.548961424332,418.593471810089,91.8189910979228,-60.7062314540059,167.106824925816,-60.7062314540059,433.670623145401,64.5548961424332,20.2729970326409,41.8486646884273,177.691394658754,66.2670623145401,122.00296735905,66.2670623145401,0.169997573897266,0.0773898292535956
5520,92041,0,0,"LASP",44.7990837,-107.9620429,0,15,43.6150793650794,1781.38095238095,31.5198412698413,0.469728646666667,43.7492354740061,152.31498470948,36.0122324159021,8956.09480122324,269.363914373089,-149.382262996942,418.746177370031,85.9847094801223,-69.6146788990826,161.660550458716,-69.6146788990826,375.807339449541,53.5474006116208,18.4311926605505,41.2599388379205,147.633027522936,59.7064220183486,106.45871559633,59.7064220183486,0.135409609467634,0.0773685122643889
5520,92043,0,0,"LASP",44.2167337,-106.3520049,0,15,67.4920634920635,1394.38095238095,28.3769841269841,0.395877513333333,67.638036809816,159.015337423313,35.4018404907975,9465.80061349693,300.791411042945,-141.996932515337,442.788343558282,113.472392638037,-53.5337423312883,191.834355828221,-53.9846625766871,342.024539877301,62.2822085889571,10.9938650306748,59.1963190184049,160.975460122699,34.6748466257669,119.38036809816,34.6748466257669,0.132639639559767,0.0871079257273767
5520,92044,0,0,"LASP",44.6516797,-106.1303939,0,15,69.0714285714286,1257.09523809524,31.3928571428571,0.428812073333333,69.2787878787879,155.663636363636,34.6757575757576,9632.90303030303,304.087878787879,-138.315151515152,442.40303030303,117.239393939394,-55.3090909090909,194.857575757576,-55.3090909090909,375.484848484848,68.230303030303,13.0181818181818,56.0818181818182,172.948484848485,42.3606060606061,129.639393939394,42.3606060606061,0.132339962674302,0.0837641529902425
5520,92045,0,0,"LASP",44.9497577,-105.6623079,0,15,70.9761904761905,1150.61904761905,31.0515873015873,0.460257146666667,71.0061162079511,154.737003058104,34.4923547400612,9705.98470948012,306.492354740061,-135.565749235474,442.058103975535,130.571865443425,-54.2905198776758,197.608562691132,-54.2905198776758,372.305810397554,69.302752293578,11.1804281345566,59.1192660550459,174.235474006116,38.8532110091743,132.681957186544,38.8532110091743,0.137815833347469,0.0840872464149927
5520,92046,0,0,"LASP",44.6571037,-105.3472599,0,15,68.3875,1238.2,31.6125,0.481782526666667,68.4451219512195,154.112804878049,34.515243902439,9674.40548780488,302.932926829268,-137.701219512195,440.634146341463,140.47256097561,-56.1859756097561,194.908536585366,-56.1859756097561,379.234756097561,70.8292682926829,11.5274390243902,60.6737804878049,179.27743902439,37.9573170731707,139.344512195122,37.9573170731707,0.141590784890195,0.0837655197570068
5520,92047,0,0,"LASP",44.1055677,-105.1623999,0,15,67.2896825396825,1382.47619047619,30.9444444444444,0.449031733333333,67.4468085106383,152.200607902736,34.2553191489362,9662.23100303951,302.528875379939,-135.395136778115,437.924012158055,141.443768996961,-55.8571428571429,194.607902735562,-56.1732522796353,369.933130699088,67.4802431610942,10.4072948328267,60.3738601823708,175.142857142857,35.9696048632219,138.547112462006,35.9696048632219,0.138972177143352,0.0855365005454066
5520,92048,0,0,"LASP",44.7921157,-104.6191789,0,15,68.265873015873,1204.52380952381,33.5595238095238,0.632238486666667,68.1829268292683,153.237804878049,34.3719512195122,9758.95426829268,300.435975609756,-138.981707317073,439.417682926829,158.15243902439,-57.1219512195122,195.466463414634,-57.1219512195122,405.533536585366,74.6493902439024,12.2317073170732,58.9573170731707,188.82012195122,40.375,152.987804878049,40.375,0.170425533187389,0.0840656034447144
5520,92049,0,0,"LASP",44.0481767,-104.7294539,0,15,68.5877192982456,1372.57894736842,31.1754385964912,0.4840269,68.7384615384615,152.867692307692,34.3292307692308,9752.95692307692,303.049230769231,-135.550769230769,438.6,166.449230769231,-56.1015384615385,196.603076923077,-56.3815384615385,373.910769230769,67.6184615384615,9.60615384615385,60.9753846153846,177.735384615385,34.9323076923077,146.156923076923,34.9323076923077,0.146466860500347,0.0866169392635025
5520,92050,0,0,"LASP",44.2432857,-104.1354449,0,15,62.0079365079365,1585.09523809524,42.9523809523809,0.7475325,60.8984615384615,135.72,33.68,8996.51692307692,275.661538461538,-121.24,396.901538461538,123.273846153846,-47.1138461538462,180.169230769231,-51.2246153846154,524.316923076923,87.7815384615385,17.4646153846154,53.3015384615385,233.870769230769,60.7507692307692,192.230769230769,60.8153846153846,0.183120052033306,0.0781912759337967
5520,92051,0,0,"LASP",43.1751987,-111.0315169,0,15,20.9208333333333,2199.6,41.625,0.81518164,21.6894409937888,154.083850931677,37.695652173913,8562.59316770186,246.88198757764,-156.739130434783,403.621118012422,-23.916149068323,121.996894409938,131.975155279503,-87.1614906832298,500.577639751553,54.6055900621118,30.9378881987578,16,147.596273291925,106.006211180124,112.307453416149,140.167701863354,0.18919533057188,0.0684225917859178
5520,92052,0,0,"LASP",43.5440727,-110.8569409,0,15,12.4365079365079,2292.33333333333,45.0198412698413,0.774244186666667,11.5607476635514,155.274143302181,37.8878504672897,8580.57632398754,236.722741433022,-168.417445482866,405.140186915888,-56.5420560747664,100.526479750779,122.236760124611,-97.0685358255452,548.660436137072,62.7694704049844,33.5202492211838,18.6448598130841,169.92523364486,112.065420560748,121.252336448598,162.190031152648,0.164319769290488,0.0607679151578224
5520,92053,0,0,"LASP",43.5337167,-109.6336139,0,15,-0.682539682539682,2745.57142857143,38.4444444444444,0.554317466666667,0.448916408668731,149.046439628483,39.8390092879257,7633.2600619195,209.467492260062,-160.136222910217,369.603715170279,26.4210526315789,-35.2260061919505,102.1826625387,-89.8482972136223,457.857585139319,52.1826625386997,25.8978328173375,23.5572755417957,144.59133126935,90.5882352941177,125.383900928793,98.5851393188855,0.133748850433068,0.0632552495215391
5520,92055,0,0,"LASP",43.2704237,-109.0314339,0,15,39.4563492063492,2152.33333333333,25.6349206349206,0.428879193333333,42.398753894081,157.358255451713,38.411214953271,8461.16510903427,262.682242990654,-142.566978193146,405.249221183801,81.0093457943925,-55.2398753894081,153.635514018692,-62.6884735202492,297.370716510903,48.9532710280374,11.3831775700935,49.6697819314642,123.781931464174,37.4236760124611,90.1869158878505,38.582554517134,0.1467680963509,0.088028850183205
5520,92056,0,0,"LASP",43.0251777,-108.7742309,0,15,49.9,1961.75,23.3125,0.48962358,52.1912225705329,158.175548589342,36.3793103448276,9241.88714733542,282.573667711599,-147.442006269592,430.015673981191,96.9811912225705,-56.9059561128527,172.41065830721,-65.2978056426332,272.1065830721,47.7680250783699,10.5956112852665,51.166144200627,117.040752351097,34.5611285266458,75.8683385579937,35.7241379310345,0.167309931817163,0.0950359245656467
5520,92057,0,0,"LASP",43.7078607,-108.7150189,0,15,49.2416666666667,1958.15,25.9375,0.384368253333333,48.2055214723926,159.518404907975,38.239263803681,8544.20245398773,269.644171779141,-143.174846625767,412.819018404908,87.4969325153374,-56.8282208588957,160.757668711656,-58.6257668711656,314.91717791411,53.6226993865031,11.5153374233129,51.1319018404908,135.524539877301,37.1840490797546,99.4355828220859,37.4079754601227,0.134218299499901,0.0860392076992859
5520,92058,0,0,"LASP",43.7997187,-108.2157059,0,15,69.3293650793651,1516.2380952381,20.8214285714286,0.370180886666667,69.08,164.676923076923,35.6584615384615,9648.76923076923,307.446153846154,-148.467692307692,455.913846153846,118.043076923077,-56.0615384615385,194.424615384615,-56.0615384615385,251.864615384615,46.6676923076923,8.08923076923077,54.8338461538462,115.230769230769,26.7907692307692,76.8492307692308,26.7907692307692,0.144604526592426,0.0979202937001235
5520,92059,0,0,"LASP",43.1052467,-107.0216849,0,15,58.6309523809524,1870.14285714286,25.0833333333333,0.31495886,60.3824451410658,148.987460815047,34.8025078369906,9222.97805642633,291.595611285266,-130.112852664577,421.708463949843,101.404388714734,-54.9561128526646,182.786833855799,-54.9561128526646,295.097178683386,51.3322884012539,11.6394984326019,47.2163009404389,127.66144200627,36.8996865203762,84.3855799373041,36.8996865203762,0.129447098937796,0.0927446236464401
5520,92060,0,0,"LASP",43.2696147,-107.6895359,0,15,59.3809523809524,1821.19047619048,22.6071428571429,0.318485186666667,59.428125,156.1,34.809375,9533.31875,296.084375,-146.03125,442.115625,104.071875,-61.725,184.703125,-61.725,268.86875,46.796875,10.04375,50.51875,118.865625,31.95,78.221875,31.95,0.132051501835118,0.0937662953667299
5520,92061,0,0,"LASP",43.9788367,-107.9682469,0,15,71.5875,1377.1,19.4458333333333,0.335868726666667,71.4876543209877,167.861111111111,35,10042.8580246914,316.608024691358,-156.432098765432,473.04012345679,124.469135802469,-60.4444444444444,201.188271604938,-60.4444444444444,236.089506172839,42.5092592592593,7.62654320987654,53.212962962963,106.604938271605,26.6018518518519,70.1913580246914,26.6018518518519,0.138050696428704,0.0977867839783545
5520,92062,0,0,"LASP",43.3225607,-106.2408909,0,15,68.9210526315789,1637.89473684211,28.5350877192982,0.360410826666667,69.0249221183801,155.339563862928,36.3707165109034,9021.71028037383,300.981308411215,-119.582554517134,420.563862928349,109.271028037383,-43.0373831775701,188.984423676012,-43.0373831775701,341.364485981308,61.3831775700935,13.0218068535826,50.7320872274143,153.155763239875,42.1401869158879,103.909657320872,42.1401869158879,0.132316764592644,0.091355832987894
5520,92063,0,0,"LASP",43.8837877,-106.8707959,0,15,48.6291666666667,1871.65,31.3916666666667,0.50633698,47.9751552795031,155.155279503106,36.332298136646,8853.92857142857,273.850931677019,-146.673913043478,420.524844720497,86.7111801242236,-62.0807453416149,166.114906832298,-62.0807453416149,380.065217391304,60.9751552795031,16.2515527950311,47.0776397515528,162.552795031056,50.3416149068323,114.295031055901,50.3416149068323,0.147729141907741,0.0816256042066876
5520,92064,0,0,"LASP",43.6495507,-106.1980599,0,15,69.2875,1502.9,28.25,0.377696573333333,69.3653250773994,160.188854489164,36.3034055727554,9237.00309597523,303.795665634675,-130.888544891641,434.684210526316,112.123839009288,-47.0495356037152,191.492260061919,-47.1300309597523,338.213622291022,62.2848297213622,11.671826625387,56.0743034055728,157.625386996904,37.6130030959752,110.965944272446,37.6130030959752,0.133277066860785,0.0899680189785246
5520,92065,0,0,"LASP",43.2814667,-105.7044219,0,15,70.4875,1599.7,29.075,0.380065426666667,70.7601246105919,152.728971962617,36.0031152647975,9039.92523364486,301.881619937695,-115.934579439252,417.816199376947,110.545171339564,-40.7788161993769,191.538940809969,-40.7788161993769,348.476635514019,63.8473520249221,11.5420560747664,54.4641744548287,159.370716510903,38.2492211838006,114.183800623053,38.2492211838006,0.13552924483642,0.0916665793343672
5520,92066,0,0,"LASP",43.7496367,-105.7856829,0,15,67.9958333333333,1504.9,29.2625,0.402226313333333,68.1472392638037,153.895705521472,35.1993865030675,9344.11963190184,301.733128834356,-129.696319018405,431.429447852761,110.555214723926,-49.2944785276074,191.907975460123,-49.7300613496933,350.883435582822,64.739263803681,11.0766871165644,58.3773006134969,164.733128834356,36.2116564417178,122.377300613497,36.2116564417178,0.135606646411903,0.0886247144593401
5520,92067,0,0,"LASP",43.6430007,-105.4089429,0,15,70.1805555555556,1480.77777777778,29.0833333333333,0.395323153333333,70.1702786377709,154.544891640867,35.2291021671827,9433.67492260062,305.888544891641,-127.167182662539,433.05572755418,128.411764705882,-48.609907120743,195.427244582043,-48.609907120743,348.188854489164,64.6532507739938,9.76780185758514,59.2414860681115,163.551083591331,33.4953560371517,125.09907120743,33.4953560371517,0.135420517206737,0.0896282323549315
5520,92068,0,0,"LASP",43.4078737,-104.2003559,0,15,79.3333333333333,1229.15,31.0916666666667,0.474788753333333,79.4396284829721,163.863777089783,36.2693498452012,9694.75541795666,316.665634674923,-129.325077399381,445.990712074303,178.417956656347,-44.1671826625387,206.643962848297,-44.2043343653251,372.578947368421,66.609907120743,7.68730650154799,64.1517027863777,183.043343653251,27.7306501547988,152.808049535604,27.7306501547988,0.148936632106372,0.0911087660845281
5520,92069,0,0,"LASP",43.8503597,-104.2464299,0,15,69.1798245614035,1456.42105263158,35.7719298245614,0.55640684,68.4725609756098,148.478658536585,34.8993902439024,9329.35365853659,294.454268292683,-124.887195121951,419.341463414634,161.32012195122,-47.2835365853659,191.637195121951,-48.890243902439,430.603658536585,74.3689024390244,11.2408536585366,59.7682926829268,202.417682926829,41.1036585365854,171.176829268293,41.1036585365854,0.155531588032798,0.084495988629537
5520,92070,0,0,"LASP",43.9437317,-104.9131849,0,15,69.3771929824561,1361.10526315789,29.8157894736842,0.43401366,69.5261538461538,155.184615384615,34.5169230769231,9777.80615384615,306.827692307692,-135.729230769231,442.556923076923,161.206153846154,-55.5323076923077,198.046153846154,-55.8123076923077,355.88,65.1415384615385,8.73538461538462,61.7569230769231,170.261538461538,31.8953846153846,137.689230769231,31.8953846153846,0.1388876821161,0.0874032554047114
5520,92071,0,0,"LASP",42.7688427,-110.4963149,0,15,5.18253968253968,2450.2380952381,34.8452380952381,0.682287686666667,4.890625,162.6125,39.009375,8622.86875,231.10625,-180.60625,411.7125,-6.6125,-0.89375,116.3,-103.790625,421.978125,44.590625,27.384375,14.821875,122.365625,91.921875,104.684375,110.35625,0.162972275945958,0.066284048363131
5520,92072,0,0,"LASP",42.4891207,-110.8371659,0,15,11.0875,2417.9,36.4916666666667,0.705573206666667,10.9493670886076,158.79746835443,38.3860759493671,8619.66139240506,237.034810126582,-170.943037974684,407.977848101266,-2.80379746835443,38.4746835443038,122.490506329114,-97.4050632911392,437.474683544304,44.5158227848101,29.003164556962,11.9556962025316,122.370253164557,98.6835443037975,103.449367088608,114.332278481013,0.169955553119071,0.0682636707570544
5520,92073,0,0,"LASP",42.8832047,-110.0009079,0,15,9.6375,2354.85,27.8041666666667,0.59270672,7.64353312302839,168.041009463722,39.3280757097792,8766.64668769716,237.246056782334,-185.097791798107,422.343848580442,70.2902208201893,-67.7066246056782,120.870662460568,-103.675078864353,350.391167192429,40.608832807571,21.0441640378549,20.8769716088328,107.952681388013,70.7413249211356,96.6813880126183,78.2082018927445,0.153677688441006,0.0698594909147382
5520,92074,0,0,"LASP",42.8336867,-109.6728209,0,15,2.36666666666667,2594,30.7083333333333,0.51092656,2.22049689440994,161.32298136646,38.6242236024845,8623.22049689441,226.885093167702,-185.121118012422,412.006211180124,61.7422360248447,-69.4503105590062,114.642857142857,-105.375776397516,368.919254658385,43.9751552795031,21.4006211180124,22.8260869565217,116.152173913043,73.3975155279503,101.54347826087,79.0590062111801,0.135425642548416,0.0674602041677198
5520,92075,0,0,"LASP",42.6916837,-109.5205689,0,15,8.2625,2515.6,27.8875,0.432510166666667,7.10344827586207,162.539184952978,38.1598746081505,8829.41692789969,234.761755485893,-185.467084639498,420.228840125392,64.0940438871473,-77.2539184952978,122.068965517241,-103.915360501567,340.413793103448,42.5391849529781,19.2978056426332,25.3416927899687,110.601880877743,65.4984326018809,94.2664576802508,69.6614420062696,0.125487403895227,0.0695462973091205
5520,92076,0,0,"LASP",42.0970487,-109.4769749,0,15,32.1875,2079.9,18.3208333333333,0.234404333333333,31.6487341772152,174.79746835443,36.9873417721519,9811.20253164557,277.132911392405,-188.148734177215,465.28164556962,102.5,-97.5063291139241,157.066455696203,-97.5063291139241,219.25,32.3006329113924,10.3132911392405,34.2816455696203,79.7215189873418,33.8417721518987,65.5886075949367,33.8417721518987,0.111207765390069,0.0825917080298081
5520,92077,0,0,"LASP",42.7370707,-108.8392939,0,15,32.4810606060606,2285.90909090909,27.4280303030303,0.494963793333333,31.2068965517241,151.504702194357,36.3636363636364,8943.89968652038,256.33855799373,-155.730407523511,412.068965517241,69.6520376175549,-47.8934169278997,148.761755485893,-80.0532915360502,333.269592476489,47.7868338557994,18.1191222570533,34.012539184953,120.940438871473,59.6206896551724,84.3134796238244,64,0.1507131308711,0.0815365220672396
5520,92078,0,0,"LASP",42.6373937,-108.1937259,0,15,56.4166666666667,1930.75,20.75,0.309563753333333,55.2704402515723,151.311320754717,34.6446540880503,9560.05974842767,289.943396226415,-140.735849056604,430.679245283019,100.974842767296,-65.0660377358491,180.446540880503,-66.2987421383648,251.216981132075,43.2767295597484,11.0723270440252,44.0157232704403,105.323899371069,35.6132075471698,66.625786163522,35.6635220125786,0.132526170742889,0.0942842387958975
5520,92079,0,0,"LASP",42.3149627,-108.2040709,0,15,48.5166666666667,2110.65,21.0125,0.250982686666667,48.4539682539683,149.425396825397,35.2063492063492,9300.39047619048,280.212698412698,-138.377777777778,418.590476190476,91.7142857142857,-66.9968253968254,170.780952380952,-68.984126984127,250.298412698413,39.5809523809524,12.1936507936508,36.2793650793651,96.5460317460317,39.8380952380952,66.8571428571429,39.8761904761905,0.121033636258878,0.0914960726991818
5520,92080,0,0,"LASP",42.8728707,-107.5244369,0,15,58.4365079365079,1928.09523809524,21.3730158730159,0.295720886666667,58.1100628930818,144.430817610063,33.6666666666667,9444.49685534591,289.512578616352,-132.207547169811,421.720125786164,101.122641509434,-60.8584905660377,182.716981132075,-60.8584905660377,256.377358490566,44.9119496855346,9.92138364779874,47.6006289308176,111.062893081761,31.6761006289308,73.5220125786164,31.6761006289308,0.130911652459162,0.0953815700442337
5520,92081,0,0,"LASP",42.2318677,-107.6910709,0,15,53.0541666666667,2093.5,20.7333333333333,0.27519314,53.8580441640379,141.627760252366,34.4195583596214,9190.21135646688,282.205047318612,-123.186119873817,405.391167192429,95.3438485804416,-61.2018927444795,175.561514195584,-61.2018927444795,249.984227129338,39.6466876971609,11.2807570977918,37.4132492113565,96.2586750788644,36.4731861198738,68.0694006309148,36.4731861198738,0.128758985692486,0.095486101275141
5520,92082,0,0,"LASP",42.1622097,-107.4353169,0,15,55.640350877193,2086.47368421053,21.7412280701754,0.29061688,55.5379746835443,138.392405063291,34.2246835443038,9094.32594936709,281.768987341772,-116.930379746835,398.699367088608,95.8069620253165,-57.4367088607595,176.395569620253,-57.4367088607595,261.860759493671,40.7246835443038,12.0696202531646,35.753164556962,99.0696202531646,39.0537974683544,69.7594936708861,39.0537974683544,0.131076981074568,0.0957713914713774
5520,92085,0,0,"LASP",42.2409977,-106.4130859,0,15,54.4122807017544,2126.42105263158,27.0394736842105,0.349518986666667,54.4299363057325,141.21974522293,36.0382165605096,8571.5127388535,275.53821656051,-111.203821656051,386.742038216561,91.1528662420382,-50.7675159235669,168.898089171975,-50.7675159235669,326.235668789809,49.6656050955414,15.187898089172,36.9299363057325,127.063694267516,47.4203821656051,90.8917197452229,47.4203821656051,0.133834391038956,0.0910987927585811
5520,92086,0,0,"LASP",42.4363077,-105.8889389,0,15,49.8333333333333,2144.85,31.2708333333333,0.493707586666667,48.9150943396226,141.333333333333,36.9811320754717,8236.57232704402,264.578616352201,-112.534591194969,377.11320754717,83.7767295597484,-50.9308176100629,159.411949685535,-50.9308176100629,376.713836477987,60.7547169811321,15.9779874213836,43.2169811320755,155.141509433962,49.4591194968553,115.330188679245,49.4591194968553,0.15328412182941,0.0865642189277621
5520,92088,0,0,"LASP",42.7481737,-105.0094609,0,15,74.4772727272727,1533.90909090909,28.8143939393939,0.443812086666667,74.5172413793103,158.884012539185,37.4200626959248,8965.60501567398,303.1065830721,-116.520376175549,419.626959247649,119.435736677116,-35.987460815047,194.012539184953,-35.987460815047,344.777429467085,62.3479623824451,10.0313479623824,57.5235109717868,158.680250783699,32.717868338558,122.181818181818,32.717868338558,0.150685375129409,0.0949253946331615
5520,92089,0,0,"LASP",42.5511057,-104.8825839,0,15,75.5964912280702,1539.57894736842,28.8859649122807,0.449007073333333,75.3101265822785,160.933544303797,38.1329113924051,8817.90189873418,302.151898734177,-114.598101265823,416.75,133.939873417722,-33.503164556962,192.825949367089,-33.503164556962,347.363924050633,63.0316455696203,9.83544303797468,59.4177215189873,162.354430379747,31.5569620253165,126.120253164557,31.5569620253165,0.152179884334491,0.0954556240705472
5520,92091,0,0,"LASP",42.1325837,-104.4550699,0,15,83.7958333333333,1388.95,29.2375,0.471356373333333,84.1182108626198,170.613418530351,39.7380191693291,8760.20127795527,312.214057507987,-111.341853035144,423.555910543131,174.003194888179,-24.6645367412141,200.900958466454,-24.6645367412141,350.686900958466,66.8658146964856,8.38658146964856,65.3801916932907,173.329073482428,26.3865814696486,134.846645367412,26.3865814696486,0.159533578788605,0.099182573816736
5520,92092,0,0,"LASP",41.7723627,-110.5391999,0,15,31.2833333333333,2153,22.4583333333333,0.343039813333333,32.3118971061093,167.929260450161,38,9184.08038585209,271.450160771704,-164.440514469453,435.890675241158,76.6816720257235,-78.7491961414791,151.408360128617,-85.2315112540193,263.585209003215,31.2990353697749,14.7749196141479,23.7845659163987,84.1672025723473,48.2829581993569,72.9774919614148,48.5209003215434,0.127148134879322,0.0827337903384043
5520,92093,0,0,"LASP",41.2656687,-110.2636939,0,15,44.5789473684211,2208.26315789474,22.6008771929825,0.482313373333333,44.6666666666667,154.926282051282,37.150641025641,8827.01602564103,272.266025641026,-138.987179487179,411.253205128205,75.6955128205128,-49.5673076923077,160.314102564103,-65.8365384615385,272.817307692308,31.6730769230769,14.6923076923077,23.625,86.7596153846154,49.0032051282051,73.8461538461538,49.8685897435897,0.166231946268697,0.0939620587137631
5520,92095,0,0,"LASP",41.6551307,-109.6586379,0,15,47.025,1989.4,17.2125,0.202497773333333,47.6064516129032,168.116129032258,37,9488.87096774194,288.238709677419,-158.687096774194,446.925806451613,97.2774193548387,-75.5645161290323,169.958064516129,-75.5645161290323,206.745161290323,29.9387096774194,8.9,35.9612903225806,76.0290322580645,28.4612903225806,62.1870967741935,28.4612903225806,0.114815466791491,0.0917129716072213
5520,92096,0,0,"LASP",41.6573027,-109.2247539,0,15,45.9212962962963,2084.33333333333,18.6296296296296,0.237994673333333,46.3322784810127,159.778481012658,36.629746835443,9300.55696202532,281.329113924051,-148.401898734177,429.731012658228,94.1107594936709,-72.6867088607595,167.196202531646,-72.6867088607595,222.411392405063,31.9493670886076,10.8006329113924,32.0284810126582,78.9810126582279,34.7120253164557,64.3481012658228,34.7120253164557,0.120407187945568,0.091877096394827
5520,92097,0,0,"LASP",41.5697327,-109.1835779,0,15,47.4875,2093.25,18.9916666666667,0.24792468,48.2076677316294,157.766773162939,36.7476038338658,9175.25239616613,281.150159744409,-142.20447284345,423.354632587859,96.6166134185303,-68.4856230031949,167.849840255591,-68.4856230031949,227.102236421725,32.111821086262,11.0990415335463,31.2683706070288,79.9169329073482,35.5846645367412,65.370607028754,35.5846645367412,0.123002103430545,0.0930981622506532
5520,92098,0,0,"LASP",41.8899757,-108.8401949,0,15,44.9561403508772,2109.84210526316,18.6973684210526,0.223940006666667,43.8178913738019,158.431309904153,36.4281150159744,9301.08945686901,278.731629392971,-148.993610223642,427.725239616613,95.2428115015974,-73.7060702875399,165.095846645367,-74.8306709265176,227.722044728434,33.7220447284345,11.7635782747604,31.5303514376997,81.3833865814697,38.5431309904153,63.702875399361,38.5527156549521,0.116179428308714,0.0898323018351405
5520,92099,0,0,"LASP",43.707333,-106.639009,0,15,60.7380952380952,1664.7619047619,28.5873015873016,0.40300636,61.388379204893,161.140672782875,36.5718654434251,9120.32415902141,293.507645259939,-140.425076452599,433.932721712538,103.293577981651,-53.4556574923547,182.256880733945,-53.4556574923547,342.366972477064,60.0275229357798,12.9847094801223,52.2752293577982,154.593272171254,40.6574923547401,106.816513761468,40.6574923547401,0.136138070567558,0.0876723268199577
5520,92101,0,0,"LASP",41.6704617,-107.9708859,0,15,50.3416666666667,2087.5,18.3958333333333,0.22899298,50.5527156549521,156.460063897764,36.4984025559105,9214.49840255591,285.594249201278,-136.990415335463,422.584664536741,114.817891373802,-67.0191693290735,171.108626198083,-67.0191693290735,221.316293929712,31.0543130990415,9.36421725239617,34.6996805111821,78.2364217252396,30.9936102236422,66.5431309904153,30.9936102236422,0.121612181938358,0.0946976598679366
5520,92102,0,0,"LASP",41.7349647,-107.2656409,0,15,51.969298245614,2146.68421052632,22.9956140350877,0.317835426666667,52.6050955414013,143.745222929936,35.5382165605096,8910.10828025478,278.617834394904,-120.245222929936,398.863057324841,92.5700636942675,-57.7261146496815,170.808917197452,-57.7261146496815,270.812101910828,36.9108280254777,13.6656050955414,29.0414012738853,93.0700636942675,43.4872611464968,73.4490445859873,43.4872611464968,0.134648124416594,0.0946111574233424
5520,92103,0,0,"LASP",41.1288187,-107.6483229,0,15,47.5833333333333,2118.9,25.625,0.450238813333333,47.5145631067961,163.760517799353,37.8899676375405,9052.39805825243,281.288025889968,-145.106796116505,426.394822006473,77.673139158576,-66.0517799352751,165.10355987055,-68.7378640776699,315.84142394822,34.6925566343042,18.0873786407767,19.0906148867314,93.663430420712,59.9676375404531,83.3495145631068,59.9708737864078,0.15153135462451,0.0896408868934966
5520,92105,0,0,"LASP",41.0612707,-106.1463019,0,15,27.3625,2584.25,41.8916666666667,0.656375213333333,27.0285714285714,150.288888888889,39.8063492063492,7876.89523809524,236.536507936508,-136.219047619048,372.755555555556,84.5079365079365,-67.4253968253968,130.787301587302,-69.1936507936508,505.996825396825,53.6888888888889,30.0698412698413,19.3142857142857,155.171428571429,98.6444444444444,146.336507936508,98.6920634920635,0.164242165347706,0.0731687699326155
5520,92106,0,0,"LASP",41.3238637,-106.5043939,0,15,32.4375,2538.4,35.7333333333333,0.697517513333333,31.6915584415584,145.266233766234,38.8896103896104,7948.54220779221,241.035714285714,-127.753246753247,368.788961038961,66.1590909090909,-63.9707792207792,136.928571428571,-64.6038961038961,435.211038961039,47.1298701298701,25.9480519480519,18.7694805194805,133.064935064935,84.1396103896104,121.155844155844,84.1396103896104,0.189983110087618,0.0815505196782942
5520,92107,0,0,"LASP",41.7782627,-105.3417969,0,15,58.1578947368421,1991.15789473684,29.7675438596491,0.436043766666667,57.8115015974441,150.907348242812,39.1980830670927,8088.68370607029,272.290734824281,-108.396166134185,380.686900958466,139.878594249201,-40.6102236421725,166.172523961661,-40.6102236421725,357.453674121406,59.8019169329073,11.8817891373802,50.9169329073482,156.143769968051,37.1246006389776,129.143769968051,37.1246006389776,0.146307390488224,0.0901960657926445
5520,92108,0,0,"LASP",41.9956527,-105.5510869,0,15,55.425,2026.35,29.6083333333333,0.427214046666667,53.5696202531646,149.313291139241,38.7373417721519,8127.57911392405,269.686708860759,-111.193037974684,380.879746835443,123.430379746835,-45.8101265822785,162.329113924051,-45.8101265822785,355.332278481013,58.2911392405063,12.873417721519,47.870253164557,150.455696202532,40.0886075949367,122.006329113924,40.0886075949367,0.142534475046695,0.0880023813660871
5520,92109,0,0,"LASP",41.1540867,-105.9513469,0,15,32.1578947368421,2520.10526315789,37.5,0.61493422,31.8863636363636,148.571428571429,39.5064935064935,7876.08116883117,240.801948051948,-130.38961038961,371.191558441558,101.75,-63.0909090909091,136.152597402597,-63.7207792207792,449.074675324675,51.8733766233766,23.9642857142857,27.1363636363636,149.448051948052,77.6590909090909,140.084415584416,77.6655844155844,0.166204070246281,0.0785682775649989
5520,92110,0,0,"LASP",41.2214507,-104.9050749,0,15,67.3518518518518,1942.33333333333,32.0925925925926,0.468289313333333,66.9324758842444,149.916398713826,38.9260450160772,8099.33762057878,277.270096463023,-103.176848874598,380.446945337621,148.855305466238,-30.5691318327974,175.72347266881,-30.5691318327974,386.167202572347,64.4823151125402,10.8295819935691,55.3311897106109,175.167202572347,33.8553054662379,150.591639871383,33.8553054662379,0.154513417342003,0.0935966730424223
5520,92111,0,0,"LASP",41.7563687,-104.8219149,0,15,76.1706349206349,1652.61904761905,30.8928571428571,0.453302566666667,76.1314102564103,158.833333333333,39.8044871794872,8236.67948717949,294.076923076923,-99.4358974358974,393.51282051282,159.830128205128,-24.3141025641026,186.634615384615,-24.3141025641026,370.394230769231,67.6057692307692,10.4358974358974,58.5416666666667,173.592948717949,32.8782051282051,139.391025641026,32.8782051282051,0.153064232216847,0.0959556426877393
5520,92112,0,0,"LASP",41.2153307,-104.1193009,0,15,79.8815789473684,1608.73684210526,33.4035087719298,0.43723418,80.1270358306189,163.915309446254,39.3680781758958,8626.42671009772,303.504885993485,-107.814332247557,411.319218241042,168.045602605863,-25.8469055374593,195.28990228013,-25.8469055374593,402.322475570033,69.0912052117264,8.72312703583062,62.8469055374593,196.123778501629,29.9120521172638,169.413680781759,29.9120521172638,0.146366914647436,0.0945320716660396
5520,92123,0,0,"LASP",41.3426037,-109.5838619,0,15,55.6805555555556,2016.16666666667,19.0509259259259,0.261386013333333,54.8116883116883,158.737012987013,37.0616883116883,9040.88636363636,286.081168831169,-136.340909090909,422.422077922078,97.4675324675325,-60.1850649350649,172.63961038961,-60.1850649350649,233.048701298701,31.5909090909091,10.3344155844156,32.461038961039,82.8344155844156,33.7662337662338,67.5584415584416,33.7662337662338,0.127298021142058,0.0960512251622811
5520,92124,0,0,"LASP",41.7025687,-108.42982,0,15,49.287037037037,2091.72222222222,17.7546296296296,0.21092574,49.3653846153846,160.262820512821,37.2371794871795,9151.97115384615,284.746794871795,-140.060897435897,424.807692307692,121.432692307692,-67.2820512820513,169.060897435897,-67.2820512820513,213.173076923077,31.2083333333333,9.81089743589744,34.5160256410256,76.8589743589744,31.5897435897436,63.525641025641,31.5897435897436,0.118719750662234,0.0942904846249072
5520,92147,0,0,"LASP",44.2499827,-105.1751099,0,15,67.3712121212121,1351,31.5037878787879,0.466388226666667,67.4570552147239,152.273006134969,34.2423312883436,9667.09202453988,302.01226993865,-136.312883435583,438.325153374233,141.920245398773,-56.1963190184049,194.420245398773,-56.5153374233129,377.868098159509,69.0184049079755,11.0920245398773,60.1073619631902,178.518404907975,37.6963190184049,141,37.6963190184049,0.140642492177331,0.0847329051910449
5520,92150,0,0,"LASP",44.5140157,-104.2504959,0,15,66.4625,1390.9,39.7125,0.75399552,67.4908536585366,142.399390243902,33.6737804878049,9429.76219512195,290.326219512195,-126.567073170732,416.893292682927,127.207317073171,-50.8628048780488,191.32012195122,-52.015243902439,473.917682926829,83.5091463414634,15.2378048780488,55.7957317073171,215.423780487805,51.594512195122,174.75,51.6067073170732,0.194268864597454,0.083413820813424
5520,92167,0,0,"LASP",43.386764,-105.11005,0,15,76.0438596491228,1408.52631578947,27.9166666666667,0.37591834,75.8150470219436,159.128526645768,35.8056426332288,9498.82131661442,314.025078369906,-124.1065830721,438.131661442006,151.931034482759,-43.6175548589342,202.006269592476,-43.6175548589342,335.141065830721,62.8213166144201,8.33855799373041,60.6175548589342,158.605015673981,29.0031347962382,123.617554858934,29.0031347962382,0.135554605759926,0.0929056865167881
5520,92173,0,0,"LASP",42.8302007,-110.4214479,0,15,4.66666666666667,2440.45,34.4333333333333,0.683964533333333,4.83540372670807,163.968944099379,39.1801242236025,8642.73913043478,231.695652173913,-181.804347826087,413.5,-1.86335403726708,-11.9813664596273,116.350931677019,-104.400621118012,413.605590062112,44.2577639751553,26.6739130434783,15.6521739130435,121.32298136646,89.2360248447205,103.757763975155,107.757763975155,0.164468767298457,0.0667325972658393
5520,92180,0,0,"LASP",42.808569,-107.62286,0,15,58.1150793650794,1930.19047619048,21,0.301541353333333,57.746875,144.009375,33.640625,9456.028125,289.065625,-131.71875,420.784375,101.009375,-61.425,182.45625,-61.425,252.625,44.16875,9.959375,47.034375,108.871875,31.825,71.8625,31.825,0.132397195829735,0.095663445885108
5520,92192,0,0,"LASP",41.5877197,-110.5805959,0,15,36.3625,2139.05,22.1375,0.393199986666667,37.2579617834395,165.171974522293,38.0191082802548,9048.41082802548,273.608280254777,-154.808917197452,428.417197452229,79.9235668789809,-74.5828025477707,154.847133757962,-77.9363057324841,261.977707006369,30.9235668789809,14.3980891719745,23.2643312101911,83.687898089172,47.3726114649682,71.484076433121,47.4044585987261,0.140487365508891,0.0868232601374732
5520,92195,0,0,"LASP",41.7809847,-109.7624669,0,15,41.2361111111111,1995.55555555556,16.8657407407407,0.19653334,42.258785942492,172.380191693291,37.0255591054313,9655.38019169329,286.597444089457,-170.811501597444,457.408945686901,100.712460063898,-83.926517571885,166.345047923323,-83.926517571885,202.773162939297,29.5399361022364,8.59424920127796,36.9009584664537,74.849840255591,27.5527156549521,62.2523961661342,27.5527156549521,0.111233982658302,0.0885079260513289
5520,92198,0,0,"LASP",41.8899757,-108.84019,0,15,44.9561403508772,2109.84210526316,18.6973684210526,0.223940006666667,43.8178913738019,158.431309904153,36.4281150159744,9301.08945686901,278.731629392971,-148.993610223642,427.725239616613,95.2428115015974,-73.7060702875399,165.095846645367,-74.8306709265176,227.722044728434,33.7220447284345,11.7635782747604,31.5303514376997,81.3833865814697,38.5431309904153,63.702875399361,38.5527156549521,0.116179428308714,0.0898323018351405
5520,92202,0,0,"LASP",41.741707,-107.264317,0,15,52.3916666666667,2139.4,22.875,0.315853426666667,52.7165605095541,143.636942675159,35.515923566879,8912.19108280255,278.729299363057,-120.079617834395,398.808917197452,92.6847133757962,-57.6273885350318,170.964968152866,-57.6273885350318,270.62101910828,36.9554140127389,13.6464968152866,29.124203821656,93.1242038216561,43.4140127388535,73.3566878980892,43.4140127388535,0.134180448621751,0.0945300152921337
5520,92206,0,0,"LASP",44.2045607,-105.7138139,0,15,66.7103174603175,1392.90476190476,30.5992063492063,0.416142846666667,66.7423312883436,150.819018404908,34.0030674846626,9591.3527607362,300.312883435583,-137.322085889571,437.634969325153,111.625766871166,-55.079754601227,192.868098159509,-56.1319018404908,367.708588957055,68.4846625766871,11.6748466257669,60.7699386503067,174.51226993865,36.920245398773,133.868098159509,36.920245398773,0.132381129387149,0.0847390115707262
5520,92208,0,0,"LASP",43.9867047,-110.6663889,0,15,1.09166666666667,2386.75,51.7708333333333,0.7535561,1.9601226993865,157.552147239264,38.1533742331288,8601.93251533742,227.230061349693,-180.929447852761,408.159509202454,-89.7822085889571,94.8773006134969,113.322085889571,-106.30981595092,617.659509202454,71.9141104294479,36.9631901840491,20.2239263803681,196.815950920245,120.588957055215,133.070552147239,191.239263803681,0.143692551027395,0.0532710483082174
5520,92212,0,0,"LASP",43.3735217,-106.8654249,0,15,58.234126984127,1817.61904761905,27.4960317460317,0.35950714,57.2830769230769,154.307692307692,35.9169230769231,9050.46461538462,287.818461538462,-135.492307692308,423.310769230769,97.4123076923077,-55.4430769230769,177.781538461538,-55.4430769230769,331.96,56.4430769230769,13.8,46.88,143.538461538462,43.1353846153846,96.32,43.1353846153846,0.129736786264715,0.0874982240003765
5520,92214,0,0,"LASP",43.7595987,-104.5515289,0,15,74.2460317460317,1309.7619047619,30.0714285714286,0.438754853333333,74.4061538461538,156.633846153846,34.9538461538462,9773.01846153846,311.138461538462,-130.575384615385,441.713846153846,173.947692307692,-50.3723076923077,202.843076923077,-50.3723076923077,360.584615384615,65.2738461538462,8.01538461538462,62.8215384615385,174.504615384615,29.92,144.956923076923,29.92,0.141387358473026,0.0894059450230969
5520,92250,0,0,"LASP",44.2694606,-104.1752214,0,15,61.9311594202899,1577,42.518115942029,0.742088346666667,61.4074074074074,136.382716049383,33.6049382716049,9068.04938271605,277.339506172839,-122.425925925926,399.765432098765,123.148148148148,-48.5,181.435185185185,-51.962962962963,514.845679012346,86.7685185185185,17.1697530864198,53.5339506172839,229.962962962963,59.4814814814815,188.820987654321,59.5339506172839,0.183664673407082,0.0790128640705627
5520,92324,0,0,"LASP",41.7025687,-108.42982,0,15,49.287037037037,2091.72222222222,17.7546296296296,0.21092574,49.3653846153846,160.262820512821,37.2371794871795,9151.97115384615,284.746794871795,-140.060897435897,424.807692307692,121.432692307692,-67.2820512820513,169.060897435897,-67.2820512820513,213.173076923077,31.2083333333333,9.81089743589744,34.5160256410256,76.8589743589744,31.5897435897436,63.525641025641,31.5897435897436,0.118719750662234,0.0942904846249072
5520,92424,0,0,"LASP",41.7025687,-108.42982,0,15,49.287037037037,2091.72222222222,17.7546296296296,0.21092574,49.3653846153846,160.262820512821,37.2371794871795,9151.97115384615,284.746794871795,-140.060897435897,424.807692307692,121.432692307692,-67.2820512820513,169.060897435897,-67.2820512820513,213.173076923077,31.2083333333333,9.81089743589744,34.5160256410256,76.8589743589744,31.5897435897436,63.525641025641,31.5897435897436,0.118719750662234,0.0942904846249072
5520,92524,0,0,"LASP",41.7025687,-108.42982,0,15,49.287037037037,2091.72222222222,17.7546296296296,0.21092574,49.3653846153846,160.262820512821,37.2371794871795,9151.97115384615,284.746794871795,-140.060897435897,424.807692307692,121.432692307692,-67.2820512820513,169.060897435897,-67.2820512820513,213.173076923077,31.2083333333333,9.81089743589744,34.5160256410256,76.8589743589744,31.5897435897436,63.525641025641,31.5897435897436,0.118719750662234,0.0942904846249072
